0.000000 0.000000 0.000000 0.000000 0.000000 0.000000 0.000000 0.000000 0.000000 0.000000 0.000000 0.000000 0.000000 0.000000 0.000000 0.000000 0.000000 -0.000000 0.000001 0.000000 0.000000 0.000000 0.000000 0.000000 0.000000 0.000000 0.000000 0.000000 0.000000 0.000000 0.000000 0.000000 0.000000 0.000000 0.000000 
0.000000 0.000000 0.000000 0.000000 0.000000 0.000000 0.000000 0.000000 0.000000 0.000000 0.000000 0.000000 0.000000 0.000008 0.000027 0.000051 0.000077 0.000096 0.000104 0.000096 0.000077 0.000051 0.000027 0.000008 0.000000 0.000000 0.000000 0.000000 0.000000 0.000000 0.000000 0.000000 0.000000 0.000000 0.000000 
0.000000 0.000000 0.000000 0.000000 0.000000 0.000000 0.000000 0.000000 0.000000 0.000000 -0.000000 0.000014 0.000050 0.000110 0.000276 0.000813 0.001668 0.002452 0.002768 0.002452 0.001668 0.000813 0.000276 0.000110 0.000050 0.000014 -0.000000 0.000000 0.000000 0.000000 0.000000 0.000000 0.000000 0.000000 0.000000 
0.000000 0.000000 0.000000 0.000000 0.000000 0.000000 0.000000 0.000000 0.000000 0.000005 0.000032 0.000091 0.000359 0.001524 0.003821 0.006799 0.009741 0.011780 0.012490 0.011780 0.009741 0.006799 0.003821 0.001524 0.000359 0.000091 0.000032 0.000005 0.000000 0.000000 0.000000 0.000000 0.000000 0.000000 0.000000 
0.000000 0.000000 0.000000 0.000000 0.000000 0.000000 0.000000 0.000000 0.000008 0.000043 0.000116 0.000683 0.002676 0.006086 0.010240 0.014038 0.016461 0.017613 0.017954 0.017613 0.016461 0.014038 0.010240 0.006086 0.002676 0.000683 0.000116 0.000043 0.000008 0.000000 0.000000 0.000000 0.000000 0.000000 0.000000 
0.000000 0.000000 0.000000 0.000000 0.000000 0.000000 0.000000 0.000010 0.000042 0.000108 0.000663 0.002774 0.006439 0.010760 0.014460 0.016411 0.017225 0.017545 0.017638 0.017545 0.017225 0.016411 0.014460 0.010760 0.006439 0.002774 0.000663 0.000108 0.000042 0.000010 0.000000 0.000000 0.000000 0.000000 0.000000 
0.000000 0.000000 0.000000 0.000000 0.000000 0.000000 0.000010 0.000036 0.000085 0.000377 0.002061 0.005374 0.009432 0.013169 0.014985 0.015673 0.015914 0.015984 0.015996 0.015984 0.015914 0.015673 0.014985 0.013169 0.009432 0.005374 0.002061 0.000377 0.000085 0.000036 0.000010 0.000000 0.000000 0.000000 0.000000 
0.000000 0.000000 0.000000 0.000000 0.000000 0.000007 0.000025 0.000055 0.000134 0.001085 0.003675 0.007305 0.011113 0.013357 0.014110 0.014350 0.014413 0.014478 0.014513 0.014478 0.014413 0.014350 0.014110 0.013357 0.011113 0.007305 0.003675 0.001085 0.000134 0.000055 0.000025 0.000007 0.000000 0.000000 0.000000 
0.000000 0.000000 0.000000 0.000000 0.000004 0.000012 0.000022 0.000062 0.000072 0.001236 0.003753 0.007055 0.010157 0.011306 0.011902 0.012463 0.013152 0.013569 0.013656 0.013569 0.013152 0.012463 0.011902 0.011306 0.010157 0.007055 0.003753 0.001236 0.000072 0.000062 0.000022 0.000012 0.000004 0.000000 0.000000 
0.000000 0.000000 0.000000 0.000000 0.000002 -0.000006 -0.000119 -0.001020 -0.002207 -0.001765 0.000401 0.003460 0.005706 0.006486 0.007155 0.008184 0.009804 0.011742 0.012811 0.011742 0.009804 0.008184 0.007155 0.006486 0.005706 0.003460 0.000401 -0.001765 -0.002207 -0.001020 -0.000119 -0.000006 0.000002 0.000000 0.000000 
0.000000 0.000000 0.000000 -0.000000 -0.000024 -0.000228 -0.002085 -0.005578 -0.008398 -0.008321 -0.006312 -0.003432 -0.001751 -0.001161 -0.000523 0.000730 0.003093 0.006180 0.007739 0.006180 0.003093 0.000730 -0.000523 -0.001161 -0.001751 -0.003432 -0.006312 -0.008321 -0.008398 -0.005578 -0.002085 -0.000228 -0.000024 -0.000000 0.000000 
0.000000 0.000000 0.000000 -0.000018 -0.000114 -0.002289 -0.007847 -0.014272 -0.017790 -0.017326 -0.013846 -0.009648 -0.007596 -0.007349 -0.007837 -0.008150 -0.006959 -0.005472 -0.005236 -0.005472 -0.006959 -0.008150 -0.007837 -0.007349 -0.007596 -0.009648 -0.013846 -0.017326 -0.017790 -0.014272 -0.007847 -0.002289 -0.000114 -0.000018 0.000000 
0.000000 0.000000 -0.000002 -0.000062 -0.001208 -0.007687 -0.017852 -0.025443 -0.026868 -0.023328 -0.018365 -0.013597 -0.011241 -0.011117 -0.012181 -0.014020 -0.016978 -0.022772 -0.026512 -0.022772 -0.016978 -0.014020 -0.012181 -0.011117 -0.011241 -0.013597 -0.018365 -0.023328 -0.026868 -0.025443 -0.017852 -0.007687 -0.001208 -0.000062 -0.000002 
0.000000 0.000000 -0.000015 -0.000159 -0.004480 -0.016725 -0.029976 -0.034258 -0.032146 -0.027351 -0.022061 -0.017059 -0.014174 -0.014030 -0.015357 -0.018060 -0.026062 -0.041703 -0.050230 -0.041703 -0.026062 -0.018060 -0.015357 -0.014030 -0.014174 -0.017059 -0.022061 -0.027351 -0.032146 -0.034258 -0.029976 -0.016725 -0.004480 -0.000159 -0.000015 
0.000000 0.000000 -0.000038 -0.000658 -0.010010 -0.028234 -0.039591 -0.039162 -0.035463 -0.030693 -0.025629 -0.020789 -0.017285 -0.016826 -0.019055 -0.025217 -0.043733 -0.069970 -0.082416 -0.069970 -0.043733 -0.025217 -0.019055 -0.016826 -0.017285 -0.020789 -0.025629 -0.030693 -0.035463 -0.039162 -0.039591 -0.028234 -0.010010 -0.000658 -0.000038 
0.000000 0.000000 -0.000069 -0.001852 -0.017011 -0.038507 -0.045300 -0.042186 -0.037820 -0.033903 -0.029830 -0.025588 -0.022836 -0.026666 -0.038981 -0.060541 -0.097334 -0.133266 -0.145711 -0.133266 -0.097334 -0.060541 -0.038981 -0.026666 -0.022836 -0.025588 -0.029830 -0.033903 -0.037820 -0.042186 -0.045300 -0.038507 -0.017011 -0.001852 -0.000069 
0.000000 0.000000 -0.000101 -0.003323 -0.023436 -0.045508 -0.048773 -0.044480 -0.039858 -0.036866 -0.034393 -0.033524 -0.040232 -0.057372 -0.083039 -0.113870 -0.156367 -0.191413 -0.200446 -0.191413 -0.156367 -0.113870 -0.083039 -0.057372 -0.040232 -0.033524 -0.034393 -0.036866 -0.039858 -0.044480 -0.048773 -0.045508 -0.023436 -0.003323 -0.000101 
0.000000 -0.000001 -0.000126 -0.004359 -0.027232 -0.049357 -0.051175 -0.046450 -0.041807 -0.039167 -0.040195 -0.050787 -0.070378 -0.095678 -0.118502 -0.139882 -0.171903 -0.199266 -0.205270 -0.199266 -0.171903 -0.139882 -0.118502 -0.095678 -0.070378 -0.050787 -0.040195 -0.039167 -0.041807 -0.046450 -0.051175 -0.049357 -0.027232 -0.004359 -0.000126 
-0.000001 -0.000000 -0.000133 -0.004330 -0.027495 -0.050479 -0.052950 -0.048329 -0.043648 -0.041715 -0.051056 -0.070875 -0.096781 -0.119750 -0.131614 -0.141483 -0.167461 -0.192681 -0.198175 -0.192681 -0.167461 -0.141483 -0.131614 -0.119750 -0.096781 -0.070875 -0.051056 -0.041715 -0.043648 -0.048329 -0.052950 -0.050479 -0.027495 -0.004330 -0.000133 
-0.000000 0.000000 -0.000119 -0.003217 -0.024057 -0.048478 -0.053917 -0.050033 -0.045475 -0.047887 -0.062992 -0.085285 -0.110307 -0.126004 -0.131877 -0.138803 -0.163426 -0.190554 -0.198115 -0.190554 -0.163426 -0.138803 -0.131877 -0.126004 -0.110307 -0.085285 -0.062992 -0.047887 -0.045475 -0.050033 -0.053917 -0.048478 -0.024057 -0.003217 -0.000119 
0.000000 0.000000 -0.000088 -0.001669 -0.017765 -0.042297 -0.053185 -0.051404 -0.047681 -0.055492 -0.072075 -0.094110 -0.113948 -0.122305 -0.126571 -0.132954 -0.155653 -0.185463 -0.197336 -0.185463 -0.155653 -0.132954 -0.126571 -0.122305 -0.113948 -0.094110 -0.072075 -0.055492 -0.047681 -0.051404 -0.053185 -0.042297 -0.017765 -0.001669 -0.000088 
0.000000 0.000000 -0.000049 -0.000606 -0.010605 -0.031691 -0.048494 -0.051467 -0.051139 -0.061744 -0.078400 -0.099178 -0.113214 -0.118076 -0.121882 -0.127540 -0.144841 -0.173068 -0.186727 -0.173068 -0.144841 -0.127540 -0.121882 -0.118076 -0.113214 -0.099178 -0.078400 -0.061744 -0.051139 -0.051467 -0.048494 -0.031691 -0.010605 -0.000606 -0.000049 
0.000000 0.000000 -0.000016 -0.000266 -0.004517 -0.019540 -0.037694 -0.047582 -0.053017 -0.065701 -0.082450 -0.102155 -0.112461 -0.116165 -0.119904 -0.125020 -0.135721 -0.154471 -0.164971 -0.154471 -0.135721 -0.125020 -0.119904 -0.116165 -0.112461 -0.102155 -0.082450 -0.065701 -0.053017 -0.047582 -0.037694 -0.019540 -0.004517 -0.000266 -0.000016 
0.000000 0.000000 0.000000 -0.000131 -0.001111 -0.009066 -0.023616 -0.036594 -0.048243 -0.065672 -0.083971 -0.103685 -0.113065 -0.116364 -0.119552 -0.123014 -0.126262 -0.131596 -0.135703 -0.131596 -0.126262 -0.123014 -0.119552 -0.116364 -0.113065 -0.103685 -0.083971 -0.065672 -0.048243 -0.036594 -0.023616 -0.009066 -0.001111 -0.000131 0.000000 
0.000000 0.000000 0.000000 -0.000041 -0.000307 -0.002526 -0.010703 -0.022420 -0.035584 -0.055630 -0.077551 -0.099838 -0.111650 -0.114644 -0.115746 -0.115649 -0.114028 -0.110642 -0.109395 -0.110642 -0.114028 -0.115649 -0.115746 -0.114644 -0.111650 -0.099838 -0.077551 -0.055630 -0.035584 -0.022420 -0.010703 -0.002526 -0.000307 -0.000041 0.000000 
0.000000 0.000000 0.000000 -0.000000 -0.000121 -0.000470 -0.002819 -0.009171 -0.020098 -0.040195 -0.063700 -0.087314 -0.103528 -0.107297 -0.107620 -0.105889 -0.102683 -0.097283 -0.093239 -0.097283 -0.102683 -0.105889 -0.107620 -0.107297 -0.103528 -0.087314 -0.063700 -0.040195 -0.020098 -0.009171 -0.002819 -0.000470 -0.000121 -0.000000 0.000000 
0.000000 0.000000 0.000000 0.000000 -0.000020 -0.000189 -0.000528 -0.001960 -0.006677 -0.021717 -0.045709 -0.071013 -0.093167 -0.100361 -0.101015 -0.098671 -0.095025 -0.092206 -0.092012 -0.092206 -0.095025 -0.098671 -0.101015 -0.100361 -0.093167 -0.071013 -0.045709 -0.021717 -0.006677 -0.001960 -0.000528 -0.000189 -0.000020 0.000000 0.000000 
0.000000 0.000000 0.000000 0.000000 0.000000 -0.000040 -0.000224 -0.000550 -0.001238 -0.007689 -0.025977 -0.051276 -0.077140 -0.093261 -0.097383 -0.097538 -0.097721 -0.098030 -0.098184 -0.098030 -0.097721 -0.097538 -0.097383 -0.093261 -0.077140 -0.051276 -0.025977 -0.007689 -0.001238 -0.000550 -0.000224 -0.000040 0.000000 0.000000 0.000000 
0.000000 0.000000 0.000000 0.000000 0.000000 0.000000 -0.000053 -0.000238 -0.000580 -0.002274 -0.012246 -0.033393 -0.060248 -0.086200 -0.100709 -0.106218 -0.108128 -0.108799 -0.108938 -0.108799 -0.108128 -0.106218 -0.100709 -0.086200 -0.060248 -0.033393 -0.012246 -0.002274 -0.000580 -0.000238 -0.000053 0.000000 0.000000 0.000000 0.000000 
0.000000 0.000000 0.000000 0.000000 0.000000 0.000000 0.000000 -0.000053 -0.000241 -0.000614 -0.003599 -0.015559 -0.037928 -0.066352 -0.092932 -0.109201 -0.116428 -0.119206 -0.120006 -0.119206 -0.116428 -0.109201 -0.092932 -0.066352 -0.037928 -0.015559 -0.003599 -0.000614 -0.000241 -0.000053 0.000000 0.000000 0.000000 0.000000 0.000000 
0.000000 0.000000 0.000000 0.000000 0.000000 0.000000 0.000000 0.000000 -0.000041 -0.000220 -0.000592 -0.003433 -0.014049 -0.033287 -0.058640 -0.084544 -0.103451 -0.113558 -0.116651 -0.113558 -0.103451 -0.084544 -0.058640 -0.033287 -0.014049 -0.003433 -0.000592 -0.000220 -0.000041 0.000000 0.000000 0.000000 0.000000 0.000000 0.000000 
0.000000 0.000000 0.000000 0.000000 0.000000 0.000000 0.000000 0.000000 0.000000 -0.000022 -0.000151 -0.000421 -0.001583 -0.007249 -0.018909 -0.034560 -0.050814 -0.062721 -0.067009 -0.062721 -0.050814 -0.034560 -0.018909 -0.007249 -0.001583 -0.000421 -0.000151 -0.000022 0.000000 0.000000 0.000000 0.000000 0.000000 0.000000 0.000000 
0.000000 0.000000 0.000000 0.000000 0.000000 0.000000 0.000000 0.000000 0.000000 0.000000 -0.000000 -0.000054 -0.000199 -0.000438 -0.001037 -0.003137 -0.006739 -0.010115 -0.011471 -0.010115 -0.006739 -0.003137 -0.001037 -0.000438 -0.000199 -0.000054 -0.000000 0.000000 0.000000 0.000000 0.000000 0.000000 0.000000 0.000000 0.000000 
0.000000 0.000000 0.000000 0.000000 0.000000 0.000000 0.000000 0.000000 0.000000 0.000000 0.000000 0.000000 0.000000 -0.000026 -0.000091 -0.000177 -0.000264 -0.000331 -0.000355 -0.000331 -0.000264 -0.000177 -0.000091 -0.000026 0.000000 0.000000 0.000000 0.000000 0.000000 0.000000 0.000000 0.000000 0.000000 0.000000 0.000000 
0.000000 0.000000 0.000000 0.000000 0.000000 0.000000 0.000000 0.000000 0.000000 0.000000 0.000000 0.000000 0.000000 0.000000 0.000000 0.000000 0.000000 -0.000000 -0.000002 0.000000 0.000000 0.000000 0.000000 0.000000 0.000000 0.000000 0.000000 0.000000 0.000000 0.000000 0.000000 0.000000 0.000000 0.000000 0.000000 
