0.000000 0.000000 0.000000 0.000000 0.000000 0.000000 0.000000 0.000000 0.000000 0.000000 0.000000 0.000000 0.000000 0.000000 0.000000 0.000000 0.000000 0.000067 -0.000023 0.000045 0.000000 0.000000 0.000000 0.000000 0.000000 0.000000 0.000000 0.000000 0.000000 0.000000 0.000000 0.000000 0.000000 0.000000 0.000000 
0.000000 0.000000 0.000000 0.000000 0.000000 0.000000 0.000000 0.000000 0.000000 0.000000 0.000000 0.000000 0.000000 0.000000 0.000000 0.000000 -0.000048 -0.000110 -0.000070 0.000000 0.000000 0.000000 0.000000 0.000000 0.000000 0.000000 0.000000 0.000000 0.000000 0.000000 0.000000 0.000000 0.000000 0.000000 0.000000 
0.000000 0.000000 0.000000 0.000000 0.000000 0.000000 0.000000 0.000000 0.000000 0.000000 0.000000 0.000000 -0.000667 -0.001427 -0.002103 -0.002615 -0.002881 -0.002789 -0.002412 -0.001918 -0.001453 -0.001001 -0.000516 0.000000 0.000000 0.000000 0.000000 0.000000 0.000000 0.000000 0.000000 0.000000 0.000000 0.000000 0.000000 
0.000000 0.000000 0.000000 0.000000 0.000000 0.000000 0.000000 0.000000 0.000000 -0.000050 -0.001149 -0.002651 -0.004919 -0.017037 -0.046817 -0.071946 -0.080571 -0.073248 -0.057055 -0.040797 -0.025180 -0.009647 -0.002780 -0.001593 -0.000783 -0.000017 0.000000 0.000000 0.000000 0.000000 0.000000 0.000000 0.000000 0.000000 0.000000 
0.000000 0.000000 0.000000 0.000000 0.000000 0.000000 0.000000 0.000000 -0.000583 -0.002357 -0.005009 -0.025554 -0.083921 -0.140177 -0.164664 -0.158655 -0.143209 -0.126710 -0.108607 -0.087544 -0.065559 -0.050061 -0.034394 -0.013261 -0.002733 -0.001436 -0.000395 0.000000 0.000000 0.000000 0.000000 0.000000 0.000000 0.000000 0.000000 
0.000000 0.000000 0.000000 0.000000 0.000000 0.000000 0.000000 -0.000898 -0.003199 -0.007409 -0.049240 -0.132389 -0.193123 -0.199437 -0.179134 -0.177699 -0.190486 -0.198242 -0.191161 -0.165213 -0.124151 -0.082046 -0.062431 -0.049333 -0.024127 -0.004304 -0.001997 -0.000614 0.000000 0.000000 0.000000 0.000000 0.000000 0.000000 0.000000 
0.000000 0.000000 0.000000 0.000000 0.000000 0.000000 -0.001013 -0.003480 -0.007608 -0.051047 -0.147864 -0.215346 -0.208529 -0.171642 -0.175364 -0.189414 -0.200049 -0.209623 -0.217846 -0.220515 -0.206801 -0.167039 -0.110660 -0.075593 -0.058366 -0.026579 -0.004889 -0.002409 -0.000759 0.000000 0.000000 0.000000 0.000000 0.000000 0.000000 
0.000000 0.000000 0.000000 0.000000 0.000000 -0.000925 -0.003353 -0.007129 -0.032736 -0.132113 -0.217998 -0.211404 -0.149873 -0.144504 -0.151688 -0.159521 -0.167981 -0.178639 -0.190037 -0.202058 -0.210398 -0.205675 -0.173327 -0.120398 -0.086557 -0.059709 -0.019605 -0.005201 -0.002628 -0.000803 0.000000 0.000000 0.000000 0.000000 0.000000 
0.000000 0.000000 0.000000 0.000000 -0.000716 -0.002930 -0.006509 -0.014040 -0.092384 -0.210015 -0.237031 -0.164540 -0.126581 -0.124112 -0.123581 -0.129212 -0.138668 -0.149002 -0.160696 -0.174174 -0.192203 -0.217947 -0.226046 -0.196861 -0.149746 -0.109885 -0.056260 -0.011073 -0.005270 -0.002536 -0.000692 0.000000 0.000000 0.000000 0.000000 
0.000000 0.000000 0.000000 -0.000430 -0.002384 -0.005793 -0.018188 -0.052219 -0.167570 -0.244569 -0.202663 -0.110025 -0.101793 -0.102154 -0.107768 -0.114205 -0.118743 -0.128492 -0.143617 -0.180807 -0.216640 -0.242730 -0.255925 -0.248852 -0.211535 -0.177971 -0.128607 -0.056932 -0.020352 -0.005087 -0.002192 -0.000439 0.000000 0.000000 0.000000 
0.000000 0.000000 -0.000022 -0.001682 -0.005049 -0.023316 -0.043066 -0.080931 -0.192043 -0.221149 -0.135412 -0.063598 -0.058303 -0.061610 -0.075088 -0.091583 -0.107145 -0.125029 -0.165947 -0.189005 -0.199364 -0.206854 -0.213790 -0.215462 -0.195759 -0.174804 -0.150658 -0.098697 -0.060466 -0.027539 -0.004560 -0.001547 -0.000034 0.000000 0.000000 
0.000000 0.000000 -0.000854 -0.003441 -0.022688 -0.044838 -0.035719 -0.075088 -0.178750 -0.180012 -0.072347 -0.021285 -0.016978 -0.022971 -0.036387 -0.054414 -0.081404 -0.129582 -0.154882 -0.154557 -0.144110 -0.143224 -0.148472 -0.154541 -0.146404 -0.130751 -0.118420 -0.084585 -0.068023 -0.058411 -0.024841 -0.002931 -0.000756 0.000000 0.000000 
0.000000 0.000000 -0.001974 -0.014147 -0.044896 -0.034300 -0.004538 -0.049033 -0.149226 -0.151685 -0.048666 -0.009018 -0.006822 -0.012452 -0.020820 -0.028497 -0.053867 -0.088821 -0.100391 -0.111020 -0.116224 -0.126134 -0.137556 -0.146051 -0.138795 -0.115085 -0.090849 -0.052575 -0.040890 -0.057448 -0.049602 -0.013348 -0.001554 0.000000 0.000000 
0.000000 -0.000552 -0.003631 -0.036189 -0.045129 -0.000367 0.034325 -0.012032 -0.131223 -0.148330 -0.051206 -0.007520 -0.004469 -0.008879 -0.016018 -0.025200 -0.044701 -0.043179 -0.057159 -0.094523 -0.124662 -0.136694 -0.147883 -0.155850 -0.145423 -0.121484 -0.097367 -0.049566 -0.024731 -0.037717 -0.052189 -0.033981 -0.002619 -0.000412 0.000000 
0.000000 -0.001184 -0.010969 -0.051976 -0.018015 0.042524 0.063114 0.022007 -0.108670 -0.152298 -0.074885 -0.017012 -0.010338 -0.012142 -0.015171 -0.019545 -0.044810 -0.052429 -0.043859 -0.072770 -0.132444 -0.152077 -0.162059 -0.167700 -0.146715 -0.120362 -0.095614 -0.051626 -0.038927 -0.035401 -0.041666 -0.045261 -0.008400 -0.000801 0.000000 
0.000000 -0.001825 -0.027559 -0.054951 0.024520 0.076138 0.075574 0.055319 -0.069564 -0.153457 -0.114900 -0.040923 -0.025940 -0.029624 -0.029734 -0.034117 -0.065097 -0.061837 -0.038997 -0.029846 -0.119108 -0.165289 -0.177858 -0.175326 -0.139081 -0.111902 -0.083707 -0.047864 -0.052705 -0.052678 -0.041656 -0.048463 -0.020813 -0.001136 0.000000 
0.000000 -0.002417 -0.042621 -0.044692 0.063997 0.093006 0.082842 0.066867 -0.010356 -0.128131 -0.154396 -0.096025 -0.082229 -0.089306 -0.066752 -0.090300 -0.131463 -0.112628 -0.084421 -0.035194 -0.096390 -0.160656 -0.179329 -0.164044 -0.122569 -0.095239 -0.064547 -0.051182 -0.061763 -0.069313 -0.055885 -0.052756 -0.030709 -0.001425 0.000000 
-0.000000 -0.002844 -0.052611 -0.026503 0.088277 0.102991 0.088869 0.071387 0.047356 -0.058123 -0.168751 -0.203026 -0.174651 -0.136960 -0.090489 -0.127454 -0.169323 -0.155845 -0.138557 -0.100872 -0.138774 -0.192194 -0.158352 -0.117775 -0.095016 -0.072178 -0.050227 -0.056606 -0.068423 -0.080571 -0.073889 -0.061640 -0.038832 -0.001704 -0.000000 
-0.000124 -0.002949 -0.055504 -0.015213 0.100116 0.109195 0.094422 0.076513 0.061107 0.010161 -0.142976 -0.236030 -0.204035 -0.148223 -0.100220 -0.157993 -0.200091 -0.185400 -0.162556 -0.123293 -0.172250 -0.226450 -0.129915 -0.061071 -0.054885 -0.051834 -0.053502 -0.062445 -0.075205 -0.089067 -0.088007 -0.074203 -0.046660 -0.001920 -0.000042 
0.000000 -0.002710 -0.049666 -0.015620 0.103574 0.115110 0.099761 0.082161 0.059129 -0.013499 -0.065555 -0.097146 -0.114851 -0.129142 -0.130169 -0.196550 -0.235189 -0.209952 -0.176693 -0.118729 -0.133694 -0.149648 -0.087721 -0.037543 -0.027667 -0.051949 -0.060501 -0.068796 -0.082562 -0.097818 -0.096948 -0.088731 -0.050052 -0.001985 0.000000 
0.000000 -0.002198 -0.038403 -0.025649 0.094096 0.118081 0.105012 0.088318 0.027626 -0.034368 -0.026246 0.033151 0.039808 0.012643 -0.010623 -0.095137 -0.156853 -0.121633 -0.058906 0.023985 -0.015266 -0.055312 -0.063119 -0.059666 -0.041169 -0.052624 -0.071984 -0.076071 -0.091315 -0.105939 -0.104879 -0.102383 -0.045629 -0.001841 0.000000 
0.000000 -0.001601 -0.024157 -0.033399 0.064904 0.116178 0.110043 0.089049 0.003975 -0.031762 0.012824 0.075045 0.089965 0.094847 0.093354 0.060627 0.015756 0.046786 0.098405 0.100130 -0.017324 -0.066844 -0.081730 -0.085233 -0.061932 -0.059342 -0.081192 -0.086878 -0.101017 -0.112901 -0.119295 -0.108441 -0.031062 -0.001517 0.000000 
0.000000 -0.001024 -0.009381 -0.034476 0.023086 0.096707 0.111953 0.076291 -0.005609 -0.017800 0.047059 0.093882 0.102078 0.106530 0.107325 0.073662 0.016737 0.028988 0.057188 0.006314 -0.068872 -0.083521 -0.090482 -0.096598 -0.082644 -0.070656 -0.091717 -0.104177 -0.111040 -0.125099 -0.139875 -0.095388 -0.011983 -0.001045 0.000000 
0.000000 -0.000480 -0.002865 -0.026380 -0.012073 0.056314 0.097240 0.065196 -0.005218 -0.002899 0.072096 0.106718 0.113396 0.117304 0.119686 0.100471 0.039924 0.022536 0.000181 -0.058832 -0.091706 -0.095993 -0.101787 -0.108469 -0.102040 -0.087919 -0.106052 -0.120886 -0.127146 -0.155685 -0.138785 -0.060019 -0.003734 -0.000496 0.000000 
0.000000 0.000000 -0.001542 -0.011028 -0.025146 0.009816 0.059196 0.042522 -0.006310 0.006898 0.085659 0.117416 0.124206 0.128162 0.131908 0.132067 0.074661 -0.025086 -0.088378 -0.116482 -0.114666 -0.114446 -0.119070 -0.125656 -0.121873 -0.106624 -0.123432 -0.153340 -0.170013 -0.164188 -0.098369 -0.019322 -0.002053 0.000000 0.000000 
0.000000 0.000000 -0.000691 -0.002441 -0.015672 -0.019733 0.012062 0.008788 -0.034618 -0.011037 0.077002 0.120781 0.130140 0.132858 0.127821 0.113993 0.070383 -0.042278 -0.139245 -0.171246 -0.166945 -0.159158 -0.157573 -0.162144 -0.160314 -0.154781 -0.182497 -0.198354 -0.174812 -0.115139 -0.038160 -0.003880 -0.000883 0.000000 0.000000 
0.000000 0.000000 -0.000025 -0.001246 -0.003419 -0.014947 -0.018919 -0.024670 -0.070521 -0.058180 0.019995 0.082657 0.092652 0.094176 0.083206 0.063091 0.034242 -0.012151 -0.096231 -0.159534 -0.194199 -0.211124 -0.221840 -0.228390 -0.215498 -0.199550 -0.202877 -0.173403 -0.107257 -0.040928 -0.005852 -0.001806 -0.000043 0.000000 0.000000 
0.000000 0.000000 0.000000 -0.000346 -0.001670 -0.003781 -0.011542 -0.029413 -0.089928 -0.107573 -0.051915 0.029565 0.043295 0.044756 0.036246 0.021324 0.007832 -0.003081 -0.021993 -0.078728 -0.136571 -0.178742 -0.204052 -0.213138 -0.182436 -0.156844 -0.132832 -0.075796 -0.026869 -0.006084 -0.002495 -0.000446 0.000000 0.000000 0.000000 
0.000000 0.000000 0.000000 0.000000 -0.000556 -0.002005 -0.004214 -0.008895 -0.058028 -0.118599 -0.107004 -0.035549 0.003848 0.010745 0.011448 0.008225 0.001564 -0.006552 -0.015947 -0.026379 -0.043020 -0.076838 -0.103169 -0.098952 -0.063075 -0.049375 -0.035246 -0.010848 -0.005582 -0.002724 -0.000683 0.000000 0.000000 0.000000 0.000000 
0.000000 0.000000 0.000000 0.000000 0.000000 -0.000688 -0.002273 -0.004580 -0.021502 -0.080899 -0.116775 -0.083443 -0.019590 -0.000895 0.002314 0.000480 -0.004069 -0.011273 -0.019748 -0.029395 -0.038795 -0.046018 -0.044865 -0.013070 -0.003192 -0.015232 -0.011256 -0.004734 -0.002567 -0.000789 0.000000 0.000000 0.000000 0.000000 0.000000 
0.000000 0.000000 0.000000 0.000000 0.000000 0.000000 -0.000749 -0.002328 -0.004851 -0.033487 -0.088277 -0.112089 -0.077670 -0.027777 -0.012012 -0.010751 -0.013460 -0.018842 -0.026008 -0.033561 -0.039626 -0.037194 -0.008682 0.006223 -0.005885 -0.010268 -0.003651 -0.002077 -0.000717 0.000000 0.000000 0.000000 0.000000 0.000000 0.000000 
0.000000 0.000000 0.000000 0.000000 0.000000 0.000000 0.000000 -0.000659 -0.002125 -0.004738 -0.032643 -0.079138 -0.102001 -0.085750 -0.049443 -0.029592 -0.025823 -0.028155 -0.031430 -0.031704 -0.021983 0.001197 0.009841 -0.000577 -0.006942 -0.002577 -0.001478 -0.000549 0.000000 0.000000 0.000000 0.000000 0.000000 0.000000 0.000000 
0.000000 0.000000 0.000000 0.000000 0.000000 0.000000 0.000000 0.000000 -0.000428 -0.001569 -0.003146 -0.017523 -0.052641 -0.078274 -0.080828 -0.066285 -0.051066 -0.038991 -0.027984 -0.013964 0.002225 0.006049 -0.000893 -0.003613 -0.001342 -0.000888 -0.000286 0.000000 0.000000 0.000000 0.000000 0.000000 0.000000 0.000000 0.000000 
0.000000 0.000000 0.000000 0.000000 0.000000 0.000000 0.000000 0.000000 0.000000 -0.000055 -0.000779 -0.001674 -0.003000 -0.011210 -0.028734 -0.038875 -0.037133 -0.025922 -0.011687 -0.003143 -0.001786 -0.001746 -0.000848 -0.000646 -0.000396 -0.000019 0.000000 0.000000 0.000000 0.000000 0.000000 0.000000 0.000000 0.000000 0.000000 
0.000000 0.000000 0.000000 0.000000 0.000000 0.000000 0.000000 0.000000 0.000000 0.000000 0.000000 0.000000 -0.000428 -0.000854 -0.001160 -0.001305 -0.001255 -0.000993 -0.000692 -0.000466 -0.000359 -0.000293 -0.000191 0.000000 0.000000 0.000000 0.000000 0.000000 0.000000 0.000000 0.000000 0.000000 0.000000 0.000000 0.000000 
