-0.000000 -0.000000 -0.000000 -0.000000 -0.000000 -0.000000 -0.000000 -0.000000 -0.000000 -0.000000 -0.000000 -0.000000 -0.000000 -0.000000 -0.000000 -0.000000 -0.000319 -0.000177 -0.000204 -0.000000 -0.000000 -0.000000 -0.000000 -0.000000 -0.000000 -0.000000 -0.000000 -0.000000 -0.000000 -0.000000 -0.000000 -0.000000 -0.000000 -0.000000 -0.000000 
-0.000000 -0.000000 -0.000000 -0.000000 -0.000000 -0.000000 -0.000000 -0.000000 -0.000000 -0.000000 -0.000000 -0.000000 0.000936 0.001707 0.001877 0.001376 0.000215 -0.001267 -0.002349 -0.002601 -0.002179 -0.001426 -0.000610 -0.000000 -0.000000 -0.000000 -0.000000 -0.000000 -0.000000 -0.000000 -0.000000 -0.000000 -0.000000 -0.000000 -0.000000 
-0.000000 -0.000000 -0.000000 -0.000000 -0.000000 -0.000000 -0.000000 -0.000000 -0.000000 0.000178 0.002261 0.004663 0.008176 0.034956 0.096668 0.135848 0.129682 0.082174 0.020367 -0.022954 -0.030978 -0.013920 -0.003912 -0.001963 -0.000770 -0.000053 -0.000000 -0.000000 -0.000000 -0.000000 -0.000000 -0.000000 -0.000000 -0.000000 -0.000000 
-0.000000 -0.000000 -0.000000 -0.000000 -0.000000 -0.000000 -0.000000 -0.000000 0.001351 0.005039 0.010242 0.063754 0.217711 0.372176 0.477495 0.547539 0.596549 0.594399 0.518585 0.361076 0.157200 0.018861 -0.025448 -0.013639 -0.002828 -0.001278 -0.000281 -0.000000 -0.000000 -0.000000 -0.000000 -0.000000 -0.000000 -0.000000 -0.000000 
-0.000000 -0.000000 -0.000000 -0.000000 -0.000000 -0.000000 -0.000000 0.002219 0.007112 0.016563 0.131911 0.368219 0.598386 0.765201 0.851918 0.911928 0.945162 0.962010 0.966983 0.927552 0.765867 0.448013 0.150723 0.010443 -0.012131 -0.002900 -0.001295 -0.000308 -0.000000 -0.000000 -0.000000 -0.000000 -0.000000 -0.000000 -0.000000 
-0.000000 -0.000000 -0.000000 -0.000000 -0.000000 -0.000000 0.002357 0.007840 0.017300 0.139227 0.431639 0.725024 0.826383 0.849392 0.885604 0.905728 0.923290 0.940619 0.956178 0.966952 0.965837 0.880109 0.572551 0.242257 0.042437 -0.004740 -0.002275 -0.001187 -0.000358 -0.000000 -0.000000 -0.000000 -0.000000 -0.000000 -0.000000 
-0.000000 -0.000000 -0.000000 -0.000000 -0.000000 0.001948 0.007339 0.016073 0.087314 0.391094 0.734621 0.828636 0.812734 0.836199 0.848938 0.863067 0.878082 0.896176 0.914310 0.933538 0.947524 0.949446 0.873487 0.544526 0.236777 0.042465 -0.002647 -0.002290 -0.001297 -0.000381 -0.000000 -0.000000 -0.000000 -0.000000 -0.000000 
-0.000000 -0.000000 -0.000000 -0.000000 0.001358 0.005933 0.014109 0.033206 0.261788 0.678020 0.859332 0.827112 0.821069 0.818578 0.814659 0.821707 0.835316 0.852492 0.873031 0.894365 0.911496 0.910068 0.891411 0.733217 0.397654 0.144363 0.007273 -0.005220 -0.003014 -0.001553 -0.000393 -0.000000 -0.000000 -0.000000 -0.000000 
-0.000000 -0.000000 -0.000000 0.000763 0.004288 0.011442 0.035987 0.120727 0.505175 0.835905 0.868578 0.798841 0.801686 0.804962 0.810987 0.810397 0.803681 0.814751 0.836170 0.833060 0.811976 0.793103 0.777237 0.741339 0.449533 0.169369 -0.016917 -0.059780 -0.021996 -0.004153 -0.001705 -0.000316 -0.000000 -0.000000 -0.000000 
-0.000000 -0.000000 0.000057 0.002705 0.008634 0.038751 0.074755 0.200650 0.613185 0.802297 0.739016 0.671939 0.675916 0.690929 0.724964 0.762708 0.793022 0.801779 0.775249 0.738756 0.711693 0.695472 0.691213 0.678326 0.491573 0.188178 -0.029937 -0.143302 -0.105171 -0.039826 -0.004919 -0.001521 0.000064 -0.000000 -0.000000 
-0.000000 -0.000000 0.001305 0.005041 0.030829 0.053944 0.031295 0.160951 0.543810 0.654795 0.545357 0.488769 0.489480 0.507377 0.550631 0.622603 0.716956 0.754854 0.721100 0.691467 0.695951 0.717228 0.736310 0.739800 0.618923 0.288679 0.025679 -0.157694 -0.172974 -0.121890 -0.040619 -0.003754 -0.000845 -0.000000 -0.000000 
-0.000000 -0.000000 0.002627 0.016800 0.033436 -0.020933 -0.116225 0.029003 0.421014 0.560021 0.472356 0.428133 0.422956 0.418945 0.423112 0.464707 0.550897 0.633052 0.706376 0.752140 0.792607 0.829960 0.853897 0.862432 0.776239 0.457426 0.189198 -0.047625 -0.144652 -0.160500 -0.111321 -0.021909 -0.002167 -0.000000 -0.000000 
-0.000000 0.000673 0.004023 0.020944 -0.042282 -0.183424 -0.277799 -0.067912 0.386140 0.553619 0.473167 0.416766 0.411694 0.406757 0.406075 0.440504 0.451172 0.508396 0.678973 0.837840 0.902412 0.936357 0.958144 0.965354 0.872306 0.557642 0.301198 0.099599 0.002820 -0.092225 -0.143376 -0.072656 -0.004397 -0.000600 -0.000000 
-0.000000 0.001193 0.008048 -0.024332 -0.194818 -0.334684 -0.330132 -0.163381 0.322969 0.549416 0.503844 0.422180 0.416460 0.411590 0.424823 0.490176 0.481571 0.485840 0.628139 0.858459 0.998050 1.033772 1.053413 1.056624 0.921184 0.608202 0.368712 0.185108 0.130155 0.065783 -0.072606 -0.112905 -0.015631 -0.001286 -0.000000 
-0.000000 0.001383 0.003830 -0.124778 -0.353159 -0.392366 -0.354262 -0.283051 0.199268 0.525096 0.556130 0.451093 0.433392 0.427857 0.464867 0.544058 0.483902 0.472444 0.528325 0.760325 1.033936 1.113568 1.139792 1.126355 0.912973 0.613780 0.400444 0.249452 0.223120 0.191291 0.078948 -0.097429 -0.042112 -0.001903 -0.000000 
-0.000000 0.001186 -0.025386 -0.250014 -0.444190 -0.421373 -0.377018 -0.332721 -0.006436 0.431011 0.603688 0.530448 0.467369 0.447193 0.531263 0.618000 0.572039 0.544768 0.530376 0.671445 0.958069 1.113488 1.181822 1.133263 0.850149 0.584471 0.405694 0.315804 0.302438 0.279521 0.219306 -0.017597 -0.059615 -0.002247 -0.000000 
-0.000030 0.000571 -0.070833 -0.355754 -0.490822 -0.449774 -0.400833 -0.357599 -0.258870 0.202133 0.558672 0.652132 0.555506 0.504267 0.679180 0.784412 0.749965 0.722097 0.699352 0.771995 1.011468 1.147581 1.139544 0.996038 0.734210 0.539227 0.404322 0.379527 0.372457 0.354936 0.316583 0.077922 -0.053983 -0.002106 -0.000257 
0.000010 -0.000222 -0.109860 -0.419313 -0.524534 -0.476776 -0.428753 -0.385236 -0.343723 -0.150044 0.332264 0.649189 0.684399 0.602487 0.802502 0.931154 0.889183 0.858895 0.819910 0.861476 1.127528 1.240763 1.020571 0.741436 0.581650 0.488644 0.442267 0.439032 0.435345 0.423185 0.390347 0.156818 -0.027063 -0.001339 -0.000055 
-0.000104 -0.000723 -0.120576 -0.443250 -0.559368 -0.511514 -0.460805 -0.417287 -0.375858 -0.295146 -0.087251 0.282265 0.601610 0.727505 0.937046 1.068732 1.019475 0.975473 0.932607 0.967323 1.150614 1.124537 0.807229 0.537831 0.447728 0.460338 0.494655 0.495377 0.494091 0.483996 0.451860 0.199625 0.004621 -0.000269 -0.000107 
-0.000000 -0.000838 -0.098799 -0.420466 -0.591945 -0.548057 -0.497912 -0.454630 -0.384989 -0.309374 -0.285985 -0.201673 0.060498 0.367225 0.775987 1.114492 1.112663 1.017890 0.891100 0.847901 0.950180 0.823325 0.605824 0.448332 0.401862 0.470435 0.535997 0.549917 0.550445 0.539833 0.492969 0.203379 0.022213 0.000599 -0.000000 
-0.000000 -0.000664 -0.055036 -0.345133 -0.601093 -0.588362 -0.539891 -0.491980 -0.396933 -0.337961 -0.339211 -0.343991 -0.317210 -0.226040 0.031091 0.488444 0.643663 0.592946 0.478130 0.494124 0.627295 0.606831 0.535058 0.480892 0.436726 0.488473 0.569700 0.605629 0.604505 0.589807 0.484253 0.176977 0.022360 0.001006 -0.000000 
-0.000000 -0.000392 -0.014922 -0.226504 -0.532427 -0.622123 -0.586245 -0.524839 -0.422586 -0.373771 -0.388844 -0.388431 -0.379719 -0.374240 -0.328517 -0.065358 0.141992 0.149560 0.189637 0.419918 0.622602 0.622669 0.586469 0.545016 0.490721 0.523972 0.607793 0.659150 0.652651 0.604472 0.407698 0.131765 0.010667 0.000949 -0.000000 
-0.000000 -0.000124 -0.002158 -0.104057 -0.366047 -0.583858 -0.626026 -0.561919 -0.463261 -0.424393 -0.443028 -0.440089 -0.435059 -0.434629 -0.431497 -0.282454 -0.017792 0.168687 0.360666 0.605185 0.701990 0.677941 0.643275 0.604131 0.551543 0.568681 0.649841 0.706365 0.669786 0.535438 0.275053 0.073975 0.003798 0.000532 -0.000000 
-0.000000 -0.000000 -0.000738 -0.022124 -0.179741 -0.421196 -0.571234 -0.582262 -0.509369 -0.475827 -0.497754 -0.496262 -0.493412 -0.495178 -0.499219 -0.447884 -0.188420 0.166914 0.517589 0.729712 0.753958 0.729822 0.697124 0.659281 0.608525 0.619235 0.688868 0.695359 0.578951 0.383947 0.146609 0.022356 0.002268 -0.000000 -0.000000 
-0.000000 -0.000000 -0.000203 -0.001662 -0.046699 -0.197619 -0.389224 -0.475940 -0.469183 -0.483232 -0.530586 -0.539064 -0.532675 -0.518284 -0.486364 -0.417858 -0.221122 0.145499 0.480288 0.647511 0.712082 0.729906 0.714740 0.678523 0.616031 0.595868 0.608209 0.561912 0.402147 0.186574 0.048580 0.004467 0.001053 -0.000000 -0.000000 
-0.000000 -0.000000 0.000020 -0.000413 -0.002718 -0.044822 -0.155179 -0.268639 -0.297272 -0.337863 -0.404805 -0.435785 -0.423857 -0.388496 -0.328138 -0.233894 -0.109719 0.085373 0.288423 0.421812 0.508590 0.553803 0.554383 0.523356 0.460087 0.440092 0.432417 0.343801 0.170794 0.053400 0.006737 0.002021 -0.000034 -0.000000 -0.000000 
-0.000000 -0.000000 -0.000000 -0.000015 -0.000493 -0.001750 -0.020590 -0.066474 -0.077935 -0.109404 -0.176291 -0.231478 -0.220055 -0.183109 -0.124939 -0.047540 0.024536 0.039721 0.060990 0.157382 0.243934 0.292080 0.299687 0.271307 0.223711 0.215949 0.191937 0.106399 0.033512 0.007027 0.002696 0.000526 -0.000000 -0.000000 -0.000000 
-0.000000 -0.000000 -0.000000 -0.000000 -0.000053 -0.000146 0.000132 0.001419 0.038610 0.075462 0.047548 -0.012329 -0.026104 -0.003736 0.022093 0.027162 0.024520 0.019721 0.011777 0.000614 -0.006231 0.011409 0.012347 -0.013676 -0.025072 0.008933 0.030655 0.013098 0.006418 0.002909 0.000686 -0.000000 -0.000000 -0.000000 -0.000000 
-0.000000 -0.000000 -0.000000 -0.000000 -0.000000 0.000113 0.000625 0.002166 0.020718 0.086500 0.117047 0.083037 0.031596 0.020841 0.018670 0.014807 0.009919 0.001726 -0.008573 -0.024323 -0.044376 -0.070348 -0.096059 -0.108139 -0.064378 -0.003766 0.010980 0.005446 0.002784 0.000824 -0.000000 -0.000000 -0.000000 -0.000000 -0.000000 
-0.000000 -0.000000 -0.000000 -0.000000 -0.000000 -0.000000 0.000331 0.001501 0.004302 0.038792 0.100858 0.113912 0.067137 0.017537 0.002854 -0.002427 -0.009382 -0.019160 -0.032179 -0.049557 -0.070558 -0.089465 -0.099329 -0.067946 -0.014041 0.008284 0.004442 0.002406 0.000778 -0.000000 -0.000000 -0.000000 -0.000000 -0.000000 -0.000000 
-0.000000 -0.000000 -0.000000 -0.000000 -0.000000 -0.000000 -0.000000 0.000479 0.002165 0.005789 0.042039 0.096941 0.112097 0.071051 0.015489 -0.016337 -0.030133 -0.041502 -0.055376 -0.069396 -0.075895 -0.072810 -0.044661 -0.009768 0.006706 0.003629 0.001975 0.000648 -0.000000 -0.000000 -0.000000 -0.000000 -0.000000 -0.000000 -0.000000 
-0.000000 -0.000000 -0.000000 -0.000000 -0.000000 -0.000000 -0.000000 -0.000000 0.000526 0.002128 0.004791 0.025497 0.072565 0.100632 0.093409 0.061374 0.028434 0.005068 -0.006762 -0.011351 -0.015713 -0.009738 0.002332 0.005883 0.002503 0.001453 0.000413 -0.000000 -0.000000 -0.000000 -0.000000 -0.000000 -0.000000 -0.000000 -0.000000 
-0.000000 -0.000000 -0.000000 -0.000000 -0.000000 -0.000000 -0.000000 -0.000000 -0.000000 0.000009 0.001266 0.002942 0.005559 0.019087 0.047924 0.065828 0.065739 0.052354 0.032985 0.018219 0.009850 0.004817 0.002105 0.001273 0.000634 0.000060 -0.000000 -0.000000 -0.000000 -0.000000 -0.000000 -0.000000 -0.000000 -0.000000 -0.000000 
-0.000000 -0.000000 -0.000000 -0.000000 -0.000000 -0.000000 -0.000000 -0.000000 -0.000000 -0.000000 -0.000000 -0.000000 0.000835 0.001783 0.002616 0.003186 0.003349 0.002985 0.002332 0.001652 0.001083 0.000657 0.000306 -0.000000 -0.000000 -0.000000 -0.000000 -0.000000 -0.000000 -0.000000 -0.000000 -0.000000 -0.000000 -0.000000 -0.000000 
-0.000000 -0.000000 -0.000000 -0.000000 -0.000000 -0.000000 -0.000000 -0.000000 -0.000000 -0.000000 -0.000000 -0.000000 -0.000000 -0.000000 -0.000000 -0.000000 0.000229 0.000104 0.000178 -0.000000 -0.000000 -0.000000 -0.000000 -0.000000 -0.000000 -0.000000 -0.000000 -0.000000 -0.000000 -0.000000 -0.000000 -0.000000 -0.000000 -0.000000 -0.000000 
