0.000000 0.000000 0.000000 0.000000 0.000000 0.000000 0.000000 0.000000 0.000000 0.000000 0.000000 0.000000 0.000000 0.000000 0.000000 0.000000 0.000006 0.000040 0.000006 0.000000 0.000000 0.000000 0.000000 0.000000 0.000000 0.000000 0.000000 0.000000 0.000000 0.000000 0.000000 0.000000 0.000000 0.000000 0.000000 
0.000000 0.000000 0.000000 0.000000 0.000000 0.000000 0.000000 0.000000 0.000000 0.000000 0.000000 0.000000 0.000126 0.000290 0.000473 0.000666 0.000824 0.000887 0.000824 0.000666 0.000473 0.000290 0.000126 0.000000 0.000000 0.000000 0.000000 0.000000 0.000000 0.000000 0.000000 0.000000 0.000000 0.000000 0.000000 
0.000000 0.000000 0.000000 0.000000 0.000000 0.000000 0.000000 0.000000 0.000000 -0.000001 0.000160 0.000398 0.000814 0.003003 0.009272 0.016947 0.023191 0.025678 0.023191 0.016947 0.009272 0.003003 0.000814 0.000398 0.000160 -0.000001 0.000000 0.000000 0.000000 0.000000 0.000000 0.000000 0.000000 0.000000 0.000000 
0.000000 0.000000 0.000000 0.000000 0.000000 0.000000 0.000000 0.000000 0.000058 0.000256 0.000604 0.003476 0.012786 0.026347 0.041037 0.053469 0.060257 0.062337 0.060257 0.053469 0.041037 0.026347 0.012786 0.003476 0.000604 0.000256 0.000058 0.000000 0.000000 0.000000 0.000000 0.000000 0.000000 0.000000 0.000000 
0.000000 0.000000 0.000000 0.000000 0.000000 0.000000 0.000000 0.000074 0.000296 0.000765 0.005763 0.018322 0.035168 0.052607 0.064801 0.069658 0.071294 0.071788 0.071294 0.069658 0.064801 0.052607 0.035168 0.018322 0.005763 0.000765 0.000296 0.000074 0.000000 0.000000 0.000000 0.000000 0.000000 0.000000 0.000000 
0.000000 0.000000 0.000000 0.000000 0.000000 0.000000 0.000078 0.000278 0.000671 0.005210 0.018049 0.035902 0.053891 0.065836 0.069446 0.070949 0.071647 0.071870 0.071647 0.070949 0.069446 0.065836 0.053891 0.035902 0.018049 0.005210 0.000671 0.000278 0.000078 0.000000 0.000000 0.000000 0.000000 0.000000 0.000000 
0.000000 0.000000 0.000000 0.000000 0.000000 0.000068 0.000223 0.000504 0.002802 0.013666 0.030787 0.049029 0.063489 0.067564 0.069402 0.070261 0.070554 0.070626 0.070554 0.070261 0.069402 0.067564 0.063489 0.049029 0.030787 0.013666 0.002802 0.000504 0.000223 0.000068 0.000000 0.000000 0.000000 0.000000 0.000000 
0.000000 0.000000 0.000000 0.000000 0.000043 0.000134 0.000294 0.000717 0.007040 0.021377 0.039055 0.056374 0.063889 0.066691 0.068275 0.068754 0.069052 0.069163 0.069052 0.068754 0.068275 0.066691 0.063889 0.056374 0.039055 0.021377 0.007040 0.000717 0.000294 0.000134 0.000043 0.000000 0.000000 0.000000 0.000000 
0.000000 0.000000 0.000000 0.000015 0.000037 0.000037 -0.000810 -0.002419 0.003209 0.015320 0.030741 0.044425 0.048861 0.053203 0.057830 0.062932 0.066969 0.067807 0.066969 0.062932 0.057830 0.053203 0.048861 0.044425 0.030741 0.015320 0.003209 -0.002419 -0.000810 0.000037 0.000037 0.000015 0.000000 0.000000 0.000000 
0.000000 0.000000 0.000005 -0.000033 -0.000214 -0.003581 -0.012409 -0.021855 -0.020439 -0.011262 0.001967 0.011032 0.015401 0.021534 0.030190 0.040863 0.052419 0.059089 0.052419 0.040863 0.030190 0.021534 0.015401 0.011032 0.001967 -0.011262 -0.020439 -0.021855 -0.012409 -0.003581 -0.000214 -0.000033 0.000005 0.000000 0.000000 
0.000000 0.000000 -0.000049 -0.000267 -0.005170 -0.021072 -0.044073 -0.060018 -0.062523 -0.056660 -0.046050 -0.040207 -0.035972 -0.028724 -0.017306 -0.000730 0.014317 0.018377 0.014317 -0.000730 -0.017306 -0.028724 -0.035972 -0.040207 -0.046050 -0.056660 -0.062523 -0.060018 -0.044073 -0.021072 -0.005170 -0.000267 -0.000049 0.000000 0.000000 
0.000000 0.000000 -0.000213 -0.003273 -0.023794 -0.058872 -0.092053 -0.113464 -0.114668 -0.099776 -0.082422 -0.074750 -0.072423 -0.070973 -0.067914 -0.060776 -0.059971 -0.060968 -0.059971 -0.060776 -0.067914 -0.070973 -0.072423 -0.074750 -0.082422 -0.099776 -0.114668 -0.113464 -0.092053 -0.058872 -0.023794 -0.003273 -0.000213 0.000000 0.000000 
0.000000 -0.000076 -0.000640 -0.016992 -0.059953 -0.111833 -0.146836 -0.151754 -0.139665 -0.122381 -0.104016 -0.095493 -0.093838 -0.094058 -0.096044 -0.114205 -0.154081 -0.175072 -0.154081 -0.114205 -0.096044 -0.094058 -0.093838 -0.095493 -0.104016 -0.122381 -0.139665 -0.151754 -0.146836 -0.111833 -0.059953 -0.016992 -0.000640 -0.000076 0.000000 
0.000000 -0.000227 -0.003500 -0.043374 -0.112597 -0.163851 -0.174918 -0.172981 -0.160265 -0.142843 -0.123960 -0.113366 -0.112325 -0.113894 -0.122609 -0.169332 -0.241602 -0.276187 -0.241602 -0.169332 -0.122609 -0.113894 -0.112325 -0.113366 -0.123960 -0.142843 -0.160265 -0.172981 -0.174918 -0.163851 -0.112597 -0.043374 -0.003500 -0.000227 0.000000 
0.000000 -0.000453 -0.013504 -0.080710 -0.165413 -0.191646 -0.192668 -0.190379 -0.179100 -0.162552 -0.144256 -0.130871 -0.131910 -0.149818 -0.200980 -0.325728 -0.441891 -0.478358 -0.441891 -0.325728 -0.200980 -0.149818 -0.131910 -0.130871 -0.144256 -0.162552 -0.179100 -0.190379 -0.192668 -0.191646 -0.165413 -0.080710 -0.013504 -0.000453 0.000000 
0.000000 -0.000754 -0.028851 -0.122515 -0.199669 -0.208586 -0.207252 -0.204166 -0.197047 -0.183171 -0.167423 -0.168520 -0.215184 -0.303767 -0.446297 -0.627220 -0.751597 -0.776254 -0.751597 -0.627220 -0.446297 -0.303767 -0.215184 -0.168520 -0.167423 -0.183171 -0.197047 -0.204166 -0.207252 -0.208586 -0.199669 -0.122515 -0.028851 -0.000754 0.000000 
-0.000015 -0.001089 -0.044796 -0.154678 -0.219767 -0.222644 -0.220018 -0.216224 -0.213497 -0.205886 -0.221903 -0.289161 -0.398727 -0.525385 -0.679632 -0.842605 -0.916098 -0.924133 -0.916098 -0.842605 -0.679632 -0.525385 -0.398727 -0.289161 -0.221903 -0.205886 -0.213497 -0.216224 -0.220018 -0.222644 -0.219767 -0.154678 -0.044796 -0.001089 -0.000015 
-0.000051 -0.001344 -0.055466 -0.172832 -0.233221 -0.234705 -0.231561 -0.227816 -0.226586 -0.251964 -0.337973 -0.450997 -0.572630 -0.654909 -0.755173 -0.882898 -0.942130 -0.949840 -0.942130 -0.882898 -0.755173 -0.654909 -0.572630 -0.450997 -0.337973 -0.251964 -0.226586 -0.227816 -0.231561 -0.234705 -0.233221 -0.172832 -0.055466 -0.001344 -0.000051 
-0.000032 -0.001407 -0.054760 -0.175783 -0.243246 -0.245397 -0.242625 -0.239230 -0.247415 -0.333243 -0.453391 -0.588506 -0.680494 -0.704302 -0.772433 -0.894330 -0.955249 -0.960570 -0.955249 -0.894330 -0.772433 -0.704302 -0.680494 -0.588506 -0.453391 -0.333243 -0.247415 -0.239230 -0.242625 -0.245397 -0.243246 -0.175783 -0.054760 -0.001407 -0.000032 
0.000000 -0.001266 -0.043359 -0.161177 -0.247219 -0.254528 -0.252790 -0.250749 -0.299400 -0.408426 -0.541158 -0.672005 -0.727617 -0.739150 -0.792493 -0.912059 -0.985422 -0.989798 -0.985422 -0.912059 -0.792493 -0.739150 -0.727617 -0.672005 -0.541158 -0.408426 -0.299400 -0.250749 -0.252790 -0.254528 -0.247219 -0.161177 -0.043359 -0.001266 0.000000 
0.000000 -0.000997 -0.025495 -0.128574 -0.236022 -0.261402 -0.261943 -0.265352 -0.351199 -0.468506 -0.604981 -0.709833 -0.739937 -0.755268 -0.795005 -0.913259 -1.010670 -1.032155 -1.010670 -0.913259 -0.795005 -0.755268 -0.739937 -0.709833 -0.604981 -0.468506 -0.351199 -0.265352 -0.261943 -0.261402 -0.236022 -0.128574 -0.025495 -0.000997 0.000000 
0.000000 -0.000665 -0.008734 -0.086656 -0.196235 -0.257511 -0.268647 -0.290655 -0.390835 -0.513133 -0.648034 -0.724533 -0.745612 -0.759471 -0.782323 -0.873723 -0.988766 -1.033282 -0.988766 -0.873723 -0.782323 -0.759471 -0.745612 -0.724533 -0.648034 -0.513133 -0.390835 -0.290655 -0.268647 -0.257511 -0.196235 -0.086656 -0.008734 -0.000665 0.000000 
0.000000 -0.000312 -0.002377 -0.044553 -0.134057 -0.220392 -0.264703 -0.309475 -0.416041 -0.540860 -0.673615 -0.732763 -0.751284 -0.763778 -0.775235 -0.828846 -0.926063 -0.970654 -0.926063 -0.828846 -0.775235 -0.763778 -0.751284 -0.732763 -0.673615 -0.540860 -0.416041 -0.309475 -0.264703 -0.220392 -0.134057 -0.044553 -0.002377 -0.000312 0.000000 
0.000000 0.000000 -0.001249 -0.012710 -0.072001 -0.156163 -0.218969 -0.296782 -0.423893 -0.552090 -0.684033 -0.738473 -0.755919 -0.766973 -0.772373 -0.780280 -0.817991 -0.841962 -0.817991 -0.780280 -0.772373 -0.766973 -0.755919 -0.738473 -0.684033 -0.552090 -0.423893 -0.296782 -0.218969 -0.156163 -0.072001 -0.012710 -0.001249 0.000000 0.000000 
0.000000 0.000000 -0.000549 -0.002392 -0.024109 -0.080613 -0.150249 -0.231887 -0.370985 -0.517293 -0.660808 -0.726733 -0.742036 -0.743536 -0.732070 -0.708207 -0.689955 -0.694666 -0.689955 -0.708207 -0.732070 -0.743536 -0.742036 -0.726733 -0.660808 -0.517293 -0.370985 -0.231887 -0.150249 -0.080613 -0.024109 -0.002392 -0.000549 0.000000 0.000000 
0.000000 0.000000 -0.000010 -0.001128 -0.003542 -0.024691 -0.069745 -0.144619 -0.282157 -0.431374 -0.575852 -0.662947 -0.678626 -0.677578 -0.661264 -0.632890 -0.592146 -0.563134 -0.592146 -0.632890 -0.661264 -0.677578 -0.678626 -0.662947 -0.575852 -0.431374 -0.282157 -0.144619 -0.069745 -0.024691 -0.003542 -0.001128 -0.000010 0.000000 0.000000 
0.000000 0.000000 0.000000 -0.000287 -0.001522 -0.003783 -0.016150 -0.053116 -0.165191 -0.317875 -0.464260 -0.583089 -0.604709 -0.604386 -0.588227 -0.559810 -0.528166 -0.521094 -0.528166 -0.559810 -0.588227 -0.604386 -0.604709 -0.583089 -0.464260 -0.317875 -0.165191 -0.053116 -0.016150 -0.003783 -0.001522 -0.000287 0.000000 0.000000 0.000000 
0.000000 0.000000 0.000000 0.000000 -0.000437 -0.001737 -0.003910 -0.009115 -0.062580 -0.187823 -0.330918 -0.466558 -0.525252 -0.530254 -0.524267 -0.523720 -0.524719 -0.525078 -0.524719 -0.523720 -0.524267 -0.530254 -0.525252 -0.466558 -0.330918 -0.187823 -0.062580 -0.009115 -0.003910 -0.001737 -0.000437 0.000000 0.000000 0.000000 0.000000 
0.000000 0.000000 0.000000 0.000000 0.000000 -0.000524 -0.001860 -0.004121 -0.019757 -0.095800 -0.225256 -0.359775 -0.475066 -0.511126 -0.523900 -0.530281 -0.533221 -0.533940 -0.533221 -0.530281 -0.523900 -0.511126 -0.475066 -0.359775 -0.225256 -0.095800 -0.019757 -0.004121 -0.001860 -0.000524 0.000000 0.000000 0.000000 0.000000 0.000000 
0.000000 0.000000 0.000000 0.000000 0.000000 0.000000 -0.000534 -0.001882 -0.004415 -0.033484 -0.119726 -0.250971 -0.386282 -0.487151 -0.522534 -0.533985 -0.539401 -0.541356 -0.539401 -0.533985 -0.522534 -0.487151 -0.386282 -0.250971 -0.119726 -0.033484 -0.004415 -0.001882 -0.000534 0.000000 0.000000 0.000000 0.000000 0.000000 0.000000 
0.000000 0.000000 0.000000 0.000000 0.000000 0.000000 0.000000 -0.000467 -0.001780 -0.004516 -0.034981 -0.114240 -0.228977 -0.361387 -0.466089 -0.516569 -0.534138 -0.538110 -0.534138 -0.516569 -0.466089 -0.361387 -0.228977 -0.114240 -0.034981 -0.004516 -0.001780 -0.000467 0.000000 0.000000 0.000000 0.000000 0.000000 0.000000 0.000000 
0.000000 0.000000 0.000000 0.000000 0.000000 0.000000 0.000000 0.000000 -0.000330 -0.001416 -0.003267 -0.019468 -0.074276 -0.156373 -0.250217 -0.337184 -0.390659 -0.408213 -0.390659 -0.337184 -0.250217 -0.156373 -0.074276 -0.019468 -0.003267 -0.001416 -0.000330 0.000000 0.000000 0.000000 0.000000 0.000000 0.000000 0.000000 0.000000 
0.000000 0.000000 0.000000 0.000000 0.000000 0.000000 0.000000 0.000000 0.000000 -0.000005 -0.000756 -0.001863 -0.003827 -0.015178 -0.048243 -0.089168 -0.122877 -0.136481 -0.122877 -0.089168 -0.048243 -0.015178 -0.003827 -0.001863 -0.000756 -0.000005 0.000000 0.000000 0.000000 0.000000 0.000000 0.000000 0.000000 0.000000 0.000000 
0.000000 0.000000 0.000000 0.000000 0.000000 0.000000 0.000000 0.000000 0.000000 0.000000 0.000000 0.000000 -0.000514 -0.001183 -0.001920 -0.002688 -0.003320 -0.003575 -0.003320 -0.002688 -0.001920 -0.001183 -0.000514 0.000000 0.000000 0.000000 0.000000 0.000000 0.000000 0.000000 0.000000 0.000000 0.000000 0.000000 0.000000 
0.000000 0.000000 0.000000 0.000000 0.000000 0.000000 0.000000 0.000000 0.000000 0.000000 0.000000 0.000000 0.000000 0.000000 0.000000 0.000000 -0.000053 -0.000141 -0.000053 0.000000 0.000000 0.000000 0.000000 0.000000 0.000000 0.000000 0.000000 0.000000 0.000000 0.000000 0.000000 0.000000 0.000000 0.000000 0.000000 
