-0.000000 -0.000000 -0.000000 -0.000000 -0.000000 -0.000000 -0.000000 -0.000000 -0.000000 -0.000000 -0.000000 -0.000000 -0.000000 -0.000000 -0.000000 -0.000000 0.000023 0.000051 0.000023 -0.000000 -0.000000 -0.000000 -0.000000 -0.000000 -0.000000 -0.000000 -0.000000 -0.000000 -0.000000 -0.000000 -0.000000 -0.000000 -0.000000 -0.000000 -0.000000 
-0.000000 -0.000000 -0.000000 -0.000000 -0.000000 -0.000000 -0.000000 -0.000000 -0.000000 -0.000000 -0.000000 -0.000000 0.000194 0.000446 0.000725 0.001010 0.001248 0.001344 0.001248 0.001010 0.000725 0.000446 0.000194 -0.000000 -0.000000 -0.000000 -0.000000 -0.000000 -0.000000 -0.000000 -0.000000 -0.000000 -0.000000 -0.000000 -0.000000 
-0.000000 -0.000000 -0.000000 -0.000000 -0.000000 -0.000000 -0.000000 -0.000000 -0.000000 0.000003 0.000299 0.000731 0.001508 0.006117 0.019500 0.036105 0.049778 0.055466 0.049778 0.036105 0.019500 0.006117 0.001508 0.000731 0.000299 0.000003 -0.000000 -0.000000 -0.000000 -0.000000 -0.000000 -0.000000 -0.000000 -0.000000 -0.000000 
-0.000000 -0.000000 -0.000000 -0.000000 -0.000000 -0.000000 -0.000000 -0.000000 0.000136 0.000581 0.001330 0.007992 0.030773 0.065015 0.104642 0.141846 0.165230 0.172832 0.165230 0.141846 0.104642 0.065015 0.030773 0.007992 0.001330 0.000581 0.000136 -0.000000 -0.000000 -0.000000 -0.000000 -0.000000 -0.000000 -0.000000 -0.000000 
-0.000000 -0.000000 -0.000000 -0.000000 -0.000000 -0.000000 -0.000000 0.000197 0.000742 0.001878 0.014639 0.047897 0.097005 0.154416 0.200717 0.223444 0.231506 0.233221 0.231506 0.223444 0.200717 0.154416 0.097005 0.047897 0.014639 0.001878 0.000742 0.000197 -0.000000 -0.000000 -0.000000 -0.000000 -0.000000 -0.000000 -0.000000 
-0.000000 -0.000000 -0.000000 -0.000000 -0.000000 -0.000000 0.000228 0.000802 0.001873 0.014136 0.050842 0.107517 0.166113 0.210681 0.226524 0.231557 0.234021 0.234705 0.234021 0.231557 0.226524 0.210681 0.166113 0.107517 0.050842 0.014136 0.001873 0.000802 0.000228 -0.000000 -0.000000 -0.000000 -0.000000 -0.000000 -0.000000 
-0.000000 -0.000000 -0.000000 -0.000000 -0.000000 0.000228 0.000819 0.001808 0.008480 0.041077 0.097161 0.155511 0.205770 0.221783 0.227305 0.230021 0.231322 0.231561 0.231322 0.230021 0.227305 0.221783 0.205770 0.155511 0.097161 0.041077 0.008480 0.001808 0.000819 0.000228 -0.000000 -0.000000 -0.000000 -0.000000 -0.000000 
-0.000000 -0.000000 -0.000000 -0.000000 0.000197 0.000802 0.001808 0.004199 0.027767 0.083237 0.145953 0.205123 0.230614 0.231818 0.227866 0.227458 0.227727 0.227816 0.227727 0.227458 0.227866 0.231818 0.230614 0.205123 0.145953 0.083237 0.027767 0.004199 0.001808 0.000802 0.000197 -0.000000 -0.000000 -0.000000 -0.000000 
-0.000000 -0.000000 -0.000000 0.000136 0.000742 0.001872 0.008477 0.027770 0.080991 0.151298 0.216754 0.269280 0.277853 0.275550 0.265149 0.248223 0.230456 0.226586 0.230456 0.248223 0.265149 0.275550 0.277853 0.269280 0.216754 0.151298 0.080991 0.027770 0.008477 0.001872 0.000742 0.000136 -0.000000 -0.000000 -0.000000 
-0.000000 -0.000000 0.000003 0.000580 0.001875 0.014137 0.041067 0.083223 0.151278 0.221318 0.286977 0.325933 0.331620 0.327988 0.315529 0.295798 0.269565 0.251964 0.269565 0.295798 0.315529 0.327988 0.331620 0.325933 0.286977 0.221318 0.151278 0.083223 0.041067 0.014137 0.001875 0.000580 0.000003 -0.000000 -0.000000 
-0.000000 -0.000000 0.000298 0.001331 0.014609 0.050839 0.097235 0.145931 0.216759 0.286942 0.353429 0.383228 0.388816 0.385997 0.374619 0.354290 0.337647 0.337973 0.337647 0.354290 0.374619 0.385997 0.388816 0.383228 0.353429 0.286942 0.216759 0.145931 0.097235 0.050839 0.014609 0.001331 0.000298 -0.000000 -0.000000 
-0.000000 -0.000000 0.000732 0.007996 0.047959 0.107535 0.155373 0.205092 0.269332 0.325958 0.383470 0.406612 0.414128 0.418950 0.420352 0.420263 0.438833 0.450997 0.438833 0.420263 0.420352 0.418950 0.414128 0.406612 0.383470 0.325958 0.269332 0.205092 0.155373 0.107535 0.047959 0.007996 0.000732 -0.000000 -0.000000 
-0.000000 0.000194 0.001507 0.030745 0.096905 0.166196 0.205789 0.230682 0.277924 0.331613 0.389004 0.414171 0.422561 0.428968 0.435923 0.471401 0.539611 0.572630 0.539611 0.471401 0.435923 0.428968 0.422561 0.414171 0.389004 0.331613 0.277924 0.230682 0.205789 0.166196 0.096905 0.030745 0.001507 0.000194 -0.000000 
-0.000000 0.000447 0.006088 0.065013 0.154390 0.210658 0.221781 0.231781 0.275592 0.328022 0.386130 0.418973 0.428918 0.436682 0.452543 0.521458 0.614844 0.654909 0.614844 0.521458 0.452543 0.436682 0.428918 0.418973 0.386130 0.328022 0.275592 0.231781 0.221781 0.210658 0.154390 0.065013 0.006088 0.000447 -0.000000 
-0.000000 0.000723 0.019485 0.104590 0.200644 0.226544 0.227249 0.227996 0.265199 0.315537 0.374688 0.420143 0.435640 0.452466 0.497992 0.619395 0.726033 0.755173 0.726033 0.619395 0.497992 0.452466 0.435640 0.420143 0.374688 0.315537 0.265199 0.227996 0.227249 0.226544 0.200644 0.104590 0.019485 0.000723 -0.000000 
-0.000000 0.001011 0.036110 0.141858 0.223456 0.231518 0.230010 0.227483 0.248439 0.296013 0.354468 0.420528 0.471525 0.521528 0.619493 0.769640 0.868467 0.882898 0.868467 0.769640 0.619493 0.521528 0.471525 0.420528 0.354468 0.296013 0.248439 0.227483 0.230010 0.231518 0.223456 0.141858 0.036110 0.001011 -0.000000 
0.000023 0.001248 0.049843 0.165201 0.231422 0.233877 0.231333 0.227833 0.230598 0.269864 0.337819 0.438981 0.540072 0.615184 0.726281 0.868510 0.935673 0.942130 0.935673 0.868510 0.726281 0.615184 0.540072 0.438981 0.337819 0.269864 0.230598 0.227833 0.231333 0.233877 0.231422 0.165201 0.049843 0.001248 0.000023 
0.000051 0.001344 0.055401 0.172938 0.233161 0.234743 0.231657 0.227957 0.226644 0.252022 0.338144 0.451465 0.572863 0.654735 0.755257 0.883026 0.942352 0.949840 0.942352 0.883026 0.755257 0.654735 0.572863 0.451465 0.338144 0.252022 0.226644 0.227957 0.231657 0.234743 0.233161 0.172938 0.055401 0.001344 0.000051 
0.000023 0.001248 0.049843 0.165201 0.231422 0.233877 0.231333 0.227833 0.230598 0.269864 0.337819 0.438981 0.540072 0.615184 0.726281 0.868510 0.935673 0.942130 0.935673 0.868510 0.726281 0.615184 0.540072 0.438981 0.337819 0.269864 0.230598 0.227833 0.231333 0.233877 0.231422 0.165201 0.049843 0.001248 0.000023 
-0.000000 0.001011 0.036110 0.141858 0.223456 0.231518 0.230010 0.227483 0.248439 0.296013 0.354468 0.420528 0.471525 0.521528 0.619493 0.769640 0.868467 0.882898 0.868467 0.769640 0.619493 0.521528 0.471525 0.420528 0.354468 0.296013 0.248439 0.227483 0.230010 0.231518 0.223456 0.141858 0.036110 0.001011 -0.000000 
-0.000000 0.000723 0.019485 0.104590 0.200644 0.226544 0.227249 0.227996 0.265199 0.315537 0.374688 0.420143 0.435640 0.452466 0.497992 0.619395 0.726033 0.755173 0.726033 0.619395 0.497992 0.452466 0.435640 0.420143 0.374688 0.315537 0.265199 0.227996 0.227249 0.226544 0.200644 0.104590 0.019485 0.000723 -0.000000 
-0.000000 0.000447 0.006088 0.065013 0.154390 0.210658 0.221781 0.231781 0.275592 0.328022 0.386130 0.418973 0.428918 0.436682 0.452543 0.521458 0.614844 0.654909 0.614844 0.521458 0.452543 0.436682 0.428918 0.418973 0.386130 0.328022 0.275592 0.231781 0.221781 0.210658 0.154390 0.065013 0.006088 0.000447 -0.000000 
-0.000000 0.000194 0.001507 0.030745 0.096905 0.166196 0.205789 0.230682 0.277924 0.331613 0.389004 0.414171 0.422561 0.428968 0.435923 0.471401 0.539611 0.572630 0.539611 0.471401 0.435923 0.428968 0.422561 0.414171 0.389004 0.331613 0.277924 0.230682 0.205789 0.166196 0.096905 0.030745 0.001507 0.000194 -0.000000 
-0.000000 -0.000000 0.000732 0.007996 0.047959 0.107535 0.155373 0.205092 0.269332 0.325958 0.383470 0.406612 0.414128 0.418950 0.420352 0.420263 0.438833 0.450997 0.438833 0.420263 0.420352 0.418950 0.414128 0.406612 0.383470 0.325958 0.269332 0.205092 0.155373 0.107535 0.047959 0.007996 0.000732 -0.000000 -0.000000 
-0.000000 -0.000000 0.000298 0.001331 0.014609 0.050839 0.097235 0.145931 0.216759 0.286942 0.353429 0.383228 0.388816 0.385997 0.374619 0.354290 0.337647 0.337973 0.337647 0.354290 0.374619 0.385997 0.388816 0.383228 0.353429 0.286942 0.216759 0.145931 0.097235 0.050839 0.014609 0.001331 0.000298 -0.000000 -0.000000 
-0.000000 -0.000000 0.000003 0.000580 0.001875 0.014137 0.041067 0.083223 0.151278 0.221318 0.286977 0.325933 0.331620 0.327988 0.315529 0.295798 0.269565 0.251964 0.269565 0.295798 0.315529 0.327988 0.331620 0.325933 0.286977 0.221318 0.151278 0.083223 0.041067 0.014137 0.001875 0.000580 0.000003 -0.000000 -0.000000 
-0.000000 -0.000000 -0.000000 0.000136 0.000742 0.001872 0.008477 0.027770 0.080991 0.151298 0.216754 0.269280 0.277853 0.275550 0.265149 0.248223 0.230456 0.226586 0.230456 0.248223 0.265149 0.275550 0.277853 0.269280 0.216754 0.151298 0.080991 0.027770 0.008477 0.001872 0.000742 0.000136 -0.000000 -0.000000 -0.000000 
-0.000000 -0.000000 -0.000000 -0.000000 0.000197 0.000802 0.001808 0.004199 0.027767 0.083237 0.145953 0.205123 0.230614 0.231818 0.227866 0.227458 0.227727 0.227816 0.227727 0.227458 0.227866 0.231818 0.230614 0.205123 0.145953 0.083237 0.027767 0.004199 0.001808 0.000802 0.000197 -0.000000 -0.000000 -0.000000 -0.000000 
-0.000000 -0.000000 -0.000000 -0.000000 -0.000000 0.000228 0.000819 0.001808 0.008480 0.041077 0.097161 0.155511 0.205770 0.221783 0.227305 0.230021 0.231322 0.231561 0.231322 0.230021 0.227305 0.221783 0.205770 0.155511 0.097161 0.041077 0.008480 0.001808 0.000819 0.000228 -0.000000 -0.000000 -0.000000 -0.000000 -0.000000 
-0.000000 -0.000000 -0.000000 -0.000000 -0.000000 -0.000000 0.000228 0.000802 0.001873 0.014136 0.050842 0.107517 0.166113 0.210681 0.226524 0.231557 0.234021 0.234705 0.234021 0.231557 0.226524 0.210681 0.166113 0.107517 0.050842 0.014136 0.001873 0.000802 0.000228 -0.000000 -0.000000 -0.000000 -0.000000 -0.000000 -0.000000 
-0.000000 -0.000000 -0.000000 -0.000000 -0.000000 -0.000000 -0.000000 0.000197 0.000742 0.001878 0.014639 0.047897 0.097005 0.154416 0.200717 0.223444 0.231506 0.233221 0.231506 0.223444 0.200717 0.154416 0.097005 0.047897 0.014639 0.001878 0.000742 0.000197 -0.000000 -0.000000 -0.000000 -0.000000 -0.000000 -0.000000 -0.000000 
-0.000000 -0.000000 -0.000000 -0.000000 -0.000000 -0.000000 -0.000000 -0.000000 0.000136 0.000581 0.001330 0.007992 0.030773 0.065015 0.104642 0.141846 0.165230 0.172832 0.165230 0.141846 0.104642 0.065015 0.030773 0.007992 0.001330 0.000581 0.000136 -0.000000 -0.000000 -0.000000 -0.000000 -0.000000 -0.000000 -0.000000 -0.000000 
-0.000000 -0.000000 -0.000000 -0.000000 -0.000000 -0.000000 -0.000000 -0.000000 -0.000000 0.000003 0.000299 0.000731 0.001508 0.006117 0.019500 0.036105 0.049778 0.055466 0.049778 0.036105 0.019500 0.006117 0.001508 0.000731 0.000299 0.000003 -0.000000 -0.000000 -0.000000 -0.000000 -0.000000 -0.000000 -0.000000 -0.000000 -0.000000 
-0.000000 -0.000000 -0.000000 -0.000000 -0.000000 -0.000000 -0.000000 -0.000000 -0.000000 -0.000000 -0.000000 -0.000000 0.000194 0.000446 0.000725 0.001010 0.001248 0.001344 0.001248 0.001010 0.000725 0.000446 0.000194 -0.000000 -0.000000 -0.000000 -0.000000 -0.000000 -0.000000 -0.000000 -0.000000 -0.000000 -0.000000 -0.000000 -0.000000 
-0.000000 -0.000000 -0.000000 -0.000000 -0.000000 -0.000000 -0.000000 -0.000000 -0.000000 -0.000000 -0.000000 -0.000000 -0.000000 -0.000000 -0.000000 -0.000000 0.000023 0.000051 0.000023 -0.000000 -0.000000 -0.000000 -0.000000 -0.000000 -0.000000 -0.000000 -0.000000 -0.000000 -0.000000 -0.000000 -0.000000 -0.000000 -0.000000 -0.000000 -0.000000 
