-0.000000 -0.000000 -0.000000 -0.000000 -0.000000 -0.000000 -0.000000 -0.000000 -0.000000 -0.000000 -0.000000 -0.000000 -0.000000 -0.000000 -0.000000 -0.000000 0.000116 0.000133 0.000135 -0.000000 -0.000000 -0.000000 -0.000000 -0.000000 -0.000000 -0.000000 -0.000000 -0.000000 -0.000000 -0.000000 -0.000000 -0.000000 -0.000000 -0.000000 -0.000000 
-0.000000 -0.000000 -0.000000 -0.000000 -0.000000 -0.000000 -0.000000 -0.000000 -0.000000 -0.000000 -0.000000 -0.000000 0.001135 0.002462 0.003705 0.004749 0.005330 0.005134 0.004196 0.002985 0.001898 0.001054 0.000431 -0.000000 -0.000000 -0.000000 -0.000000 -0.000000 -0.000000 -0.000000 -0.000000 -0.000000 -0.000000 -0.000000 -0.000000 
-0.000000 -0.000000 -0.000000 -0.000000 -0.000000 -0.000000 -0.000000 -0.000000 -0.000000 0.000065 0.001964 0.004544 0.009048 0.038998 0.120150 0.204607 0.256392 0.258133 0.209874 0.137860 0.066757 0.017904 0.003399 0.001414 0.000531 -0.000012 -0.000000 -0.000000 -0.000000 -0.000000 -0.000000 -0.000000 -0.000000 -0.000000 -0.000000 
-0.000000 -0.000000 -0.000000 -0.000000 -0.000000 -0.000000 -0.000000 -0.000000 0.000953 0.003926 0.008726 0.057366 0.210450 0.400732 0.573355 0.700720 0.765877 0.769130 0.712291 0.590595 0.411060 0.236172 0.101439 0.022377 0.002347 0.000849 0.000169 -0.000000 -0.000000 -0.000000 -0.000000 -0.000000 -0.000000 -0.000000 -0.000000 
-0.000000 -0.000000 -0.000000 -0.000000 -0.000000 -0.000000 -0.000000 0.001410 0.004964 0.012733 0.110851 0.334841 0.592622 0.812443 0.931429 0.968127 0.970217 0.960468 0.944521 0.906790 0.805343 0.597003 0.354925 0.163454 0.043595 0.002997 0.000760 0.000145 -0.000000 -0.000000 -0.000000 -0.000000 -0.000000 -0.000000 -0.000000 
-0.000000 -0.000000 -0.000000 -0.000000 -0.000000 -0.000000 0.001325 0.004850 0.011819 0.110398 0.368515 0.668756 0.862037 0.942547 0.952465 0.943131 0.931369 0.920434 0.909936 0.898340 0.881023 0.821976 0.631051 0.386827 0.172378 0.040659 0.001588 0.000168 -0.000069 -0.000000 -0.000000 -0.000000 -0.000000 -0.000000 -0.000000 
-0.000000 -0.000000 -0.000000 -0.000000 -0.000000 0.000933 0.003899 0.009423 0.063864 0.312713 0.637142 0.836311 0.920534 0.924184 0.909553 0.893801 0.879506 0.868796 0.860048 0.853529 0.845267 0.831149 0.777467 0.571593 0.340010 0.133088 0.018478 -0.000532 -0.000732 -0.000322 -0.000000 -0.000000 -0.000000 -0.000000 -0.000000 
-0.000000 -0.000000 -0.000000 -0.000000 0.000495 0.002567 0.006880 0.018290 0.185241 0.519702 0.759961 0.870399 0.887993 0.876958 0.864372 0.847617 0.832790 0.821552 0.814157 0.808691 0.796119 0.757917 0.717335 0.615069 0.404516 0.208033 0.051272 -0.002965 -0.002543 -0.001525 -0.000452 -0.000000 -0.000000 -0.000000 -0.000000 
-0.000000 -0.000000 -0.000000 0.000236 0.001426 0.004250 0.007276 0.038532 0.300438 0.599158 0.761148 0.814666 0.803379 0.789723 0.784480 0.787783 0.791415 0.782408 0.760482 0.688046 0.622593 0.580340 0.553376 0.520333 0.344111 0.151491 -0.004510 -0.065514 -0.025822 -0.004314 -0.001824 -0.000342 -0.000000 -0.000000 -0.000000 
-0.000000 -0.000000 0.000010 0.000692 0.002185 -0.001428 -0.020871 0.036284 0.347740 0.595844 0.711164 0.726774 0.708459 0.692017 0.689114 0.699649 0.722115 0.707417 0.616030 0.550620 0.529318 0.528860 0.532509 0.519539 0.393605 0.176679 -0.027508 -0.165112 -0.126528 -0.045592 -0.005019 -0.001489 -0.000014 -0.000000 -0.000000 
-0.000000 -0.000000 0.000295 0.000943 -0.005677 -0.041582 -0.092689 0.001886 0.323551 0.543806 0.634970 0.633384 0.610857 0.591178 0.583433 0.595725 0.592728 0.540247 0.535056 0.570753 0.628826 0.681994 0.710437 0.707534 0.608765 0.364822 0.108590 -0.122036 -0.195044 -0.134294 -0.043477 -0.003365 -0.000688 -0.000000 -0.000000 
-0.000000 -0.000000 0.000430 -0.002732 -0.046027 -0.126344 -0.191895 -0.071757 0.260409 0.495577 0.595166 0.593282 0.566900 0.535229 0.506116 0.474222 0.402723 0.433196 0.604382 0.762715 0.836673 0.860469 0.862967 0.851976 0.777263 0.563401 0.341501 0.084880 -0.092347 -0.159608 -0.108183 -0.020825 -0.001520 -0.000000 -0.000000 
-0.000000 0.000101 0.000175 -0.029790 -0.130027 -0.240938 -0.292261 -0.136932 0.223471 0.472025 0.580966 0.582682 0.556754 0.523959 0.486486 0.391470 0.318450 0.469598 0.719118 0.889341 0.939155 0.945941 0.943277 0.929497 0.846589 0.633020 0.422321 0.231621 0.125176 -0.025088 -0.112979 -0.061508 -0.002616 -0.000268 -0.000000 
-0.000000 0.000052 -0.003887 -0.090387 -0.251493 -0.342490 -0.327999 -0.208201 0.158681 0.431881 0.566988 0.583479 0.559805 0.527669 0.476402 0.382789 0.428632 0.583534 0.724388 0.907394 1.009861 1.018684 1.012201 0.993650 0.879726 0.660128 0.455421 0.281745 0.231656 0.174342 -0.001642 -0.066190 -0.009660 -0.000423 -0.000000 
-0.000000 -0.000216 -0.023400 -0.183235 -0.367540 -0.382646 -0.346819 -0.292158 0.049807 0.359716 0.540813 0.590795 0.574206 0.549130 0.494067 0.492141 0.628827 0.694720 0.721208 0.894338 1.065688 1.086731 1.073861 1.039022 0.871683 0.647123 0.452462 0.311034 0.295419 0.276660 0.174744 0.002779 -0.017406 -0.000197 -0.000000 
-0.000000 -0.000746 -0.060201 -0.289523 -0.432712 -0.405270 -0.365092 -0.328011 -0.108149 0.235363 0.482297 0.597369 0.618049 0.612862 0.593892 0.669901 0.816002 0.784395 0.749778 0.878198 1.084275 1.142893 1.130681 1.043167 0.819542 0.597690 0.422800 0.348464 0.345761 0.337463 0.297883 0.128884 0.002797 0.000598 -0.000000 
-0.000061 -0.001516 -0.104528 -0.374126 -0.468156 -0.427486 -0.384266 -0.348095 -0.280404 0.033746 0.351492 0.577663 0.676646 0.685764 0.707123 0.825633 0.911383 0.857560 0.804909 0.880624 1.094017 1.179567 1.128096 0.960418 0.721867 0.522130 0.394850 0.385219 0.388338 0.386720 0.371247 0.241665 0.055673 0.001991 -0.000020 
-0.000031 -0.002283 -0.140162 -0.424606 -0.494894 -0.449461 -0.406818 -0.370324 -0.337151 -0.213224 0.122834 0.445002 0.650636 0.710599 0.793743 0.961139 1.000309 0.940840 0.873315 0.916259 1.140637 1.202466 1.010111 0.761218 0.574308 0.449468 0.415294 0.419893 0.426515 0.430299 0.423813 0.328152 0.120932 0.003638 0.000162 
-0.000110 -0.002675 -0.147678 -0.444393 -0.523058 -0.477446 -0.432811 -0.396477 -0.362897 -0.309509 -0.160275 0.127969 0.405133 0.588210 0.807441 1.055283 1.076982 1.006574 0.934542 0.967288 1.109958 1.037851 0.768580 0.540104 0.432689 0.430239 0.448176 0.454090 0.463458 0.470455 0.469569 0.388587 0.162672 0.004755 0.000082 
-0.000000 -0.002573 -0.123014 -0.426727 -0.550408 -0.507535 -0.463083 -0.427064 -0.381419 -0.320402 -0.263348 -0.182943 -0.037692 0.154722 0.458656 0.826981 0.934515 0.864323 0.742674 0.715509 0.799306 0.698421 0.531522 0.427409 0.399245 0.433869 0.475507 0.488992 0.501087 0.510656 0.515976 0.421773 0.156836 0.004853 -0.000000 
-0.000000 -0.002098 -0.074030 -0.365439 -0.564478 -0.540897 -0.497488 -0.459213 -0.401378 -0.336211 -0.285836 -0.273379 -0.273863 -0.241208 -0.087230 0.265542 0.438439 0.374415 0.287233 0.355688 0.512020 0.515720 0.473230 0.443826 0.419150 0.443839 0.495946 0.527804 0.540747 0.551797 0.562583 0.411894 0.104546 0.004084 -0.000000 
-0.000000 -0.001423 -0.024059 -0.261954 -0.523648 -0.572847 -0.536220 -0.495280 -0.427342 -0.358542 -0.313719 -0.311129 -0.320512 -0.333484 -0.311228 -0.074328 0.140384 0.120368 0.136278 0.344992 0.528342 0.532710 0.509109 0.484880 0.455362 0.467674 0.522032 0.568875 0.582182 0.597658 0.579343 0.329983 0.037260 0.002820 -0.000000 
-0.000000 -0.000662 -0.005534 -0.138106 -0.398221 -0.563084 -0.573644 -0.534218 -0.463896 -0.395313 -0.352751 -0.353357 -0.363879 -0.378859 -0.390855 -0.258329 0.023891 0.162547 0.285809 0.505346 0.597231 0.578289 0.554536 0.531029 0.501948 0.505135 0.557198 0.610578 0.629086 0.638227 0.484442 0.188903 0.009557 0.001325 -0.000000 
-0.000000 -0.000000 -0.002759 -0.036966 -0.227831 -0.455937 -0.560283 -0.567745 -0.506854 -0.439194 -0.398640 -0.398967 -0.409820 -0.425277 -0.442474 -0.413045 -0.159648 0.182531 0.475664 0.648692 0.652373 0.627595 0.604041 0.580712 0.551610 0.551043 0.601138 0.660990 0.661358 0.559338 0.297356 0.054490 0.004874 -0.000000 -0.000000 
-0.000000 -0.000000 -0.001171 -0.005396 -0.074157 -0.255292 -0.440942 -0.525436 -0.516066 -0.474600 -0.442989 -0.441628 -0.449390 -0.456454 -0.453934 -0.421513 -0.257548 0.142646 0.518367 0.665689 0.689504 0.679624 0.658324 0.634896 0.605161 0.603726 0.639638 0.647565 0.550202 0.328019 0.102093 0.008704 0.002050 -0.000000 -0.000000 
-0.000000 -0.000000 -0.000021 -0.002362 -0.008211 -0.075231 -0.218080 -0.365022 -0.420875 -0.420992 -0.410209 -0.410388 -0.411149 -0.396663 -0.356930 -0.278102 -0.148574 0.076755 0.327855 0.486398 0.577429 0.618752 0.625268 0.610469 0.572257 0.551385 0.538530 0.462332 0.279574 0.100621 0.012227 0.003745 0.000013 -0.000000 -0.000000 
-0.000000 -0.000000 -0.000000 -0.000553 -0.003112 -0.007782 -0.043382 -0.129497 -0.212454 -0.250112 -0.259120 -0.259049 -0.252014 -0.220704 -0.159168 -0.064771 0.032150 0.051586 0.076589 0.200309 0.316905 0.388280 0.417362 0.409492 0.366756 0.331109 0.273793 0.165721 0.057544 0.011195 0.004578 0.000865 -0.000000 -0.000000 -0.000000 
-0.000000 -0.000000 -0.000000 -0.000000 -0.000866 -0.003168 -0.006221 -0.011986 -0.027868 -0.032899 -0.032007 -0.029037 -0.016744 0.013017 0.050847 0.056100 0.051600 0.046486 0.040813 0.034619 0.038141 0.079302 0.105086 0.090574 0.060762 0.049096 0.038286 0.016799 0.008775 0.004412 0.001162 -0.000000 -0.000000 -0.000000 -0.000000 
-0.000000 -0.000000 -0.000000 -0.000000 -0.000000 -0.000850 -0.002600 -0.004440 -0.004899 0.009843 0.039839 0.062787 0.072291 0.070580 0.064172 0.057168 0.049965 0.042386 0.033954 0.022995 0.009836 -0.006754 -0.028540 -0.051427 -0.040625 -0.009461 0.007781 0.006198 0.003554 0.001151 -0.000000 -0.000000 -0.000000 -0.000000 -0.000000 
-0.000000 -0.000000 -0.000000 -0.000000 -0.000000 -0.000000 -0.000643 -0.001703 -0.002560 0.000693 0.017604 0.040634 0.055284 0.061250 0.059768 0.053090 0.045107 0.035814 0.024758 0.011702 -0.004067 -0.024331 -0.046708 -0.045279 -0.020749 0.000941 0.003722 0.002398 0.000905 -0.000000 -0.000000 -0.000000 -0.000000 -0.000000 -0.000000 
-0.000000 -0.000000 -0.000000 -0.000000 -0.000000 -0.000000 -0.000000 -0.000359 -0.000861 -0.001056 0.003381 0.016327 0.029690 0.037318 0.040215 0.039313 0.033082 0.023236 0.010814 -0.004767 -0.022678 -0.039969 -0.040008 -0.021383 -0.002436 0.001863 0.001379 0.000583 -0.000000 -0.000000 -0.000000 -0.000000 -0.000000 -0.000000 -0.000000 
-0.000000 -0.000000 -0.000000 -0.000000 -0.000000 -0.000000 -0.000000 -0.000000 -0.000110 -0.000284 -0.000221 0.002233 0.010106 0.016255 0.016514 0.011855 0.005532 -0.002748 -0.012814 -0.023940 -0.031191 -0.026726 -0.012943 -0.001553 0.000667 0.000648 0.000246 -0.000000 -0.000000 -0.000000 -0.000000 -0.000000 -0.000000 -0.000000 -0.000000 
-0.000000 -0.000000 -0.000000 -0.000000 -0.000000 -0.000000 -0.000000 -0.000000 -0.000000 -0.000032 -0.000049 -0.000015 0.000167 0.001883 0.005326 0.005407 0.001081 -0.005565 -0.011131 -0.012288 -0.007875 -0.002291 -0.000360 0.000013 0.000120 0.000054 -0.000000 -0.000000 -0.000000 -0.000000 -0.000000 -0.000000 -0.000000 -0.000000 -0.000000 
-0.000000 -0.000000 -0.000000 -0.000000 -0.000000 -0.000000 -0.000000 -0.000000 -0.000000 -0.000000 -0.000000 -0.000000 0.000018 0.000037 0.000020 -0.000073 -0.000256 -0.000497 -0.000639 -0.000618 -0.000471 -0.000268 -0.000099 -0.000000 -0.000000 -0.000000 -0.000000 -0.000000 -0.000000 -0.000000 -0.000000 -0.000000 -0.000000 -0.000000 -0.000000 
-0.000000 -0.000000 -0.000000 -0.000000 -0.000000 -0.000000 -0.000000 -0.000000 -0.000000 -0.000000 -0.000000 -0.000000 -0.000000 -0.000000 -0.000000 -0.000000 0.000050 -0.000030 -0.000026 -0.000000 -0.000000 -0.000000 -0.000000 -0.000000 -0.000000 -0.000000 -0.000000 -0.000000 -0.000000 -0.000000 -0.000000 -0.000000 -0.000000 -0.000000 -0.000000 
