-0.000000 -0.000000 -0.000000 -0.000000 -0.000000 -0.000000 -0.000000 -0.000000 -0.000000 -0.000000 -0.000000 -0.000000 -0.000000 -0.000000 -0.000000 -0.000000 -0.000000 -0.000000 -0.000000 -0.000000 -0.000000 -0.000000 -0.000000 -0.000000 -0.000000 -0.000000 -0.000000 -0.000000 -0.000000 -0.000000 -0.000000 -0.000000 -0.000000 -0.000000 -0.000000 
-0.000000 -0.000000 -0.000000 -0.000000 -0.000000 -0.000000 -0.000000 -0.000000 -0.000000 -0.000000 -0.000000 -0.000000 -0.000358 -0.000878 -0.001421 -0.001908 -0.002296 -0.002506 -0.002498 -0.002276 -0.001907 -0.001379 -0.000690 -0.000000 -0.000000 -0.000000 -0.000000 -0.000000 -0.000000 -0.000000 -0.000000 -0.000000 -0.000000 -0.000000 -0.000000 
-0.000000 -0.000000 -0.000000 -0.000000 -0.000000 -0.000000 -0.000000 -0.000000 -0.000000 -0.000000 -0.000743 -0.001945 -0.003964 -0.016121 -0.052794 -0.093510 -0.122259 -0.133031 -0.121359 -0.093580 -0.055776 -0.019092 -0.005548 -0.003202 -0.001496 -0.000000 -0.000000 -0.000000 -0.000000 -0.000000 -0.000000 -0.000000 -0.000000 -0.000000 -0.000000 
-0.000000 -0.000000 -0.000000 -0.000000 -0.000000 -0.000000 -0.000000 -0.000000 -0.000359 -0.001760 -0.004193 -0.025993 -0.103118 -0.204136 -0.293221 -0.359781 -0.400830 -0.418437 -0.409456 -0.368732 -0.296184 -0.207797 -0.112514 -0.033095 -0.006592 -0.003333 -0.000884 -0.000000 -0.000000 -0.000000 -0.000000 -0.000000 -0.000000 -0.000000 -0.000000 
-0.000000 -0.000000 -0.000000 -0.000000 -0.000000 -0.000000 -0.000000 -0.000661 -0.002496 -0.006367 -0.055728 -0.176997 -0.304085 -0.391868 -0.432998 -0.449747 -0.462580 -0.478003 -0.496950 -0.510827 -0.499649 -0.435680 -0.324951 -0.194323 -0.069596 -0.010110 -0.004719 -0.001402 -0.000000 -0.000000 -0.000000 -0.000000 -0.000000 -0.000000 -0.000000 
-0.000000 -0.000000 -0.000000 -0.000000 -0.000000 -0.000000 -0.000643 -0.002564 -0.006323 -0.057333 -0.197602 -0.338167 -0.391042 -0.385210 -0.381892 -0.385879 -0.395740 -0.412657 -0.435824 -0.465350 -0.496825 -0.514530 -0.479092 -0.386580 -0.229252 -0.076165 -0.011341 -0.005374 -0.001614 -0.000000 -0.000000 -0.000000 -0.000000 -0.000000 -0.000000 
-0.000000 -0.000000 -0.000000 -0.000000 -0.000000 -0.000468 -0.002060 -0.005002 -0.032941 -0.170834 -0.325866 -0.368649 -0.336845 -0.324682 -0.322874 -0.328197 -0.338309 -0.356093 -0.379228 -0.410429 -0.447011 -0.487415 -0.514878 -0.484621 -0.394185 -0.213922 -0.050745 -0.011381 -0.005469 -0.001496 -0.000000 -0.000000 -0.000000 -0.000000 -0.000000 
-0.000000 -0.000000 -0.000000 -0.000000 -0.000219 -0.001317 -0.003479 -0.008723 -0.096348 -0.264811 -0.332544 -0.288280 -0.256982 -0.261838 -0.275565 -0.284499 -0.296920 -0.314265 -0.338126 -0.368583 -0.410768 -0.477245 -0.543627 -0.570358 -0.525850 -0.391305 -0.157317 -0.023824 -0.011217 -0.005037 -0.001106 -0.000000 -0.000000 -0.000000 -0.000000 
-0.000000 -0.000000 -0.000000 -0.000084 -0.000705 -0.002000 -0.001336 -0.004306 -0.120193 -0.223288 -0.202973 -0.121766 -0.114547 -0.127338 -0.162372 -0.211051 -0.257103 -0.282160 -0.316122 -0.400342 -0.499629 -0.593439 -0.672634 -0.730121 -0.719233 -0.623496 -0.387351 -0.129421 -0.039819 -0.010874 -0.004364 -0.000757 -0.000000 -0.000000 -0.000000 
-0.000000 -0.000000 -0.000000 -0.000353 -0.001136 0.003258 0.034165 0.046796 -0.086062 -0.151169 -0.088874 -0.022504 -0.016860 -0.019574 -0.046580 -0.096311 -0.167921 -0.265457 -0.402633 -0.533653 -0.654017 -0.755698 -0.836808 -0.898549 -0.916279 -0.852331 -0.658604 -0.339145 -0.163972 -0.061112 -0.009865 -0.003258 -0.000000 -0.000000 -0.000000 
-0.000000 -0.000000 -0.000218 -0.000717 0.001122 0.032616 0.099560 0.076639 -0.092331 -0.160221 -0.090097 -0.047454 -0.037946 -0.026588 -0.020118 -0.032731 -0.104878 -0.302184 -0.534902 -0.712819 -0.840867 -0.940533 -1.015116 -1.073236 -1.102046 -1.051270 -0.881756 -0.563877 -0.346897 -0.194085 -0.060034 -0.007086 -0.001727 -0.000000 -0.000000 
-0.000000 -0.000000 -0.000609 -0.002785 0.012877 0.072703 0.112881 0.028744 -0.173445 -0.246695 -0.175460 -0.142528 -0.137752 -0.130128 -0.112612 -0.094899 -0.178605 -0.410940 -0.686612 -0.890596 -0.985217 -1.032300 -1.073832 -1.123040 -1.165152 -1.150495 -1.040726 -0.755226 -0.536242 -0.377465 -0.181859 -0.031527 -0.004165 -0.000000 -0.000000 
-0.000000 -0.000221 -0.001407 -0.007409 0.020818 0.064409 0.051449 -0.035852 -0.231640 -0.309303 -0.241210 -0.206659 -0.204305 -0.201297 -0.197719 -0.242502 -0.426013 -0.635029 -0.803991 -0.932396 -0.993545 -1.022193 -1.059655 -1.107695 -1.148469 -1.132411 -1.028837 -0.807329 -0.684745 -0.558548 -0.340552 -0.116553 -0.007939 -0.001127 -0.000000 
-0.000000 -0.000651 -0.005399 -0.023042 0.000040 0.008253 -0.002339 -0.058813 -0.251381 -0.349691 -0.305446 -0.259865 -0.258301 -0.258082 -0.268405 -0.398967 -0.696287 -0.879840 -0.869767 -0.896371 -0.975711 -1.011582 -1.048579 -1.096305 -1.126192 -1.095601 -0.977141 -0.752709 -0.700986 -0.679121 -0.510801 -0.239741 -0.025201 -0.002544 -0.000000 
-0.000000 -0.001303 -0.020223 -0.060926 -0.046038 -0.036571 -0.043042 -0.061044 -0.230919 -0.366674 -0.363675 -0.309555 -0.300336 -0.278429 -0.271366 -0.468104 -0.788045 -0.892869 -0.867586 -0.863716 -0.959588 -1.012479 -1.046691 -1.089383 -1.094428 -1.036378 -0.886839 -0.681922 -0.684904 -0.697494 -0.628677 -0.357337 -0.073011 -0.004005 -0.000000 
-0.000000 -0.002237 -0.046765 -0.117739 -0.086048 -0.072990 -0.073823 -0.079352 -0.170109 -0.334371 -0.403907 -0.341815 -0.248109 -0.159752 -0.165815 -0.440047 -0.753379 -0.779373 -0.788797 -0.752629 -0.841272 -0.991940 -1.070239 -1.088241 -1.048150 -0.946141 -0.761763 -0.646266 -0.665151 -0.683943 -0.673287 -0.470813 -0.133797 -0.005410 -0.000000 
-0.000000 -0.003325 -0.081466 -0.170584 -0.124135 -0.104095 -0.099579 -0.099441 -0.112826 -0.252333 -0.343875 -0.263719 -0.141379 -0.094794 -0.190567 -0.523067 -0.776136 -0.770911 -0.750710 -0.660009 -0.668817 -0.834373 -1.010728 -1.069708 -0.977534 -0.812930 -0.634526 -0.625212 -0.646062 -0.666452 -0.672835 -0.520440 -0.178571 -0.006416 -0.000000 
-0.000000 -0.004225 -0.111213 -0.216587 -0.163486 -0.134822 -0.123235 -0.118102 -0.115145 -0.109974 -0.118857 -0.136908 -0.147530 -0.165339 -0.281121 -0.613681 -0.848147 -0.858982 -0.847880 -0.760068 -0.648600 -0.675525 -0.776658 -0.884680 -0.845830 -0.664185 -0.596235 -0.608533 -0.628729 -0.649882 -0.656633 -0.526985 -0.193306 -0.006608 -0.000000 
-0.000000 -0.004631 -0.121772 -0.256153 -0.207871 -0.166853 -0.148618 -0.137985 -0.118899 0.006992 0.082250 0.021587 -0.095430 -0.173777 -0.326873 -0.668225 -0.921134 -0.944532 -0.950788 -0.848825 -0.667097 -0.567065 -0.496666 -0.534681 -0.607103 -0.625439 -0.590113 -0.594889 -0.613699 -0.630517 -0.630858 -0.493975 -0.175798 -0.006074 -0.000000 
-0.000000 -0.004264 -0.105716 -0.280519 -0.262858 -0.206703 -0.179431 -0.161187 -0.079487 0.052589 0.128564 0.126609 0.064248 -0.022323 -0.179511 -0.514938 -0.830192 -0.886711 -0.892083 -0.721562 -0.491271 -0.351028 -0.246820 -0.250673 -0.439271 -0.594271 -0.612451 -0.582963 -0.598776 -0.609120 -0.592196 -0.428922 -0.129618 -0.004833 -0.000000 
-0.000000 -0.003351 -0.065312 -0.264035 -0.319836 -0.259568 -0.219223 -0.188756 -0.051892 0.063305 0.114196 0.117226 0.111005 0.087098 0.007099 -0.242733 -0.540783 -0.665129 -0.659822 -0.466231 -0.270301 -0.190579 -0.149923 -0.158627 -0.331416 -0.539073 -0.617702 -0.575664 -0.579602 -0.578342 -0.526011 -0.324314 -0.070036 -0.003376 -0.000000 
-0.000000 -0.002191 -0.023150 -0.204481 -0.339617 -0.326879 -0.272912 -0.211803 -0.059474 0.042877 0.082013 0.081314 0.074959 0.061495 0.026932 -0.123369 -0.373524 -0.546354 -0.524226 -0.333679 -0.202350 -0.165542 -0.143619 -0.137635 -0.256764 -0.482824 -0.601214 -0.573483 -0.548524 -0.523052 -0.419170 -0.213611 -0.022518 -0.002010 -0.000000 
-0.000000 -0.000984 -0.006915 -0.111285 -0.283422 -0.363903 -0.344909 -0.257316 -0.098548 -0.000838 0.033778 0.033517 0.024850 0.007629 -0.018279 -0.105579 -0.298692 -0.432623 -0.398123 -0.242912 -0.171180 -0.147052 -0.127999 -0.119263 -0.204974 -0.432910 -0.567143 -0.549227 -0.490417 -0.419566 -0.280794 -0.103261 -0.006138 -0.000834 -0.000000 
-0.000000 -0.000000 -0.003531 -0.030558 -0.172816 -0.313735 -0.368971 -0.320592 -0.167691 -0.067253 -0.030401 -0.029786 -0.039741 -0.059613 -0.084079 -0.112921 -0.185374 -0.231699 -0.166994 -0.110800 -0.112654 -0.104911 -0.091423 -0.083788 -0.159838 -0.382687 -0.512505 -0.470345 -0.376613 -0.288415 -0.149494 -0.026607 -0.002961 -0.000000 -0.000000 
-0.000000 -0.000000 -0.001404 -0.005769 -0.057718 -0.184007 -0.299086 -0.312386 -0.198333 -0.119608 -0.090643 -0.090444 -0.096411 -0.103408 -0.099845 -0.069137 -0.018254 0.020951 0.059453 0.037795 0.012489 0.001082 0.000607 0.002912 -0.083119 -0.293396 -0.402015 -0.346703 -0.249043 -0.148065 -0.047051 -0.004875 -0.001132 -0.000000 -0.000000 
-0.000000 -0.000000 -0.000000 -0.002426 -0.007107 -0.055677 -0.152886 -0.217911 -0.146358 -0.080686 -0.057893 -0.057193 -0.055916 -0.044539 -0.011037 0.053411 0.152425 0.241992 0.216123 0.170574 0.143065 0.129444 0.126764 0.125000 -0.003301 -0.206302 -0.291081 -0.210089 -0.115363 -0.043431 -0.006353 -0.002046 -0.000000 -0.000000 -0.000000 
-0.000000 -0.000000 -0.000000 -0.000491 -0.002658 -0.005890 -0.028821 -0.074608 -0.031348 0.039495 0.065973 0.070197 0.078021 0.102914 0.150855 0.220883 0.289260 0.309846 0.317282 0.294820 0.270098 0.255464 0.251152 0.236989 0.046355 -0.131225 -0.164296 -0.075711 -0.025043 -0.006346 -0.002541 -0.000414 -0.000000 -0.000000 -0.000000 
-0.000000 -0.000000 -0.000000 -0.000000 -0.000583 -0.002052 -0.003268 -0.003467 0.045086 0.161489 0.228679 0.245267 0.255288 0.279604 0.307488 0.316113 0.322262 0.331839 0.344469 0.359067 0.370970 0.371231 0.368033 0.279167 0.063845 -0.073170 -0.061014 -0.011973 -0.005934 -0.002719 -0.000617 -0.000000 -0.000000 -0.000000 -0.000000 
-0.000000 -0.000000 -0.000000 -0.000000 -0.000000 -0.000413 -0.000969 -0.000582 0.018510 0.123690 0.255968 0.315264 0.325947 0.333196 0.337487 0.341525 0.347881 0.356818 0.368768 0.382741 0.397710 0.410281 0.381091 0.186869 0.000424 -0.058966 -0.022180 -0.005526 -0.002764 -0.000771 -0.000000 -0.000000 -0.000000 -0.000000 -0.000000 
-0.000000 -0.000000 -0.000000 -0.000000 -0.000000 -0.000000 -0.000161 0.000173 0.002068 0.042844 0.156972 0.282712 0.338849 0.349721 0.359402 0.367611 0.375601 0.385140 0.397068 0.410417 0.422994 0.394134 0.226844 0.036970 -0.046874 -0.030621 -0.005195 -0.002650 -0.000843 -0.000000 -0.000000 -0.000000 -0.000000 -0.000000 -0.000000 
-0.000000 -0.000000 -0.000000 -0.000000 -0.000000 -0.000000 -0.000000 0.000138 0.000905 0.003606 0.047802 0.152944 0.262608 0.341944 0.373395 0.389364 0.402115 0.414665 0.425202 0.417771 0.349962 0.193481 0.036796 -0.036761 -0.028130 -0.004527 -0.002315 -0.000778 -0.000000 -0.000000 -0.000000 -0.000000 -0.000000 -0.000000 -0.000000 
-0.000000 -0.000000 -0.000000 -0.000000 -0.000000 -0.000000 -0.000000 -0.000000 0.000145 0.001068 0.003097 0.025571 0.100854 0.189870 0.257187 0.294364 0.311692 0.313459 0.284926 0.209909 0.096026 0.005273 -0.028261 -0.014406 -0.002877 -0.001666 -0.000473 -0.000000 -0.000000 -0.000000 -0.000000 -0.000000 -0.000000 -0.000000 -0.000000 
-0.000000 -0.000000 -0.000000 -0.000000 -0.000000 -0.000000 -0.000000 -0.000000 -0.000000 -0.000000 0.000716 0.001950 0.004274 0.018859 0.058582 0.092085 0.101552 0.085898 0.050127 0.011885 -0.009360 -0.006466 -0.001805 -0.001336 -0.000754 -0.000000 -0.000000 -0.000000 -0.000000 -0.000000 -0.000000 -0.000000 -0.000000 -0.000000 -0.000000 
-0.000000 -0.000000 -0.000000 -0.000000 -0.000000 -0.000000 -0.000000 -0.000000 -0.000000 -0.000000 -0.000000 -0.000000 0.000561 0.001292 0.002020 0.002546 0.002639 0.002169 0.001317 0.000449 -0.000154 -0.000401 -0.000303 -0.000000 -0.000000 -0.000000 -0.000000 -0.000000 -0.000000 -0.000000 -0.000000 -0.000000 -0.000000 -0.000000 -0.000000 
-0.000000 -0.000000 -0.000000 -0.000000 -0.000000 -0.000000 -0.000000 -0.000000 -0.000000 -0.000000 -0.000000 -0.000000 -0.000000 -0.000000 -0.000000 -0.000000 -0.000000 -0.000000 -0.000000 -0.000000 -0.000000 -0.000000 -0.000000 -0.000000 -0.000000 -0.000000 -0.000000 -0.000000 -0.000000 -0.000000 -0.000000 -0.000000 -0.000000 -0.000000 -0.000000 
