0.000000 0.000000 0.000000 0.000000 0.000000 0.000000 0.000000 0.000000 0.000000 0.000000 0.000000 0.000000 0.000000 0.000000 0.000000 0.000000 0.000016 0.000111 0.000032 0.000000 0.000000 0.000000 0.000000 0.000000 0.000000 0.000000 0.000000 0.000000 0.000000 0.000000 0.000000 0.000000 0.000000 0.000000 0.000000 
0.000000 0.000000 0.000000 0.000000 0.000000 0.000000 0.000000 0.000000 0.000000 0.000000 0.000000 0.000000 0.000209 0.000562 0.001044 0.001637 0.002218 0.002574 0.002537 0.002149 0.001587 0.001002 0.000445 0.000000 0.000000 0.000000 0.000000 0.000000 0.000000 0.000000 0.000000 0.000000 0.000000 0.000000 0.000000 
0.000000 0.000000 0.000000 0.000000 0.000000 0.000000 0.000000 0.000000 0.000000 -0.000017 0.000141 0.000523 0.001419 0.006873 0.025111 0.051257 0.076229 0.090336 0.086215 0.065781 0.037087 0.012081 0.003154 0.001561 0.000640 -0.000001 0.000000 0.000000 0.000000 0.000000 0.000000 0.000000 0.000000 0.000000 0.000000 
0.000000 0.000000 0.000000 0.000000 0.000000 0.000000 0.000000 0.000000 -0.000037 0.000057 0.000532 0.006276 0.030640 0.074378 0.130871 0.187947 0.227586 0.247926 0.248685 0.226687 0.178733 0.117711 0.058204 0.015726 0.002662 0.001152 0.000267 0.000000 0.000000 0.000000 0.000000 0.000000 0.000000 0.000000 0.000000 
0.000000 0.000000 0.000000 0.000000 0.000000 0.000000 0.000000 -0.000108 -0.000146 0.000302 0.009429 0.041685 0.097837 0.170665 0.235695 0.272948 0.293467 0.307230 0.317003 0.320589 0.306358 0.254349 0.171908 0.090020 0.028334 0.003629 0.001413 0.000372 0.000000 0.000000 0.000000 0.000000 0.000000 0.000000 0.000000 
0.000000 0.000000 0.000000 0.000000 0.000000 0.000000 -0.000198 -0.000457 -0.000419 0.006131 0.035836 0.093081 0.167789 0.232133 0.261809 0.279469 0.293700 0.305940 0.316505 0.325510 0.331711 0.325927 0.276549 0.190491 0.095423 0.027262 0.003403 0.001418 0.000394 0.000000 0.000000 0.000000 0.000000 0.000000 0.000000 
0.000000 0.000000 0.000000 0.000000 0.000000 -0.000258 -0.000820 -0.001324 0.000325 0.019873 0.068396 0.138878 0.210355 0.241042 0.259829 0.274709 0.287392 0.298974 0.310003 0.320314 0.329131 0.334913 0.328397 0.265801 0.174792 0.077249 0.015675 0.002886 0.001265 0.000354 0.000000 0.000000 0.000000 0.000000 0.000000 
0.000000 0.000000 0.000000 0.000000 -0.000286 -0.001149 -0.002297 -0.004200 -0.004417 0.016482 0.066757 0.137903 0.186042 0.219133 0.249678 0.266685 0.279271 0.290995 0.302302 0.313353 0.324899 0.336957 0.344000 0.321448 0.238818 0.139338 0.046332 0.005639 0.002331 0.001012 0.000256 0.000000 0.000000 0.000000 0.000000 
0.000000 0.000000 0.000000 -0.000236 -0.001340 -0.003333 -0.017302 -0.051152 -0.081065 -0.074575 -0.028322 0.034767 0.068106 0.107213 0.155093 0.211230 0.263475 0.283808 0.297338 0.313689 0.327346 0.338109 0.344844 0.344370 0.280359 0.187424 0.087496 0.018519 0.005284 0.001762 0.000739 0.000153 0.000000 0.000000 0.000000 
0.000000 0.000000 0.000011 -0.001220 -0.004064 -0.034423 -0.102119 -0.183148 -0.228421 -0.221570 -0.175126 -0.127917 -0.096378 -0.053618 0.004880 0.078866 0.166419 0.254153 0.294107 0.304413 0.311099 0.317531 0.322593 0.325094 0.285892 0.199028 0.105270 0.026345 0.007493 0.004299 0.001231 0.000455 0.000015 0.000000 0.000000 
0.000000 0.000000 -0.000740 -0.003194 -0.038759 -0.137628 -0.262860 -0.359083 -0.405543 -0.399340 -0.353876 -0.317643 -0.288821 -0.247662 -0.187457 -0.100794 0.011405 0.137379 0.243069 0.273346 0.274210 0.277233 0.281693 0.285132 0.261653 0.179199 0.089990 0.011462 -0.006765 0.000307 0.002121 0.000676 0.000179 0.000000 0.000000 
0.000000 0.000000 -0.001986 -0.022270 -0.137497 -0.308290 -0.450450 -0.548683 -0.573815 -0.524765 -0.449806 -0.406791 -0.385830 -0.369110 -0.346744 -0.294333 -0.197520 -0.056141 0.102214 0.209949 0.232628 0.242637 0.252043 0.257436 0.237023 0.150083 0.054328 -0.024943 -0.040608 -0.021144 -0.005013 0.000684 0.000274 0.000000 0.000000 
0.000000 -0.000598 -0.004440 -0.092313 -0.292183 -0.500291 -0.622427 -0.647759 -0.624347 -0.567552 -0.489693 -0.442981 -0.422762 -0.409756 -0.401281 -0.398304 -0.386058 -0.298542 -0.103565 0.114444 0.207008 0.223991 0.235168 0.241057 0.216725 0.127385 0.029889 -0.057981 -0.083088 -0.059772 -0.027364 -0.005052 0.000210 0.000043 0.000000 
0.000000 -0.001454 -0.019160 -0.204546 -0.479866 -0.654062 -0.685190 -0.683340 -0.658827 -0.603312 -0.525193 -0.469358 -0.448623 -0.436835 -0.434082 -0.455643 -0.494832 -0.484279 -0.315700 -0.019795 0.171737 0.209142 0.221711 0.227250 0.190117 0.096764 -0.000511 -0.085426 -0.105563 -0.100133 -0.065194 -0.021621 -0.000864 0.000019 0.000000 
0.000000 -0.002496 -0.064145 -0.340418 -0.637713 -0.715414 -0.715041 -0.705878 -0.685855 -0.636492 -0.562934 -0.494591 -0.471032 -0.471434 -0.498139 -0.574867 -0.644710 -0.654651 -0.552122 -0.228048 0.096161 0.188978 0.209394 0.211084 0.152774 0.055696 -0.039068 -0.112859 -0.120605 -0.122498 -0.105762 -0.048658 -0.006551 -0.000096 0.000000 
0.000000 -0.003657 -0.123493 -0.471907 -0.720378 -0.743239 -0.735283 -0.722131 -0.708027 -0.670957 -0.608376 -0.547006 -0.544962 -0.587801 -0.664565 -0.769908 -0.838746 -0.837406 -0.787220 -0.484604 -0.076536 0.117099 0.170096 0.172856 0.099484 0.003102 -0.084983 -0.128785 -0.133776 -0.137135 -0.133212 -0.080808 -0.017326 -0.000304 0.000000 
-0.000063 -0.004716 -0.175715 -0.558406 -0.757221 -0.762491 -0.750599 -0.735147 -0.724643 -0.706048 -0.687165 -0.680715 -0.694070 -0.735501 -0.807661 -0.898055 -0.935511 -0.928524 -0.896721 -0.664227 -0.238628 0.011963 0.078086 0.077726 0.017465 -0.061346 -0.129108 -0.140720 -0.145810 -0.149950 -0.150425 -0.106768 -0.029770 -0.000569 -0.000003 
-0.000213 -0.005264 -0.201479 -0.593762 -0.774358 -0.775893 -0.762551 -0.747003 -0.737318 -0.758370 -0.813734 -0.846373 -0.847209 -0.825682 -0.856108 -0.928473 -0.955700 -0.949761 -0.919801 -0.715202 -0.301561 -0.067733 -0.051089 -0.065402 -0.100307 -0.135609 -0.147789 -0.152207 -0.157253 -0.161698 -0.163147 -0.122879 -0.038965 -0.000798 -0.000031 
-0.000079 -0.005035 -0.185679 -0.579511 -0.780701 -0.785244 -0.773206 -0.758152 -0.758561 -0.833405 -0.918654 -0.980060 -0.975837 -0.914418 -0.900461 -0.949780 -0.974662 -0.964961 -0.935871 -0.715952 -0.331429 -0.166955 -0.203681 -0.221619 -0.214023 -0.188704 -0.163026 -0.163726 -0.168416 -0.172703 -0.173905 -0.127874 -0.039734 -0.000888 -0.000020 
0.000000 -0.004168 -0.138001 -0.510570 -0.767928 -0.789181 -0.780822 -0.768714 -0.810380 -0.896212 -0.982111 -1.050491 -1.057395 -1.023184 -1.010762 -1.054747 -1.072571 -1.050950 -1.021045 -0.769443 -0.422733 -0.318284 -0.342337 -0.330629 -0.274251 -0.222153 -0.187335 -0.175368 -0.179315 -0.183077 -0.180761 -0.119470 -0.031834 -0.000815 0.000000 
0.000000 -0.003040 -0.076136 -0.388282 -0.708321 -0.785170 -0.784316 -0.780850 -0.857954 -0.942446 -1.023659 -1.073553 -1.079058 -1.076885 -1.092164 -1.162399 -1.213489 -1.208448 -1.120902 -0.815580 -0.497864 -0.416472 -0.398632 -0.367878 -0.307951 -0.250257 -0.211167 -0.187831 -0.189880 -0.192255 -0.176371 -0.096521 -0.018541 -0.000640 0.000000 
0.000000 -0.001892 -0.024394 -0.247828 -0.563504 -0.747722 -0.778918 -0.801014 -0.889397 -0.973602 -1.049266 -1.080525 -1.081911 -1.082412 -1.093795 -1.160034 -1.241996 -1.241375 -1.062864 -0.724186 -0.487977 -0.436435 -0.411576 -0.383917 -0.333956 -0.273526 -0.231081 -0.203100 -0.199292 -0.193792 -0.148832 -0.064904 -0.006098 -0.000420 0.000000 
0.000000 -0.000834 -0.006177 -0.119874 -0.366287 -0.608850 -0.740294 -0.805480 -0.900724 -0.986031 -1.059292 -1.080251 -1.080208 -1.079475 -1.080472 -1.112944 -1.158039 -1.094124 -0.875546 -0.600197 -0.472183 -0.445728 -0.422278 -0.396214 -0.352874 -0.291094 -0.246488 -0.215703 -0.200955 -0.168332 -0.101467 -0.032613 -0.001526 -0.000192 0.000000 
0.000000 0.000000 -0.003022 -0.031706 -0.185704 -0.405580 -0.577365 -0.732001 -0.883040 -0.977079 -1.051418 -1.070514 -1.069326 -1.065110 -1.051203 -1.013837 -0.955540 -0.837136 -0.655806 -0.509555 -0.471831 -0.453362 -0.431453 -0.406287 -0.364588 -0.302231 -0.254896 -0.208261 -0.167524 -0.118434 -0.053219 -0.008753 -0.000762 0.000000 0.000000 
0.000000 0.000000 -0.001240 -0.005319 -0.057697 -0.197169 -0.369036 -0.530952 -0.714005 -0.859973 -0.968633 -1.004169 -0.994884 -0.962474 -0.902222 -0.808272 -0.692867 -0.575664 -0.461203 -0.434131 -0.440555 -0.437580 -0.424370 -0.401394 -0.353105 -0.281434 -0.218472 -0.160407 -0.112940 -0.059234 -0.016817 -0.001449 -0.000321 0.000000 0.000000 
0.000000 0.000000 -0.000004 -0.002314 -0.007392 -0.055533 -0.159455 -0.305911 -0.490140 -0.641682 -0.752945 -0.801895 -0.790405 -0.752730 -0.686574 -0.594887 -0.478146 -0.368070 -0.350458 -0.369340 -0.380354 -0.381581 -0.371434 -0.348885 -0.291927 -0.221084 -0.156449 -0.096419 -0.049843 -0.016812 -0.002097 -0.000639 -0.000000 0.000000 0.000000 
0.000000 0.000000 0.000000 -0.000538 -0.002899 -0.007154 -0.032643 -0.101849 -0.249465 -0.407770 -0.523322 -0.592748 -0.585463 -0.550377 -0.490964 -0.411512 -0.331660 -0.305092 -0.297797 -0.309054 -0.318711 -0.319481 -0.308725 -0.283144 -0.214641 -0.145771 -0.080904 -0.032178 -0.010057 -0.002059 -0.000820 -0.000150 0.000000 0.000000 0.000000 
0.000000 0.000000 0.000000 0.000000 -0.000766 -0.003020 -0.006501 -0.014032 -0.074037 -0.192718 -0.303216 -0.385028 -0.403100 -0.377812 -0.342864 -0.325789 -0.314500 -0.303246 -0.291469 -0.279121 -0.267643 -0.259988 -0.245142 -0.201484 -0.131155 -0.069862 -0.023288 -0.004193 -0.001873 -0.000860 -0.000224 0.000000 0.000000 0.000000 0.000000 
0.000000 0.000000 0.000000 0.000000 0.000000 -0.000850 -0.002903 -0.005949 -0.022234 -0.089592 -0.187647 -0.269926 -0.328199 -0.337648 -0.333473 -0.325832 -0.316383 -0.305592 -0.293772 -0.280227 -0.264171 -0.243776 -0.210157 -0.143003 -0.081251 -0.032217 -0.006884 -0.001738 -0.000818 -0.000238 0.000000 0.000000 0.000000 0.000000 0.000000 
0.000000 0.000000 0.000000 0.000000 0.000000 0.000000 -0.000810 -0.002617 -0.005504 -0.032563 -0.101939 -0.193792 -0.272384 -0.320854 -0.330171 -0.325465 -0.317348 -0.307286 -0.294543 -0.279424 -0.260269 -0.227061 -0.163623 -0.096381 -0.042353 -0.011432 -0.001682 -0.000742 -0.000218 0.000000 0.000000 0.000000 0.000000 0.000000 0.000000 
0.000000 0.000000 0.000000 0.000000 0.000000 0.000000 0.000000 -0.000649 -0.002222 -0.004979 -0.031315 -0.090877 -0.166307 -0.243329 -0.295196 -0.313278 -0.311965 -0.302668 -0.288429 -0.265637 -0.224532 -0.159645 -0.092236 -0.042543 -0.012410 -0.001652 -0.000663 -0.000169 0.000000 0.000000 0.000000 0.000000 0.000000 0.000000 0.000000 
0.000000 0.000000 0.000000 0.000000 0.000000 0.000000 0.000000 0.000000 -0.000425 -0.001616 -0.003339 -0.016668 -0.056422 -0.108342 -0.160382 -0.202707 -0.223330 -0.222623 -0.202231 -0.163966 -0.112521 -0.065009 -0.028859 -0.007218 -0.001209 -0.000521 -0.000122 0.000000 0.000000 0.000000 0.000000 0.000000 0.000000 0.000000 0.000000 
0.000000 0.000000 0.000000 0.000000 0.000000 0.000000 0.000000 0.000000 0.000000 -0.000021 -0.000775 -0.001738 -0.003222 -0.011308 -0.032403 -0.054858 -0.069839 -0.071822 -0.059853 -0.040335 -0.020428 -0.006100 -0.001486 -0.000700 -0.000276 -0.000006 0.000000 0.000000 0.000000 0.000000 0.000000 0.000000 0.000000 0.000000 0.000000 
0.000000 0.000000 0.000000 0.000000 0.000000 0.000000 0.000000 0.000000 0.000000 0.000000 0.000000 0.000000 -0.000431 -0.000911 -0.001350 -0.001716 -0.001926 -0.001887 -0.001607 -0.001204 -0.000806 -0.000472 -0.000196 0.000000 0.000000 0.000000 0.000000 0.000000 0.000000 0.000000 0.000000 0.000000 0.000000 0.000000 0.000000 
0.000000 0.000000 0.000000 0.000000 0.000000 0.000000 0.000000 0.000000 0.000000 0.000000 0.000000 0.000000 0.000000 0.000000 0.000000 0.000000 -0.000044 -0.000070 -0.000027 0.000000 0.000000 0.000000 0.000000 0.000000 0.000000 0.000000 0.000000 0.000000 0.000000 0.000000 0.000000 0.000000 0.000000 0.000000 0.000000 
