-0.000000 -0.000000 -0.000000 -0.000000 -0.000000 -0.000000 -0.000000 -0.000000 -0.000000 -0.000000 -0.000000 -0.000000 -0.000000 -0.000000 -0.000000 -0.000000 -0.000417 -0.000281 -0.000373 -0.000000 -0.000000 -0.000000 -0.000000 -0.000000 -0.000000 -0.000000 -0.000000 -0.000000 -0.000000 -0.000000 -0.000000 -0.000000 -0.000000 -0.000000 -0.000000 
-0.000000 -0.000000 -0.000000 -0.000000 -0.000000 -0.000000 -0.000000 -0.000000 -0.000000 -0.000000 -0.000000 -0.000000 0.000971 0.001618 0.001440 0.000334 -0.001493 -0.003369 -0.004317 -0.004016 -0.002934 -0.001686 -0.000620 -0.000000 -0.000000 -0.000000 -0.000000 -0.000000 -0.000000 -0.000000 -0.000000 -0.000000 -0.000000 -0.000000 -0.000000 
-0.000000 -0.000000 -0.000000 -0.000000 -0.000000 -0.000000 -0.000000 -0.000000 -0.000000 0.000172 0.002392 0.004832 0.008136 0.032577 0.078378 0.085552 0.047545 -0.017584 -0.075501 -0.093704 -0.064420 -0.020251 -0.004033 -0.001506 -0.000390 0.000016 -0.000000 -0.000000 -0.000000 -0.000000 -0.000000 -0.000000 -0.000000 -0.000000 -0.000000 
-0.000000 -0.000000 -0.000000 -0.000000 -0.000000 -0.000000 -0.000000 -0.000000 0.001353 0.005204 0.010649 0.065340 0.210899 0.332457 0.396875 0.444838 0.489707 0.483151 0.395360 0.222756 0.024605 -0.070208 -0.058236 -0.015659 -0.001259 -0.000146 0.000089 -0.000000 -0.000000 -0.000000 -0.000000 -0.000000 -0.000000 -0.000000 -0.000000 
-0.000000 -0.000000 -0.000000 -0.000000 -0.000000 -0.000000 -0.000000 0.002209 0.007298 0.017382 0.138228 0.370669 0.574311 0.722016 0.821508 0.903739 0.946253 0.961943 0.958762 0.898872 0.697537 0.340775 0.055655 -0.029076 -0.012896 0.000180 0.000589 0.000337 -0.000000 -0.000000 -0.000000 -0.000000 -0.000000 -0.000000 -0.000000 
-0.000000 -0.000000 -0.000000 -0.000000 -0.000000 -0.000000 0.002338 0.008003 0.018066 0.148119 0.450806 0.733633 0.811090 0.848588 0.904771 0.931985 0.952451 0.968197 0.978079 0.977897 0.960012 0.839008 0.485457 0.172190 0.020061 0.001307 0.002343 0.001438 0.000532 -0.000000 -0.000000 -0.000000 -0.000000 -0.000000 -0.000000 
-0.000000 -0.000000 -0.000000 -0.000000 -0.000000 0.001969 0.007346 0.016385 0.092615 0.418990 0.769100 0.832690 0.820679 0.863744 0.886189 0.906165 0.923630 0.940634 0.954846 0.965805 0.966653 0.949240 0.836751 0.469272 0.199161 0.046452 0.008939 0.003707 0.001904 0.000601 -0.000000 -0.000000 -0.000000 -0.000000 -0.000000 
-0.000000 -0.000000 -0.000000 -0.000000 0.001373 0.005781 0.013827 0.033220 0.277573 0.719069 0.870461 0.810359 0.825686 0.843039 0.857889 0.873425 0.890085 0.907622 0.925612 0.941409 0.953649 0.956081 0.928761 0.727784 0.384013 0.177156 0.041064 0.007951 0.003924 0.001850 0.000498 -0.000000 -0.000000 -0.000000 -0.000000 
-0.000000 -0.000000 -0.000000 0.000762 0.004116 0.010709 0.030799 0.105082 0.505180 0.832054 0.817237 0.742787 0.758120 0.775267 0.800880 0.829200 0.855217 0.876076 0.904463 0.928893 0.918928 0.889545 0.850502 0.784763 0.458697 0.231704 0.083662 0.004886 0.005932 0.003299 0.001492 0.000308 -0.000000 -0.000000 -0.000000 
-0.000000 -0.000000 0.000063 0.002553 0.007856 0.029943 0.047013 0.159665 0.617093 0.802181 0.701511 0.641864 0.652752 0.668904 0.700378 0.739615 0.791216 0.857591 0.881296 0.835840 0.775000 0.720991 0.682554 0.640957 0.417638 0.161654 0.036620 -0.061078 -0.032414 -0.001470 0.002297 0.000936 0.000115 -0.000000 -0.000000 
-0.000000 -0.000000 0.001184 0.004657 0.024714 0.035079 -0.003364 0.150036 0.594848 0.691894 0.545199 0.496514 0.507443 0.531003 0.569564 0.623835 0.708313 0.769427 0.753344 0.701771 0.671987 0.671985 0.671692 0.652294 0.492555 0.182962 0.007418 -0.148739 -0.132066 -0.056359 -0.004816 0.001288 0.000407 -0.000000 -0.000000 
-0.000000 -0.000000 0.002473 0.015349 0.031117 -0.029653 -0.119884 0.045584 0.476725 0.589890 0.464359 0.428075 0.436892 0.447877 0.464704 0.510978 0.574603 0.580204 0.611429 0.709041 0.776966 0.814100 0.824994 0.811369 0.687877 0.374222 0.168444 -0.076997 -0.178811 -0.136792 -0.054820 -0.000817 0.000600 -0.000000 -0.000000 
-0.000000 0.000644 0.004099 0.028123 -0.017535 -0.168555 -0.285424 -0.072712 0.429458 0.576605 0.455195 0.402705 0.411580 0.421939 0.436368 0.478779 0.455925 0.439169 0.575518 0.788988 0.910379 0.942945 0.951830 0.937587 0.810961 0.509507 0.314415 0.090294 -0.045276 -0.127602 -0.115588 -0.028435 0.000459 0.000115 -0.000000 
-0.000000 0.001294 0.010586 0.015827 -0.151266 -0.333896 -0.357360 -0.187635 0.352059 0.571309 0.480609 0.393344 0.401351 0.411618 0.438039 0.472439 0.436702 0.469568 0.583094 0.794787 1.006165 1.054661 1.061571 1.043978 0.882778 0.600718 0.414762 0.190424 0.098518 0.021274 -0.088393 -0.071952 -0.002016 0.000186 -0.000000 
-0.000000 0.001840 0.022391 -0.043476 -0.322384 -0.411830 -0.391328 -0.326142 0.209472 0.550243 0.538890 0.410826 0.404295 0.414725 0.464167 0.514967 0.506885 0.561708 0.610886 0.742861 1.041409 1.143621 1.153355 1.118957 0.897051 0.650854 0.468850 0.258155 0.208785 0.157515 0.043817 -0.072932 -0.014364 0.000255 -0.000000 
-0.000000 0.002249 0.025127 -0.147202 -0.436412 -0.447293 -0.419981 -0.383608 -0.025590 0.453683 0.602145 0.483807 0.428191 0.464419 0.560189 0.618951 0.648337 0.657174 0.663375 0.717847 0.991924 1.169962 1.198757 1.131787 0.872354 0.664901 0.476272 0.330071 0.300683 0.258070 0.182637 -0.001283 -0.024293 0.000507 -0.000000 
0.000068 0.002305 0.011592 -0.248684 -0.491871 -0.477879 -0.446375 -0.412279 -0.310662 0.203639 0.567103 0.628269 0.551008 0.549114 0.655267 0.708768 0.749807 0.754633 0.755358 0.774777 0.997533 1.209144 1.156103 1.003925 0.804564 0.640663 0.451144 0.400681 0.378595 0.342593 0.286297 0.089378 -0.012882 0.001111 -0.000232 
0.000114 0.001903 -0.009583 -0.308713 -0.524425 -0.504620 -0.473420 -0.440364 -0.405170 -0.205859 0.317630 0.701479 0.753532 0.619302 0.713847 0.817605 0.857349 0.859211 0.842488 0.836507 1.061419 1.277433 1.083850 0.803001 0.653341 0.554390 0.478967 0.463067 0.445577 0.417070 0.366517 0.172236 0.021609 0.002166 0.000072 
0.000065 0.001264 -0.024540 -0.319738 -0.551067 -0.532832 -0.501280 -0.469795 -0.444273 -0.401533 -0.119333 0.377310 0.703784 0.771471 0.854037 0.935675 0.963215 0.952209 0.932509 0.912690 1.077583 1.185218 0.930461 0.664626 0.477569 0.453881 0.524853 0.518703 0.505296 0.478439 0.430924 0.227521 0.059333 0.003202 -0.000012 
-0.000000 0.000590 -0.028050 -0.282173 -0.563735 -0.558867 -0.530104 -0.501150 -0.480976 -0.406413 -0.296083 -0.158259 0.110163 0.430667 0.791691 1.067083 1.110303 1.042647 0.945440 0.845943 0.970813 0.926015 0.711602 0.536912 0.415512 0.431154 0.529742 0.568551 0.559460 0.533492 0.476732 0.255174 0.077771 0.003718 -0.000000 
-0.000000 0.000098 -0.021468 -0.212188 -0.532651 -0.582893 -0.558997 -0.533976 -0.503446 -0.400393 -0.314291 -0.326252 -0.322764 -0.233013 0.023640 0.455287 0.657704 0.659296 0.551750 0.472595 0.628017 0.643043 0.572164 0.531501 0.462964 0.437968 0.521389 0.615427 0.608130 0.580964 0.486791 0.253117 0.065115 0.003469 -0.000000 
-0.000000 -0.000126 -0.008507 -0.137353 -0.424937 -0.581203 -0.585715 -0.570621 -0.519050 -0.399420 -0.343222 -0.371770 -0.385478 -0.394701 -0.358953 -0.121556 0.081251 0.113283 0.128721 0.317785 0.587064 0.623068 0.603978 0.577867 0.521172 0.468946 0.528289 0.642938 0.648772 0.600097 0.455848 0.221710 0.028161 0.002587 -0.000000 
-0.000000 -0.000112 -0.002023 -0.071224 -0.270836 -0.497517 -0.589199 -0.599168 -0.536312 -0.415411 -0.378443 -0.410805 -0.428458 -0.443000 -0.446887 -0.299658 -0.033709 0.105202 0.236541 0.500855 0.664275 0.660976 0.643674 0.619710 0.572755 0.506543 0.546689 0.664611 0.666143 0.571533 0.373306 0.143850 0.008713 0.001287 -0.000000 
-0.000000 -0.000000 -0.001188 -0.020081 -0.140285 -0.351620 -0.496033 -0.576924 -0.552622 -0.438399 -0.410732 -0.444832 -0.465410 -0.482814 -0.493738 -0.446652 -0.196327 0.105673 0.391028 0.641574 0.702205 0.697394 0.682287 0.659706 0.615182 0.543589 0.569151 0.654744 0.623653 0.485951 0.244884 0.046941 0.004738 -0.000000 -0.000000 
-0.000000 -0.000000 -0.000579 -0.003222 -0.045944 -0.175323 -0.352029 -0.462463 -0.478339 -0.409191 -0.404508 -0.450171 -0.470824 -0.479649 -0.471770 -0.440007 -0.291124 0.073979 0.451174 0.634434 0.683777 0.699671 0.694009 0.672165 0.615899 0.527092 0.529755 0.595260 0.514910 0.293266 0.091252 0.008332 0.002050 -0.000000 -0.000000 
-0.000000 -0.000000 -0.000049 -0.001539 -0.005789 -0.050919 -0.159310 -0.301660 -0.359619 -0.311281 -0.299336 -0.353132 -0.376354 -0.381795 -0.365724 -0.314162 -0.210703 0.019719 0.295292 0.461720 0.558897 0.608049 0.616392 0.598715 0.529125 0.440267 0.432719 0.433990 0.267161 0.094467 0.011660 0.003503 -0.000057 -0.000000 -0.000000 
-0.000000 -0.000000 -0.000000 -0.000384 -0.002371 -0.006358 -0.032152 -0.100152 -0.178335 -0.175584 -0.158166 -0.211052 -0.234059 -0.229464 -0.193886 -0.118002 -0.022077 0.003129 0.031133 0.163951 0.292045 0.371862 0.402514 0.391211 0.302341 0.215955 0.192111 0.153032 0.055066 0.010604 0.004187 0.000781 -0.000000 -0.000000 -0.000000 
-0.000000 -0.000000 -0.000000 -0.000000 -0.000695 -0.002766 -0.005857 -0.011732 -0.025865 -0.006260 0.038914 0.017055 -0.017062 -0.009740 0.013029 0.011934 0.003189 -0.004397 -0.011742 -0.019288 -0.016372 0.026958 0.054122 0.027027 -0.058476 -0.081045 -0.015815 0.013104 0.007650 0.003844 0.000921 -0.000000 -0.000000 -0.000000 -0.000000 
-0.000000 -0.000000 -0.000000 -0.000000 -0.000000 -0.000777 -0.002571 -0.004762 -0.007141 0.014117 0.076740 0.117359 0.079355 0.051774 0.032756 0.016520 0.003550 -0.008537 -0.019955 -0.033441 -0.048412 -0.067165 -0.092981 -0.153126 -0.176781 -0.100057 -0.010594 0.004204 0.002781 0.000895 -0.000000 -0.000000 -0.000000 -0.000000 -0.000000 
-0.000000 -0.000000 -0.000000 -0.000000 -0.000000 -0.000000 -0.000649 -0.001896 -0.003141 0.000623 0.035847 0.091076 0.103402 0.062300 0.036679 0.018328 0.002281 -0.012732 -0.027777 -0.044115 -0.061725 -0.084998 -0.134867 -0.169459 -0.120595 -0.032729 0.000851 0.001470 0.000707 -0.000000 -0.000000 -0.000000 -0.000000 -0.000000 -0.000000 
-0.000000 -0.000000 -0.000000 -0.000000 -0.000000 -0.000000 -0.000000 -0.000412 -0.001030 -0.001418 0.006343 0.040988 0.084705 0.086821 0.050427 0.020691 0.000042 -0.017439 -0.034514 -0.052860 -0.078877 -0.121093 -0.143045 -0.107690 -0.036072 -0.001316 0.000477 0.000412 -0.000000 -0.000000 -0.000000 -0.000000 -0.000000 -0.000000 -0.000000 
-0.000000 -0.000000 -0.000000 -0.000000 -0.000000 -0.000000 -0.000000 -0.000000 -0.000097 -0.000328 -0.000238 0.004492 0.028602 0.060223 0.069300 0.045623 0.017196 -0.009193 -0.034384 -0.062721 -0.091797 -0.099496 -0.067607 -0.018727 -0.001365 -0.000035 0.000157 -0.000000 -0.000000 -0.000000 -0.000000 -0.000000 -0.000000 -0.000000 -0.000000 
-0.000000 -0.000000 -0.000000 -0.000000 -0.000000 -0.000000 -0.000000 -0.000000 -0.000000 -0.000042 0.000014 0.000183 0.000706 0.005423 0.020354 0.031058 0.025196 0.003653 -0.021289 -0.037006 -0.032872 -0.012798 -0.002828 -0.001198 -0.000369 0.000084 -0.000000 -0.000000 -0.000000 -0.000000 -0.000000 -0.000000 -0.000000 -0.000000 -0.000000 
-0.000000 -0.000000 -0.000000 -0.000000 -0.000000 -0.000000 -0.000000 -0.000000 -0.000000 -0.000000 -0.000000 -0.000000 0.000122 0.000316 0.000460 0.000443 0.000137 -0.000515 -0.001138 -0.001463 -0.001391 -0.000980 -0.000451 -0.000000 -0.000000 -0.000000 -0.000000 -0.000000 -0.000000 -0.000000 -0.000000 -0.000000 -0.000000 -0.000000 -0.000000 
-0.000000 -0.000000 -0.000000 -0.000000 -0.000000 -0.000000 -0.000000 -0.000000 -0.000000 -0.000000 -0.000000 -0.000000 -0.000000 -0.000000 -0.000000 -0.000000 0.000206 -0.000024 0.000084 -0.000000 -0.000000 -0.000000 -0.000000 -0.000000 -0.000000 -0.000000 -0.000000 -0.000000 -0.000000 -0.000000 -0.000000 -0.000000 -0.000000 -0.000000 -0.000000 
