0.000000 0.000000 0.000000 0.000000 0.000000 0.000000 0.000000 0.000000 0.000000 0.000000 0.000000 0.000000 0.000000 0.000000 0.000000 0.000000 0.000000 0.000000 0.000000 0.000000 0.000000 0.000000 0.000000 0.000000 0.000000 0.000000 0.000000 0.000000 0.000000 0.000000 0.000000 0.000000 0.000000 0.000000 0.000000 
0.000000 0.000000 0.000000 0.000000 0.000000 0.000000 0.000000 0.000000 0.000000 0.000000 0.000000 0.000000 0.000101 0.000304 0.000650 0.001212 0.001929 0.002608 0.003028 0.002923 0.002365 0.001561 0.000721 0.000000 0.000000 0.000000 0.000000 0.000000 0.000000 0.000000 0.000000 0.000000 0.000000 0.000000 0.000000 
0.000000 0.000000 0.000000 0.000000 0.000000 0.000000 0.000000 0.000000 0.000000 0.000000 0.000105 0.000284 0.000601 0.002677 0.010804 0.025810 0.047953 0.070140 0.082106 0.075553 0.047776 0.017022 0.005025 0.002526 0.000973 0.000000 0.000000 0.000000 0.000000 0.000000 0.000000 0.000000 0.000000 0.000000 0.000000 
0.000000 0.000000 0.000000 0.000000 0.000000 0.000000 0.000000 0.000000 0.000044 0.000230 0.000435 0.001731 0.000574 -0.000820 0.017315 0.054286 0.099007 0.145045 0.184591 0.212012 0.204078 0.162797 0.089160 0.023322 0.004063 0.001549 0.000259 0.000000 0.000000 0.000000 0.000000 0.000000 0.000000 0.000000 0.000000 
0.000000 0.000000 0.000000 0.000000 0.000000 0.000000 0.000000 0.000176 0.000618 0.001015 -0.001334 -0.018908 -0.042290 -0.038860 -0.001018 0.043140 0.088629 0.133952 0.182402 0.235988 0.282870 0.294624 0.242798 0.146551 0.047030 0.004909 0.001523 0.000192 0.000000 0.000000 0.000000 0.000000 0.000000 0.000000 0.000000 
0.000000 0.000000 0.000000 0.000000 0.000000 0.000000 0.000347 0.001119 0.001895 -0.002166 -0.032366 -0.081610 -0.096012 -0.052923 -0.001900 0.042682 0.081282 0.117927 0.154879 0.197757 0.252241 0.313830 0.340009 0.287321 0.162515 0.046179 0.003577 0.000772 -0.000022 0.000000 0.000000 0.000000 0.000000 0.000000 0.000000 
0.000000 0.000000 0.000000 0.000000 0.000000 0.000416 0.001571 0.003018 0.002409 -0.028338 -0.095075 -0.133987 -0.095399 -0.035982 0.013715 0.052682 0.085385 0.114613 0.144286 0.178326 0.220065 0.274953 0.341440 0.356836 0.284324 0.137701 0.022310 0.000813 -0.000394 -0.000243 0.000000 0.000000 0.000000 0.000000 0.000000 
0.000000 0.000000 0.000000 0.000000 0.000360 0.001684 0.003854 0.007315 0.003595 -0.042701 -0.089786 -0.070088 -0.006066 0.028818 0.039825 0.064923 0.091679 0.115345 0.139102 0.164685 0.192722 0.210573 0.252634 0.307319 0.294954 0.198831 0.058875 -0.001299 -0.002154 -0.001549 -0.000460 0.000000 0.000000 0.000000 0.000000 
0.000000 0.000000 0.000000 0.000079 0.001278 0.004123 0.022199 0.074615 0.114167 0.093063 0.079777 0.142580 0.211677 0.246351 0.239549 0.183463 0.117909 0.117461 0.122563 0.074675 0.040443 0.046962 0.085559 0.153066 0.173149 0.113420 -0.010566 -0.073839 -0.029803 -0.005146 -0.002187 -0.000345 0.000000 0.000000 0.000000 
0.000000 0.000000 0.000000 0.000547 0.003348 0.035335 0.131413 0.245629 0.239653 0.168656 0.152538 0.228674 0.302696 0.358050 0.392325 0.372034 0.298301 0.137086 -0.012685 -0.056269 -0.060289 -0.033085 0.011708 0.077554 0.121237 0.069211 -0.074887 -0.215619 -0.168298 -0.062082 -0.006726 -0.002052 0.000000 0.000000 0.000000 
0.000000 0.000000 -0.000027 0.001418 0.030499 0.140942 0.291660 0.331883 0.238100 0.121237 0.094174 0.170729 0.243701 0.318860 0.388654 0.445729 0.404451 0.182854 -0.038957 -0.098372 -0.074747 -0.040152 0.005980 0.068979 0.125634 0.081578 -0.067560 -0.265293 -0.314740 -0.211391 -0.068212 -0.005449 -0.001220 0.000000 0.000000 
0.000000 0.000000 0.000041 0.009575 0.109198 0.282741 0.349930 0.307539 0.180398 0.067080 0.053555 0.134464 0.200464 0.255127 0.308604 0.355941 0.310446 0.239046 0.112905 -0.047906 -0.071988 -0.046797 -0.005157 0.057592 0.122274 0.087398 -0.049884 -0.251713 -0.349438 -0.350996 -0.207852 -0.037135 -0.003285 0.000000 0.000000 
0.000000 -0.000224 0.000040 0.044926 0.211136 0.354548 0.341651 0.296347 0.180334 0.067135 0.048559 0.129710 0.196944 0.251115 0.290317 0.232400 0.153935 0.251485 0.263676 0.052811 -0.078496 -0.054179 -0.008250 0.057638 0.121038 0.079884 -0.062930 -0.254903 -0.334522 -0.384369 -0.338911 -0.139401 -0.006971 -0.000875 0.000000 
0.000000 -0.000510 0.001265 0.097815 0.312771 0.377588 0.346604 0.300010 0.194534 0.077101 0.044482 0.119916 0.189736 0.245944 0.261751 0.152527 0.116161 0.198243 0.288372 0.177645 -0.045105 -0.050182 0.001372 0.071965 0.124925 0.065295 -0.093079 -0.282040 -0.337317 -0.369844 -0.412486 -0.255343 -0.027341 -0.002031 0.000000 
0.000000 -0.000918 0.004878 0.151354 0.389309 0.392325 0.344797 0.305937 0.223617 0.109801 0.049372 0.102529 0.178548 0.240199 0.221722 0.108526 0.094249 0.117222 0.198249 0.221565 -0.011236 -0.052932 0.017482 0.094424 0.119199 0.027750 -0.147303 -0.312046 -0.342291 -0.371153 -0.423368 -0.335775 -0.080884 -0.003229 0.000000 
0.000000 -0.001440 0.004769 0.203107 0.437374 0.395936 0.346611 0.308786 0.257378 0.160388 0.077606 0.092655 0.209742 0.337509 0.374075 0.384151 0.438793 0.468060 0.490030 0.484901 0.171880 -0.036862 0.012131 0.098329 0.085168 -0.043860 -0.223700 -0.321832 -0.347099 -0.376981 -0.424669 -0.373448 -0.124859 -0.004139 0.000000 
0.000000 -0.001913 -0.000717 0.246825 0.458906 0.402279 0.351272 0.314313 0.282115 0.221155 0.164277 0.230543 0.433099 0.659377 0.781009 0.809537 0.786781 0.815991 0.877596 0.954903 0.658381 0.263785 0.157814 0.087055 -0.011722 -0.153456 -0.297004 -0.328852 -0.353914 -0.384213 -0.431588 -0.386804 -0.136480 -0.004404 0.000000 
0.000000 -0.002112 -0.007976 0.265353 0.472822 0.413539 0.361769 0.323839 0.295182 0.298162 0.408433 0.528853 0.675229 0.860746 0.900319 0.841982 0.766490 0.810582 0.884430 0.989490 0.846873 0.568910 0.390964 0.135854 -0.119573 -0.284598 -0.320254 -0.338829 -0.362855 -0.393790 -0.443294 -0.384028 -0.114549 -0.003834 0.000000 
0.000000 -0.001872 -0.012629 0.245016 0.486961 0.430233 0.377137 0.339162 0.322956 0.470444 0.653075 0.770666 0.849038 0.895073 0.903452 0.863360 0.744494 0.795919 0.890171 1.002234 0.829697 0.572732 0.426654 0.117635 -0.157433 -0.303327 -0.338601 -0.351206 -0.374753 -0.406586 -0.456425 -0.345821 -0.065342 -0.002656 0.000000 
0.000000 -0.001286 -0.012379 0.186240 0.484768 0.453388 0.400110 0.361230 0.434099 0.637924 0.799990 0.901061 0.943919 0.923854 0.929698 0.888807 0.720953 0.761922 0.848855 0.884666 0.608628 0.361182 0.253920 0.088608 -0.107002 -0.255307 -0.344934 -0.365330 -0.388795 -0.421924 -0.452467 -0.249850 -0.014486 -0.001361 0.000000 
0.000000 -0.000607 -0.005737 0.114261 0.427893 0.480428 0.429855 0.398599 0.569962 0.765771 0.885579 0.957955 0.962249 0.949893 0.961046 0.938333 0.752636 0.664673 0.708647 0.634150 0.317379 0.188413 0.152275 0.096454 -0.057653 -0.209067 -0.328239 -0.379308 -0.404163 -0.438682 -0.379348 -0.104974 0.011592 -0.000362 0.000000 
0.000000 -0.000136 -0.000102 0.059887 0.305071 0.475520 0.466418 0.478385 0.686853 0.861812 0.947837 0.987711 0.975016 0.960959 0.962125 1.007171 0.891866 0.691462 0.621925 0.428495 0.188973 0.138273 0.116622 0.083036 -0.032857 -0.175661 -0.306846 -0.386260 -0.417711 -0.410163 -0.196480 0.004823 0.006573 0.000157 0.000000 
0.000000 0.000053 0.001029 0.027579 0.172356 0.386137 0.476706 0.562132 0.779233 0.936904 0.999954 1.017464 1.000563 0.985653 0.980376 1.036124 1.067772 0.874774 0.576657 0.284601 0.132162 0.112234 0.092884 0.064308 -0.024974 -0.158096 -0.290928 -0.382336 -0.385501 -0.212238 -0.016706 0.038134 0.001060 0.000226 0.000000 
0.000000 0.000000 0.001095 0.009558 0.083222 0.258790 0.399949 0.572234 0.844829 1.000846 1.053098 1.061267 1.043494 1.030407 1.026359 1.044753 1.100878 0.981679 0.636527 0.291989 0.150813 0.110369 0.086073 0.057878 -0.020998 -0.144833 -0.263784 -0.270945 -0.151930 -0.001172 0.056567 0.015904 0.000967 0.000000 0.000000 
0.000000 0.000000 0.000662 0.003360 0.029856 0.123935 0.284545 0.488642 0.801455 1.010447 1.087445 1.103305 1.088203 1.068853 1.037800 0.993944 0.944096 0.879906 0.682798 0.500179 0.368520 0.269533 0.204250 0.163567 0.098614 0.023900 -0.023323 -0.012145 0.047695 0.071916 0.033786 0.002285 0.000635 0.000000 0.000000 
0.000000 0.000000 0.000000 0.002032 0.006455 0.040708 0.132433 0.335409 0.680992 0.933211 1.035263 1.057803 1.043528 1.012807 0.962295 0.879902 0.764744 0.640019 0.627020 0.621837 0.575117 0.518167 0.466987 0.426450 0.351405 0.259436 0.173859 0.120625 0.083019 0.036436 0.003810 0.001398 0.000000 0.000000 0.000000 
0.000000 0.000000 0.000000 0.000616 0.003498 0.009090 0.034726 0.128484 0.443406 0.762348 0.912591 0.950181 0.934938 0.893765 0.818172 0.708419 0.589403 0.546685 0.538947 0.576073 0.599958 0.598601 0.576756 0.542040 0.443496 0.318919 0.185050 0.074792 0.024299 0.004331 0.001889 0.000420 0.000000 0.000000 0.000000 
0.000000 0.000000 0.000000 0.000000 0.001144 0.004788 0.011382 0.026559 0.197897 0.491811 0.687996 0.753356 0.741079 0.695351 0.633112 0.596705 0.572460 0.551961 0.534899 0.520473 0.513742 0.520461 0.513659 0.464051 0.342651 0.202628 0.080129 0.011455 0.004713 0.002135 0.000640 0.000000 0.000000 0.000000 0.000000 
0.000000 0.000000 0.000000 0.000000 0.000000 0.001539 0.005838 0.013417 0.067342 0.298741 0.537608 0.651720 0.666974 0.647267 0.629148 0.608351 0.586872 0.566688 0.549477 0.533884 0.516709 0.495423 0.465480 0.366399 0.238809 0.119523 0.026497 0.005446 0.002279 0.000651 0.000000 0.000000 0.000000 0.000000 0.000000 
0.000000 0.000000 0.000000 0.000000 0.000000 0.000000 0.001674 0.006364 0.015388 0.115110 0.356447 0.572461 0.661688 0.656413 0.635298 0.619776 0.601126 0.583976 0.565147 0.546795 0.524545 0.496583 0.415093 0.290688 0.161106 0.048599 0.006449 0.002436 0.000585 0.000000 0.000000 0.000000 0.000000 0.000000 0.000000 
0.000000 0.000000 0.000000 0.000000 0.000000 0.000000 0.000000 0.001468 0.006289 0.015637 0.117630 0.342578 0.548726 0.655927 0.658387 0.629038 0.608491 0.592067 0.572412 0.549440 0.517054 0.439618 0.314615 0.172363 0.053764 0.007081 0.002588 0.000500 0.000000 0.000000 0.000000 0.000000 0.000000 0.000000 0.000000 
0.000000 0.000000 0.000000 0.000000 0.000000 0.000000 0.000000 0.000000 0.001089 0.005062 0.011726 0.063733 0.232019 0.428868 0.568553 0.640232 0.643955 0.627297 0.592296 0.530121 0.406649 0.269817 0.128003 0.032071 0.005911 0.002311 0.000424 0.000000 0.000000 0.000000 0.000000 0.000000 0.000000 0.000000 0.000000 
0.000000 0.000000 0.000000 0.000000 0.000000 0.000000 0.000000 0.000000 0.000000 0.000000 0.002770 0.006932 0.013769 0.049439 0.149129 0.256874 0.320460 0.328304 0.280696 0.196396 0.099822 0.030593 0.008385 0.003898 0.001417 0.000000 0.000000 0.000000 0.000000 0.000000 0.000000 0.000000 0.000000 0.000000 0.000000 
0.000000 0.000000 0.000000 0.000000 0.000000 0.000000 0.000000 0.000000 0.000000 0.000000 0.000000 0.000000 0.001897 0.004374 0.006966 0.009412 0.011027 0.011135 0.009905 0.007633 0.005144 0.002943 0.001172 0.000000 0.000000 0.000000 0.000000 0.000000 0.000000 0.000000 0.000000 0.000000 0.000000 0.000000 0.000000 
0.000000 0.000000 0.000000 0.000000 0.000000 0.000000 0.000000 0.000000 0.000000 0.000000 0.000000 0.000000 0.000000 0.000000 0.000000 0.000000 0.000000 0.000000 0.000000 0.000000 0.000000 0.000000 0.000000 0.000000 0.000000 0.000000 0.000000 0.000000 0.000000 0.000000 0.000000 0.000000 0.000000 0.000000 0.000000 
