0.000000 0.000000 0.000000 0.000000 0.000000 0.000000 0.000000 0.000000 0.000000 0.000000 0.000000 0.000000 0.000000 0.000000 0.000000 0.000000 0.000000 0.000000 0.000006 -0.000000 0.000000 0.000000 0.000000 0.000000 0.000000 0.000000 0.000000 0.000000 0.000000 0.000000 0.000000 0.000000 0.000000 0.000000 0.000000 
0.000000 0.000000 0.000000 0.000000 0.000000 0.000000 0.000000 0.000000 0.000000 0.000000 0.000000 0.000000 0.000000 0.000011 0.000060 0.000147 0.000254 0.000352 0.000404 0.000391 0.000318 0.000216 0.000115 0.000038 0.000000 0.000000 0.000000 0.000000 0.000000 0.000000 0.000000 0.000000 0.000000 0.000000 0.000000 
0.000000 0.000000 0.000000 0.000000 0.000000 0.000000 0.000000 0.000000 0.000000 0.000000 -0.000003 -0.000011 0.000045 0.000192 0.000475 0.002055 0.005699 0.009744 0.011971 0.011144 0.007815 0.003886 0.001292 0.000468 0.000211 0.000063 -0.000000 0.000000 0.000000 0.000000 0.000000 0.000000 0.000000 0.000000 0.000000 
0.000000 0.000000 0.000000 0.000000 0.000000 0.000000 0.000000 0.000000 0.000000 -0.000029 -0.000065 -0.000017 0.000160 0.003469 0.013309 0.028406 0.044761 0.056943 0.062093 0.059427 0.049444 0.034515 0.019331 0.007692 0.001746 0.000389 0.000141 0.000023 0.000000 0.000000 0.000000 0.000000 0.000000 0.000000 0.000000 
0.000000 0.000000 0.000000 0.000000 0.000000 0.000000 0.000000 0.000000 -0.000056 -0.000139 -0.000159 0.000289 0.006739 0.022621 0.045689 0.069447 0.086100 0.095088 0.098753 0.097932 0.091675 0.077637 0.055664 0.032221 0.013804 0.003448 0.000511 0.000186 0.000038 0.000000 0.000000 0.000000 0.000000 0.000000 0.000000 
0.000000 0.000000 0.000000 0.000000 0.000000 0.000000 0.000000 -0.000066 -0.000215 -0.000328 -0.000236 0.005941 0.023093 0.048734 0.072890 0.086548 0.092839 0.096012 0.097894 0.098957 0.098759 0.095284 0.084038 0.061511 0.035516 0.014665 0.003371 0.000478 0.000186 0.000046 0.000000 0.000000 0.000000 0.000000 0.000000 
0.000000 0.000000 0.000000 0.000000 0.000000 0.000000 -0.000060 -0.000283 -0.000541 -0.000956 0.002215 0.016393 0.040240 0.064418 0.076786 0.081770 0.084162 0.085792 0.087267 0.088766 0.090161 0.090826 0.088832 0.078761 0.055461 0.030407 0.011032 0.001887 0.000389 0.000163 0.000044 0.000000 0.000000 0.000000 0.000000 
0.000000 0.000000 0.000000 0.000000 0.000000 -0.000040 -0.000329 -0.000773 -0.001428 -0.003103 0.001850 0.018329 0.040887 0.057033 0.065866 0.071818 0.074238 0.075932 0.077547 0.079055 0.080591 0.082233 0.083327 0.081213 0.068017 0.043757 0.021159 0.005866 0.000705 0.000298 0.000130 0.000032 0.000000 0.000000 0.000000 
0.000000 0.000000 0.000000 0.000000 -0.000020 -0.000325 -0.000965 -0.003878 -0.013190 -0.024266 -0.023570 -0.009530 0.008758 0.018075 0.027485 0.040373 0.056064 0.067812 0.071242 0.072761 0.073855 0.074844 0.076071 0.076353 0.071736 0.051360 0.028837 0.010888 0.001879 0.000588 0.000220 0.000095 0.000017 0.000000 0.000000 
0.000000 0.000000 0.000000 0.000002 -0.000231 -0.000997 -0.006762 -0.024959 -0.050746 -0.068133 -0.066271 -0.051707 -0.038550 -0.032026 -0.022979 -0.007891 0.014638 0.042173 0.063157 0.068354 0.068368 0.068419 0.069326 0.070330 0.068965 0.054503 0.032235 0.013562 0.002270 0.000550 0.000508 0.000159 0.000055 0.000001 0.000000 
0.000000 0.000000 0.000000 -0.000089 -0.000733 -0.006471 -0.032064 -0.070693 -0.103567 -0.117171 -0.111327 -0.094971 -0.084932 -0.080647 -0.074393 -0.062004 -0.039400 -0.005289 0.034178 0.059078 0.063452 0.063821 0.064901 0.066271 0.066081 0.055744 0.033494 0.014216 0.001296 -0.001105 0.000026 0.000373 0.000089 0.000019 0.000000 
0.000000 0.000000 0.000000 -0.000367 -0.002826 -0.028399 -0.078976 -0.126436 -0.153475 -0.155874 -0.136092 -0.110286 -0.098137 -0.096461 -0.098501 -0.099467 -0.090582 -0.064149 -0.017192 0.034513 0.058291 0.061382 0.062901 0.064439 0.064488 0.055603 0.033168 0.013458 -0.000191 -0.003585 -0.001864 -0.000152 0.000223 0.000035 0.000000 
0.000000 0.000000 -0.000049 -0.000835 -0.014028 -0.067919 -0.134918 -0.172500 -0.176792 -0.161733 -0.135711 -0.107435 -0.093673 -0.092233 -0.096410 -0.104214 -0.112304 -0.110439 -0.076641 -0.007845 0.046820 0.059995 0.062054 0.063786 0.063628 0.053485 0.030593 0.010929 -0.002593 -0.005959 -0.004619 -0.001792 0.000013 0.000045 0.000005 
0.000000 0.000000 -0.000176 -0.001856 -0.037294 -0.116383 -0.179674 -0.189421 -0.177688 -0.159248 -0.133346 -0.104621 -0.087470 -0.085052 -0.089156 -0.098384 -0.113327 -0.128858 -0.120471 -0.058584 0.024600 0.058631 0.062756 0.064734 0.063581 0.049524 0.025880 0.006647 -0.005879 -0.008136 -0.007435 -0.004275 -0.000984 0.000075 0.000008 
0.000000 0.000000 -0.000347 -0.005628 -0.067088 -0.160098 -0.199381 -0.190477 -0.172549 -0.156313 -0.133753 -0.106035 -0.083843 -0.078216 -0.081535 -0.091950 -0.112780 -0.137697 -0.149385 -0.109548 -0.010607 0.054006 0.064734 0.067025 0.062541 0.042721 0.018896 0.000896 -0.009041 -0.010027 -0.009875 -0.007225 -0.002577 -0.000099 0.000006 
0.000000 0.000000 -0.000509 -0.012233 -0.094852 -0.186033 -0.203431 -0.186506 -0.167165 -0.154022 -0.137509 -0.112822 -0.086678 -0.075569 -0.080630 -0.098848 -0.131418 -0.166289 -0.190360 -0.174438 -0.072571 0.020810 0.051296 0.062118 0.055101 0.031595 0.009251 -0.005745 -0.010849 -0.011615 -0.011815 -0.009883 -0.004504 -0.000646 -0.000001 
0.000000 0.000000 -0.000615 -0.017944 -0.111353 -0.195410 -0.201061 -0.181427 -0.162156 -0.150260 -0.141507 -0.123517 -0.100227 -0.085970 -0.093112 -0.117754 -0.154425 -0.190733 -0.218409 -0.216755 -0.126071 -0.027475 0.010145 0.026702 0.026778 0.013332 -0.002231 -0.011012 -0.012214 -0.012982 -0.013358 -0.011883 -0.006241 -0.001359 -0.000013 
-0.000001 -0.000006 -0.000626 -0.019490 -0.112933 -0.193046 -0.195887 -0.175968 -0.157129 -0.145687 -0.140236 -0.134009 -0.123131 -0.114524 -0.115572 -0.129742 -0.154239 -0.181036 -0.205255 -0.206568 -0.126256 -0.043658 -0.028419 -0.030403 -0.026182 -0.018942 -0.014001 -0.013134 -0.013488 -0.014182 -0.014608 -0.013237 -0.007449 -0.002014 -0.000027 
-0.000001 0.000001 -0.000541 -0.016029 -0.100037 -0.180850 -0.188719 -0.170375 -0.151777 -0.139868 -0.134147 -0.135437 -0.142360 -0.148686 -0.146806 -0.144314 -0.153699 -0.171710 -0.191153 -0.189000 -0.116331 -0.055326 -0.061770 -0.079294 -0.075519 -0.053245 -0.028872 -0.015442 -0.014708 -0.015287 -0.015597 -0.013943 -0.007996 -0.002365 -0.000040 
-0.000000 0.000000 -0.000396 -0.009869 -0.075616 -0.157116 -0.177976 -0.163887 -0.146199 -0.132733 -0.126466 -0.129707 -0.144284 -0.160992 -0.168876 -0.173678 -0.186341 -0.202449 -0.216824 -0.201551 -0.131215 -0.083580 -0.091127 -0.102841 -0.099356 -0.074574 -0.045372 -0.022786 -0.015907 -0.016250 -0.016275 -0.013895 -0.007804 -0.002194 -0.000046 
0.000000 0.000000 -0.000241 -0.004194 -0.047118 -0.120286 -0.159440 -0.154975 -0.139837 -0.125400 -0.118325 -0.122742 -0.137092 -0.151515 -0.165001 -0.181559 -0.205744 -0.228195 -0.236718 -0.201273 -0.133032 -0.096838 -0.098140 -0.103241 -0.104035 -0.086820 -0.058553 -0.032689 -0.017466 -0.017025 -0.016397 -0.013067 -0.006936 -0.001478 -0.000044 
0.000000 0.000000 -0.000112 -0.001237 -0.022954 -0.075787 -0.126147 -0.139466 -0.130571 -0.117247 -0.110552 -0.115613 -0.128140 -0.140355 -0.153635 -0.170191 -0.194632 -0.216000 -0.209464 -0.163915 -0.110817 -0.092537 -0.094409 -0.099020 -0.102934 -0.093476 -0.067438 -0.040710 -0.020746 -0.017328 -0.015553 -0.011339 -0.005393 -0.000562 -0.000032 
0.000000 0.000000 -0.000031 -0.000438 -0.007508 -0.037770 -0.080014 -0.109028 -0.114171 -0.105986 -0.101145 -0.107023 -0.118116 -0.129403 -0.142168 -0.156732 -0.173811 -0.181224 -0.161280 -0.121957 -0.094139 -0.089431 -0.092129 -0.096683 -0.101587 -0.096668 -0.072439 -0.045617 -0.023487 -0.016612 -0.013708 -0.008742 -0.003217 -0.000179 -0.000015 
0.000000 0.000000 0.000000 -0.000170 -0.001302 -0.013185 -0.038672 -0.065434 -0.081527 -0.086231 -0.087151 -0.094993 -0.105994 -0.116561 -0.127255 -0.135911 -0.138599 -0.132870 -0.115212 -0.094353 -0.086596 -0.088365 -0.091694 -0.096453 -0.101632 -0.097858 -0.074264 -0.047040 -0.023229 -0.014624 -0.010909 -0.005515 -0.001062 -0.000103 0.000000 
0.000000 0.000000 0.000000 -0.000040 -0.000279 -0.002393 -0.012545 -0.028897 -0.042848 -0.050161 -0.057709 -0.070851 -0.084612 -0.093695 -0.099295 -0.100781 -0.097875 -0.091196 -0.084472 -0.081466 -0.084308 -0.087881 -0.092077 -0.097436 -0.102482 -0.096500 -0.071816 -0.043629 -0.020000 -0.011576 -0.006679 -0.002185 -0.000265 -0.000043 0.000000 
0.000000 0.000000 0.000000 0.000000 -0.000079 -0.000290 -0.001943 -0.007624 -0.015336 -0.020783 -0.027104 -0.039093 -0.054239 -0.063796 -0.069420 -0.071530 -0.071183 -0.068926 -0.069729 -0.076797 -0.083112 -0.088103 -0.093323 -0.099045 -0.103116 -0.091773 -0.065457 -0.036304 -0.014106 -0.006470 -0.002472 -0.000437 -0.000128 -0.000002 0.000000 
0.000000 0.000000 0.000000 0.000000 -0.000008 -0.000078 -0.000199 -0.000763 -0.002584 -0.004325 -0.008329 -0.018473 -0.034806 -0.047056 -0.054281 -0.058218 -0.060687 -0.064270 -0.069101 -0.074118 -0.081222 -0.088251 -0.095089 -0.101095 -0.101968 -0.082416 -0.053120 -0.023251 -0.006063 -0.001887 -0.000517 -0.000202 -0.000029 0.000000 0.000000 
0.000000 0.000000 0.000000 0.000000 0.000000 -0.000011 -0.000050 -0.000093 -0.000143 0.000184 -0.000923 -0.008178 -0.023391 -0.040704 -0.051470 -0.058479 -0.064117 -0.069238 -0.074197 -0.078986 -0.083812 -0.089326 -0.095985 -0.100071 -0.091239 -0.064732 -0.033385 -0.009395 -0.001344 -0.000581 -0.000243 -0.000055 0.000000 0.000000 0.000000 
0.000000 0.000000 0.000000 0.000000 0.000000 0.000000 -0.000009 -0.000022 -0.000025 0.000084 0.000010 -0.004103 -0.016219 -0.035726 -0.053533 -0.064491 -0.071836 -0.077695 -0.082954 -0.088070 -0.093112 -0.097886 -0.100662 -0.095493 -0.072895 -0.042413 -0.015512 -0.002664 -0.000654 -0.000263 -0.000062 0.000000 0.000000 0.000000 0.000000 
0.000000 0.000000 0.000000 0.000000 0.000000 0.000000 0.000000 -0.000009 -0.000012 -0.000008 -0.000013 -0.001500 -0.008526 -0.023941 -0.045760 -0.065046 -0.077479 -0.085725 -0.092127 -0.097373 -0.101512 -0.102813 -0.096261 -0.075226 -0.045502 -0.018993 -0.004201 -0.000705 -0.000264 -0.000054 0.000000 0.000000 0.000000 0.000000 0.000000 
0.000000 0.000000 0.000000 0.000000 0.000000 0.000000 0.000000 0.000000 -0.000010 -0.000014 -0.000031 -0.000306 -0.002570 -0.010062 -0.024800 -0.045570 -0.065730 -0.080557 -0.089916 -0.094364 -0.093091 -0.082988 -0.062424 -0.037468 -0.016134 -0.003770 -0.000660 -0.000232 -0.000032 0.000000 0.000000 0.000000 0.000000 0.000000 0.000000 
0.000000 0.000000 0.000000 0.000000 0.000000 0.000000 0.000000 0.000000 0.000000 -0.000007 -0.000020 -0.000052 -0.000307 -0.001900 -0.006806 -0.016067 -0.028913 -0.041948 -0.050629 -0.052507 -0.046790 -0.034236 -0.019546 -0.007431 -0.001526 -0.000454 -0.000149 -0.000014 0.000000 0.000000 0.000000 0.000000 0.000000 0.000000 0.000000 
0.000000 0.000000 0.000000 0.000000 0.000000 0.000000 0.000000 0.000000 0.000000 0.000000 -0.000001 -0.000013 -0.000038 -0.000110 -0.000410 -0.001436 -0.003526 -0.006134 -0.007914 -0.007659 -0.005320 -0.002412 -0.000840 -0.000454 -0.000208 -0.000048 0.000001 0.000000 0.000000 0.000000 0.000000 0.000000 0.000000 0.000000 0.000000 
0.000000 0.000000 0.000000 0.000000 0.000000 0.000000 0.000000 0.000000 0.000000 0.000000 0.000000 0.000000 0.000000 -0.000011 -0.000035 -0.000077 -0.000137 -0.000204 -0.000254 -0.000266 -0.000233 -0.000164 -0.000084 -0.000022 0.000000 0.000000 0.000000 0.000000 0.000000 0.000000 0.000000 0.000000 0.000000 0.000000 0.000000 
0.000000 0.000000 0.000000 0.000000 0.000000 0.000000 0.000000 0.000000 0.000000 0.000000 0.000000 0.000000 0.000000 0.000000 0.000000 0.000000 0.000000 0.000000 -0.000002 0.000000 0.000000 0.000000 0.000000 0.000000 0.000000 0.000000 0.000000 0.000000 0.000000 0.000000 0.000000 0.000000 0.000000 0.000000 0.000000 
