0.000000 0.000000 0.000000 0.000000 0.000000 0.000000 0.000000 0.000000 0.000000 0.000000 0.000000 0.000000 0.000000 0.000000 0.000000 0.000000 0.000000 -0.000000 -0.000092 0.000000 0.000000 0.000000 0.000000 0.000000 0.000000 0.000000 0.000000 0.000000 0.000000 0.000000 0.000000 0.000000 0.000000 0.000000 0.000000 
0.000000 0.000000 0.000000 0.000000 0.000000 0.000000 0.000000 0.000000 0.000000 0.000000 0.000000 0.000000 0.000000 -0.000425 -0.000938 -0.001465 -0.001939 -0.002262 -0.002315 -0.002098 -0.001676 -0.001200 -0.000752 -0.000343 0.000000 0.000000 0.000000 0.000000 0.000000 0.000000 0.000000 0.000000 0.000000 0.000000 0.000000 
0.000000 0.000000 0.000000 0.000000 0.000000 0.000000 0.000000 0.000000 0.000000 0.000000 -0.000010 -0.000653 -0.001578 -0.002935 -0.008591 -0.022231 -0.034782 -0.041765 -0.042428 -0.037365 -0.028788 -0.017780 -0.006730 -0.002098 -0.001116 -0.000476 -0.000012 0.000000 0.000000 0.000000 0.000000 0.000000 0.000000 0.000000 0.000000 
0.000000 0.000000 0.000000 0.000000 0.000000 0.000000 0.000000 0.000000 0.000000 -0.000318 -0.001313 -0.002785 -0.011072 -0.030491 -0.045878 -0.045654 -0.029361 -0.006873 0.007219 0.008736 -0.001543 -0.014050 -0.021277 -0.018116 -0.007664 -0.001806 -0.000890 -0.000229 0.000000 0.000000 0.000000 0.000000 0.000000 0.000000 0.000000 
0.000000 0.000000 0.000000 0.000000 0.000000 0.000000 0.000000 0.000000 -0.000550 -0.001912 -0.004127 -0.018543 -0.040917 -0.044486 -0.015985 0.031378 0.071706 0.095072 0.106925 0.112474 0.107068 0.082447 0.040910 0.001903 -0.015456 -0.010814 -0.002549 -0.001230 -0.000391 0.000000 0.000000 0.000000 0.000000 0.000000 0.000000 
0.000000 0.000000 0.000000 0.000000 0.000000 0.000000 0.000000 -0.000745 -0.002414 -0.004837 -0.019354 -0.042524 -0.039556 -0.004481 0.045185 0.076835 0.090933 0.099737 0.105842 0.112919 0.118582 0.121582 0.108721 0.069163 0.020130 -0.011035 -0.010422 -0.002903 -0.001517 -0.000492 0.000000 0.000000 0.000000 0.000000 0.000000 
0.000000 0.000000 0.000000 0.000000 0.000000 0.000000 -0.000858 -0.002837 -0.005529 -0.015037 -0.040115 -0.042866 -0.012957 0.034848 0.061796 0.071697 0.077670 0.083083 0.088642 0.094594 0.101247 0.108858 0.115415 0.107209 0.068183 0.018854 -0.011796 -0.008469 -0.003365 -0.001782 -0.000556 0.000000 0.000000 0.000000 0.000000 
0.000000 0.000000 0.000000 0.000000 0.000000 -0.000781 -0.003017 -0.006157 -0.012131 -0.046735 -0.082663 -0.083502 -0.048603 -0.009663 0.021022 0.051428 0.061862 0.066122 0.071323 0.077158 0.083807 0.086128 0.076772 0.070086 0.051843 0.014919 -0.018488 -0.023274 -0.007384 -0.003820 -0.001899 -0.000498 0.000000 0.000000 0.000000 
0.000000 0.000000 0.000000 0.000000 -0.000502 -0.002820 -0.006699 -0.029735 -0.084942 -0.158629 -0.193344 -0.178985 -0.139587 -0.122737 -0.102286 -0.065818 -0.009918 0.044608 0.057641 0.056002 0.024702 -0.001205 -0.011440 -0.008823 -0.005719 -0.034126 -0.071395 -0.085739 -0.054006 -0.019221 -0.004219 -0.001783 -0.000314 0.000000 0.000000 
0.000000 0.000000 0.000000 -0.000042 -0.002072 -0.006613 -0.047088 -0.124558 -0.198132 -0.238293 -0.226587 -0.180805 -0.145944 -0.142910 -0.146805 -0.146556 -0.120462 -0.053194 0.010145 -0.016596 -0.041708 -0.040816 -0.026028 -0.007584 0.006059 -0.010955 -0.061954 -0.110212 -0.119093 -0.079612 -0.030645 -0.004201 -0.001294 -0.000039 0.000000 
0.000000 0.000000 0.000000 -0.000989 -0.004489 -0.045557 -0.141585 -0.211679 -0.229308 -0.206285 -0.149697 -0.079295 -0.050474 -0.053834 -0.077581 -0.114555 -0.149169 -0.159667 -0.137732 -0.070485 -0.031663 0.010431 0.047163 0.075427 0.092565 0.084852 0.023797 -0.049935 -0.106550 -0.121252 -0.088117 -0.029684 -0.002817 -0.000597 0.000000 
0.000000 0.000000 0.000000 -0.002344 -0.023304 -0.127849 -0.214397 -0.211667 -0.162862 -0.116967 -0.077385 -0.025950 -0.008996 -0.009300 -0.021004 -0.045193 -0.097763 -0.199762 -0.230226 -0.090956 0.038181 0.079170 0.096637 0.110631 0.124359 0.128982 0.089112 0.038068 -0.025342 -0.083289 -0.117382 -0.078296 -0.015231 -0.001424 0.000000 
0.000000 0.000000 -0.000569 -0.004430 -0.079986 -0.196104 -0.215345 -0.151925 -0.120972 -0.104035 -0.068981 -0.018955 -0.002557 -0.001941 -0.010877 -0.028660 -0.086909 -0.177351 -0.193454 -0.097381 0.046458 0.090807 0.101781 0.114423 0.127934 0.133799 0.094691 0.049294 0.016293 -0.010054 -0.078739 -0.106882 -0.049491 -0.002654 -0.000311 
0.000000 0.000000 -0.001247 -0.015417 -0.140801 -0.213418 -0.178649 -0.140338 -0.114090 -0.099070 -0.069349 -0.024051 -0.003986 -0.001388 -0.007918 -0.028645 -0.093348 -0.134325 -0.135369 -0.114984 0.016961 0.093159 0.104172 0.116706 0.129904 0.131794 0.090868 0.047407 0.020245 0.009263 -0.020914 -0.091500 -0.078807 -0.009386 -0.000673 
0.000000 0.000000 -0.001883 -0.043867 -0.175865 -0.197975 -0.175519 -0.143007 -0.111634 -0.099072 -0.079462 -0.039341 -0.010483 -0.004304 -0.007014 -0.029951 -0.073042 -0.092086 -0.111415 -0.135140 -0.013936 0.088273 0.105058 0.119656 0.132921 0.122869 0.077021 0.037613 0.017274 0.010357 -0.003068 -0.051579 -0.085232 -0.025200 -0.000966 
0.000000 0.000000 -0.002391 -0.070505 -0.181230 -0.193488 -0.184612 -0.148357 -0.115984 -0.100714 -0.090082 -0.060087 -0.022252 -0.014409 -0.019259 -0.050493 -0.102293 -0.138569 -0.187602 -0.220492 -0.112289 0.039082 0.063913 0.099525 0.129273 0.104357 0.056821 0.023391 0.011804 0.006576 -0.002501 -0.028360 -0.073174 -0.035886 -0.001112 
0.000000 -0.000047 -0.002666 -0.082060 -0.173909 -0.201872 -0.193055 -0.155571 -0.124710 -0.104011 -0.096663 -0.084664 -0.061116 -0.046636 -0.049973 -0.076540 -0.120213 -0.162885 -0.209592 -0.243863 -0.157229 -0.001000 0.002157 0.030543 0.061800 0.058968 0.031430 0.008966 0.004133 0.000709 -0.006373 -0.022820 -0.061039 -0.035006 -0.001062 
0.000067 -0.000082 -0.002589 -0.076692 -0.161695 -0.208501 -0.202383 -0.166091 -0.134904 -0.113650 -0.108440 -0.122440 -0.105454 -0.066166 -0.057745 -0.058902 -0.085702 -0.138714 -0.183174 -0.209234 -0.110699 0.041293 0.014779 -0.004101 -0.044344 -0.046290 -0.011201 -0.002617 -0.004407 -0.007025 -0.012546 -0.025250 -0.051804 -0.024513 -0.000814 
0.000009 -0.000070 -0.002228 -0.060063 -0.144094 -0.204688 -0.212022 -0.178237 -0.146993 -0.128414 -0.147160 -0.143821 -0.110723 -0.079875 -0.060751 -0.046783 -0.060222 -0.116887 -0.155701 -0.170134 -0.046333 0.085306 0.030879 -0.029981 -0.104323 -0.136340 -0.090737 -0.020389 -0.013634 -0.015581 -0.020089 -0.030568 -0.042743 -0.011079 -0.000530 
0.000044 0.000000 -0.001740 -0.041226 -0.119068 -0.186371 -0.218389 -0.192315 -0.161509 -0.163697 -0.172002 -0.149392 -0.111715 -0.094949 -0.080825 -0.049412 -0.042461 -0.100084 -0.136432 -0.130768 0.011558 0.075395 -0.011776 -0.070995 -0.126217 -0.170044 -0.150301 -0.073042 -0.023363 -0.024719 -0.027988 -0.035842 -0.029803 -0.002024 -0.000320 
0.000000 0.000000 -0.001277 -0.023340 -0.087062 -0.153889 -0.211761 -0.204453 -0.181271 -0.198589 -0.187340 -0.144558 -0.114263 -0.116330 -0.121411 -0.114253 -0.097497 -0.134927 -0.175222 -0.133221 -0.013396 -0.017333 -0.068264 -0.095116 -0.122028 -0.169391 -0.183986 -0.125848 -0.038210 -0.033489 -0.035487 -0.035016 -0.012481 0.000637 -0.000208 
0.000000 0.000000 -0.000848 -0.008320 -0.058006 -0.112113 -0.183582 -0.206364 -0.209284 -0.226944 -0.200725 -0.147259 -0.124418 -0.129312 -0.141104 -0.153866 -0.154402 -0.179926 -0.204811 -0.125857 -0.040699 -0.058087 -0.079130 -0.096701 -0.119454 -0.163176 -0.200564 -0.163389 -0.068698 -0.040714 -0.039867 -0.020640 -0.001805 -0.000214 -0.000139 
0.000000 0.000000 -0.000429 -0.002365 -0.033149 -0.079089 -0.134760 -0.185021 -0.222801 -0.245607 -0.214146 -0.156620 -0.139042 -0.143764 -0.154481 -0.169261 -0.171999 -0.153425 -0.115709 -0.062625 -0.044459 -0.069572 -0.082662 -0.099169 -0.121094 -0.160085 -0.209479 -0.185493 -0.093089 -0.044970 -0.027035 -0.008716 -0.000434 -0.000576 -0.000085 
0.000000 0.000000 0.000000 -0.001315 -0.011322 -0.050673 -0.090556 -0.138418 -0.204053 -0.246322 -0.222567 -0.168238 -0.153035 -0.157060 -0.164972 -0.170746 -0.156613 -0.108813 -0.052314 -0.025654 -0.045467 -0.072257 -0.087123 -0.103986 -0.125719 -0.162975 -0.215253 -0.195164 -0.097613 -0.030674 -0.014982 -0.005616 -0.001632 -0.000425 0.000000 
0.000000 0.000000 0.000000 -0.000636 -0.002193 -0.021203 -0.058675 -0.094478 -0.156753 -0.215634 -0.210887 -0.168462 -0.153562 -0.153669 -0.149458 -0.137195 -0.113257 -0.077506 -0.038177 -0.024171 -0.042500 -0.062784 -0.082587 -0.104327 -0.127925 -0.167574 -0.212540 -0.180934 -0.077352 -0.021909 -0.012312 -0.004743 -0.000992 -0.000227 0.000000 
0.000000 0.000000 0.000000 -0.000011 -0.001136 -0.003456 -0.023216 -0.056458 -0.106016 -0.171957 -0.181914 -0.150035 -0.130017 -0.129115 -0.119546 -0.103365 -0.079555 -0.053514 -0.035872 -0.041310 -0.051948 -0.066761 -0.083563 -0.105655 -0.128136 -0.173191 -0.204997 -0.159745 -0.057883 -0.018250 -0.008022 -0.001987 -0.000598 -0.000005 0.000000 
0.000000 0.000000 0.000000 0.000000 -0.000318 -0.001585 -0.003896 -0.016525 -0.049435 -0.114609 -0.142800 -0.124395 -0.096882 -0.097306 -0.088725 -0.072543 -0.052322 -0.039035 -0.042361 -0.049689 -0.063121 -0.078955 -0.097042 -0.118083 -0.138513 -0.187745 -0.194592 -0.123587 -0.031842 -0.008896 -0.002936 -0.001103 -0.000175 0.000000 0.000000 
0.000000 0.000000 0.000000 0.000000 0.000000 -0.000494 -0.001914 -0.004089 -0.008739 -0.047816 -0.087642 -0.085651 -0.060764 -0.054069 -0.052204 -0.045552 -0.046682 -0.050332 -0.055497 -0.062260 -0.071077 -0.083597 -0.103288 -0.122868 -0.152639 -0.184875 -0.154434 -0.066025 -0.008912 -0.003834 -0.001615 -0.000386 0.000000 0.000000 0.000000 
0.000000 0.000000 0.000000 0.000000 0.000000 0.000000 -0.000619 -0.002083 -0.004064 -0.016393 -0.050938 -0.064051 -0.049902 -0.036025 -0.046426 -0.055968 -0.061781 -0.066498 -0.072500 -0.080018 -0.089927 -0.101588 -0.113759 -0.128995 -0.161620 -0.156900 -0.093558 -0.022987 -0.004507 -0.002045 -0.000539 0.000000 0.000000 0.000000 0.000000 
0.000000 0.000000 0.000000 0.000000 0.000000 0.000000 0.000000 -0.000660 -0.001980 -0.003836 -0.022327 -0.049758 -0.056228 -0.047497 -0.046635 -0.061062 -0.075022 -0.084226 -0.091343 -0.100410 -0.109076 -0.116578 -0.126982 -0.148501 -0.147398 -0.100101 -0.035153 -0.004910 -0.002196 -0.000629 0.000000 0.000000 0.000000 0.000000 0.000000 
0.000000 0.000000 0.000000 0.000000 0.000000 0.000000 0.000000 0.000000 -0.000568 -0.001677 -0.003364 -0.019863 -0.041745 -0.049797 -0.048170 -0.051830 -0.065154 -0.081594 -0.094319 -0.102547 -0.108884 -0.118784 -0.130585 -0.123059 -0.084801 -0.032470 -0.004708 -0.002011 -0.000560 0.000000 0.000000 0.000000 0.000000 0.000000 0.000000 
0.000000 0.000000 0.000000 0.000000 0.000000 0.000000 0.000000 0.000000 0.000000 -0.000359 -0.001163 -0.002075 -0.010266 -0.027436 -0.039310 -0.046376 -0.053484 -0.063103 -0.073914 -0.085469 -0.094337 -0.096301 -0.082338 -0.050907 -0.015951 -0.003044 -0.001435 -0.000361 0.000000 0.000000 0.000000 0.000000 0.000000 0.000000 0.000000 
0.000000 0.000000 0.000000 0.000000 0.000000 0.000000 0.000000 0.000000 0.000000 0.000000 -0.000030 -0.000575 -0.001095 -0.001774 -0.006219 -0.016089 -0.024520 -0.031826 -0.038733 -0.041590 -0.037663 -0.025289 -0.009530 -0.002818 -0.001564 -0.000688 -0.000037 0.000000 0.000000 0.000000 0.000000 0.000000 0.000000 0.000000 0.000000 
0.000000 0.000000 0.000000 0.000000 0.000000 0.000000 0.000000 0.000000 0.000000 0.000000 0.000000 0.000000 0.000000 -0.000302 -0.000554 -0.000750 -0.000917 -0.001102 -0.001270 -0.001354 -0.001289 -0.001091 -0.000771 -0.000376 0.000000 0.000000 0.000000 0.000000 0.000000 0.000000 0.000000 0.000000 0.000000 0.000000 0.000000 
0.000000 0.000000 0.000000 0.000000 0.000000 0.000000 0.000000 0.000000 0.000000 0.000000 0.000000 0.000000 0.000000 0.000000 0.000000 0.000000 0.000000 -0.000000 -0.000015 0.000000 0.000000 0.000000 0.000000 0.000000 0.000000 0.000000 0.000000 0.000000 0.000000 0.000000 0.000000 0.000000 0.000000 0.000000 0.000000 
