0.000000 0.000000 0.000000 0.000000 0.000000 0.000000 0.000000 0.000000 0.000000 0.000000 0.000000 0.000000 0.000000 0.000000 0.000000 0.000000 0.000000 0.000000 0.000000 0.000000 0.000000 0.000000 0.000000 0.000000 0.000000 0.000000 0.000000 0.000000 0.000000 0.000000 0.000000 0.000000 0.000000 0.000000 0.000000 
0.000000 0.000000 0.000000 0.000000 0.000000 0.000000 0.000000 0.000000 0.000000 0.000000 0.000000 0.000000 0.000000 -0.000000 0.000021 0.000061 0.000100 0.000127 0.000126 0.000103 0.000065 0.000029 0.000007 0.000000 0.000000 0.000000 0.000000 0.000000 0.000000 0.000000 0.000000 0.000000 0.000000 0.000000 0.000000 
0.000000 0.000000 0.000000 0.000000 0.000000 0.000000 0.000000 0.000000 0.000000 0.000000 0.000000 -0.000001 0.000058 0.000172 0.000289 0.000903 0.002596 0.004058 0.004131 0.003212 0.001612 0.000325 0.000012 -0.000022 -0.000035 -0.000018 0.000000 0.000000 0.000000 0.000000 0.000000 0.000000 0.000000 0.000000 0.000000 
0.000000 0.000000 0.000000 0.000000 0.000000 0.000000 0.000000 0.000000 0.000000 -0.000009 0.000025 0.000161 0.000468 0.003346 0.010784 0.020685 0.030359 0.035230 0.034263 0.028102 0.018808 0.009190 0.002859 -0.000244 -0.000463 -0.000151 -0.000079 -0.000016 0.000000 0.000000 0.000000 0.000000 0.000000 0.000000 0.000000 
0.000000 0.000000 0.000000 0.000000 0.000000 0.000000 0.000000 0.000000 -0.000008 0.000055 0.000251 0.001431 0.008475 0.023282 0.043400 0.062369 0.073663 0.076687 0.073282 0.064572 0.050910 0.033359 0.016234 0.004388 -0.000788 -0.001116 -0.000284 -0.000137 -0.000035 0.000000 0.000000 0.000000 0.000000 0.000000 0.000000 
0.000000 0.000000 0.000000 0.000000 0.000000 0.000000 0.000000 -0.000003 0.000066 0.000280 0.001655 0.010411 0.030254 0.057388 0.081612 0.094157 0.097844 0.096376 0.091393 0.083320 0.072215 0.057116 0.037231 0.016748 0.002730 -0.002320 -0.001584 -0.000372 -0.000160 -0.000028 0.000000 0.000000 0.000000 0.000000 0.000000 
0.000000 0.000000 0.000000 0.000000 0.000000 0.000000 0.000001 0.000062 0.000256 0.001007 0.008223 0.028552 0.058206 0.087106 0.102134 0.107420 0.107404 0.104084 0.098222 0.090247 0.080122 0.067640 0.051714 0.031096 0.010601 -0.001618 -0.003842 -0.001449 -0.000425 -0.000152 -0.000008 0.000000 0.000000 0.000000 0.000000 
0.000000 0.000000 0.000000 0.000000 0.000000 0.000001 0.000056 0.000215 0.000557 0.003957 0.020068 0.048868 0.081422 0.103096 0.111320 0.113538 0.111831 0.107493 0.101084 0.092928 0.083087 0.071466 0.057009 0.038786 0.016979 -0.000133 -0.006538 -0.003946 -0.001001 -0.000468 -0.000129 0.000015 0.000000 0.000000 0.000000 
0.000000 0.000000 0.000000 0.000000 -0.000005 0.000040 0.000171 0.000184 0.000809 0.009289 0.033513 0.066418 0.098428 0.112106 0.116798 0.116551 0.113576 0.109300 0.102685 0.094059 0.081778 0.064022 0.043819 0.023434 0.003036 -0.015564 -0.021743 -0.015380 -0.005232 -0.001221 -0.000466 -0.000092 0.000017 0.000000 0.000000 
0.000000 0.000000 0.000000 0.000000 0.000010 0.000123 -0.000250 0.000320 0.003536 0.019595 0.049395 0.084941 0.112687 0.122706 0.125145 0.123021 0.117709 0.110363 0.102675 0.087533 0.062054 0.034529 0.008506 -0.014295 -0.034234 -0.052052 -0.057915 -0.047813 -0.026461 -0.009794 -0.001765 -0.000397 -0.000037 0.000000 0.000000 
0.000000 0.000000 0.000000 -0.000018 0.000069 -0.000527 0.000386 0.004751 0.013832 0.036062 0.069359 0.107117 0.131557 0.139685 0.140151 0.135632 0.127646 0.116187 0.094435 0.060749 0.023382 -0.012149 -0.041786 -0.065866 -0.085268 -0.101808 -0.107306 -0.094914 -0.067443 -0.036900 -0.012857 -0.001401 -0.000264 0.000010 0.000000 
0.000000 0.000000 0.000000 -0.000004 -0.000444 -0.000248 0.005943 0.018298 0.032759 0.060392 0.097895 0.137385 0.160844 0.168269 0.167412 0.160052 0.147455 0.122755 0.074798 0.018950 -0.025850 -0.059673 -0.084830 -0.105115 -0.123306 -0.141042 -0.151436 -0.144291 -0.116604 -0.079889 -0.040237 -0.010329 -0.000398 -0.000096 0.000000 
0.000000 0.000000 -0.000024 0.000012 -0.001424 0.004337 0.020907 0.041949 0.062568 0.090278 0.125543 0.164431 0.188577 0.196749 0.196894 0.190900 0.175603 0.129099 0.052055 -0.019100 -0.062558 -0.087388 -0.107688 -0.126142 -0.144064 -0.162690 -0.174829 -0.172065 -0.154093 -0.124942 -0.080087 -0.031552 -0.003522 -0.000293 0.000011 
0.000000 0.000000 -0.000033 -0.000447 -0.000226 0.015140 0.046097 0.073630 0.089918 0.112543 0.145306 0.183290 0.210714 0.220751 0.222205 0.217845 0.196998 0.132171 0.042401 -0.033144 -0.079610 -0.101889 -0.119937 -0.138280 -0.156896 -0.176522 -0.188543 -0.186645 -0.172772 -0.153838 -0.119261 -0.061408 -0.013584 -0.000219 -0.000024 
0.000000 0.000000 -0.000033 -0.001788 0.004359 0.034886 0.075960 0.099276 0.111304 0.127874 0.156677 0.193499 0.226002 0.240067 0.243832 0.243214 0.217254 0.147359 0.066701 -0.010069 -0.074385 -0.106117 -0.125629 -0.145170 -0.165758 -0.185851 -0.195544 -0.192464 -0.180920 -0.168498 -0.143858 -0.091842 -0.028774 -0.000343 -0.000095 
0.000000 0.000000 -0.000029 -0.002586 0.012485 0.058587 0.099456 0.118438 0.128701 0.139128 0.162389 0.196010 0.233003 0.263132 0.292897 0.327342 0.324220 0.267337 0.203729 0.123365 0.025169 -0.052507 -0.104168 -0.144096 -0.173128 -0.191674 -0.197611 -0.192229 -0.183580 -0.174097 -0.155276 -0.112753 -0.044064 -0.002064 -0.000165 
0.000000 0.000000 -0.000018 -0.002512 0.022532 0.077980 0.115572 0.132604 0.142059 0.149878 0.164962 0.194841 0.250366 0.329379 0.415760 0.488101 0.500367 0.448399 0.393041 0.315229 0.196772 0.082701 -0.012334 -0.102498 -0.165175 -0.192248 -0.194288 -0.187645 -0.181635 -0.173697 -0.157805 -0.121535 -0.053656 -0.003880 -0.000210 
0.000000 0.000000 0.000001 -0.001974 0.029442 0.089233 0.125581 0.142203 0.151756 0.159968 0.171137 0.213713 0.303332 0.425831 0.539999 0.613035 0.607941 0.543386 0.486857 0.414941 0.306021 0.199721 0.097146 -0.019172 -0.116964 -0.171802 -0.185177 -0.180851 -0.175700 -0.168296 -0.153579 -0.119663 -0.053991 -0.004042 -0.000212 
0.000000 0.000000 0.000022 -0.001138 0.030837 0.091368 0.129798 0.147523 0.157689 0.166766 0.195134 0.264219 0.372206 0.493815 0.590307 0.648841 0.644454 0.580747 0.520510 0.447577 0.340859 0.243440 0.162213 0.061938 -0.043335 -0.122869 -0.164116 -0.170757 -0.166005 -0.158778 -0.143579 -0.108147 -0.045352 -0.002506 -0.000170 
0.000000 0.000000 0.000035 -0.000810 0.026251 0.084017 0.127487 0.147931 0.159628 0.176313 0.231094 0.322211 0.435917 0.530965 0.593434 0.636417 0.636311 0.580654 0.514190 0.436682 0.337260 0.256568 0.196368 0.123737 0.029786 -0.065473 -0.128905 -0.155045 -0.152653 -0.144604 -0.127244 -0.087323 -0.030298 -0.000287 -0.000102 
0.000000 0.000000 0.000028 -0.000577 0.018566 0.067904 0.116750 0.142591 0.156992 0.189928 0.262972 0.367937 0.479341 0.552934 0.596877 0.624263 0.627918 0.581964 0.508121 0.424535 0.336279 0.274931 0.227415 0.167697 0.087581 -0.011413 -0.089248 -0.130410 -0.135232 -0.125183 -0.103068 -0.058823 -0.014567 0.000868 -0.000034 
0.000000 0.000000 0.000004 0.000113 0.010215 0.047159 0.095650 0.129048 0.150308 0.198458 0.283331 0.395425 0.497962 0.560599 0.599239 0.621971 0.630952 0.599361 0.524487 0.434046 0.354344 0.302238 0.257097 0.201568 0.130352 0.035613 -0.050517 -0.100730 -0.112382 -0.098420 -0.069708 -0.029389 -0.003143 0.000341 0.000013 
0.000000 0.000000 -0.000011 0.000305 0.003707 0.027511 0.067665 0.104415 0.135321 0.194521 0.286547 0.402617 0.498218 0.555983 0.591800 0.611393 0.619972 0.601358 0.538757 0.453158 0.381811 0.333104 0.287219 0.233092 0.165576 0.075496 -0.013826 -0.067821 -0.081340 -0.062476 -0.033328 -0.008377 0.001609 0.000000 0.000024 
0.000000 0.000000 0.000000 0.000148 0.000970 0.011766 0.039029 0.073087 0.107224 0.173482 0.270820 0.388699 0.482927 0.538928 0.572614 0.588718 0.591186 0.577799 0.536140 0.473994 0.417880 0.368992 0.320373 0.265544 0.198778 0.110272 0.021489 -0.031201 -0.042139 -0.025100 -0.007151 0.001684 0.001016 0.000056 0.000000 
0.000000 0.000000 0.000000 0.000027 0.000504 0.003077 0.016497 0.040975 0.072561 0.136013 0.233446 0.351738 0.449701 0.506623 0.539132 0.553058 0.552808 0.540079 0.517154 0.484640 0.448544 0.405277 0.357195 0.301072 0.232875 0.142813 0.056781 0.005036 -0.008713 -0.000676 0.003255 0.002204 0.000171 0.000054 0.000000 
0.000000 0.000000 0.000000 0.000000 0.000178 0.000847 0.004178 0.015682 0.037190 0.090311 0.181794 0.295661 0.401271 0.462467 0.497391 0.512460 0.513685 0.503432 0.491188 0.480602 0.458030 0.423967 0.380752 0.325466 0.254350 0.158668 0.074484 0.022903 0.007193 0.005568 0.002663 0.000326 0.000131 0.000000 0.000000 
0.000000 0.000000 0.000000 0.000000 0.000018 0.000322 0.001045 0.003496 0.011554 0.043851 0.121059 0.226948 0.340229 0.412148 0.452960 0.472243 0.478489 0.478210 0.474223 0.462969 0.446691 0.419714 0.379981 0.323476 0.244838 0.144966 0.065802 0.019182 0.005513 0.002092 0.000407 0.000190 0.000040 0.000000 0.000000 
0.000000 0.000000 0.000000 0.000000 0.000000 0.000055 0.000391 0.001143 0.002678 0.014104 0.062653 0.152408 0.261848 0.354448 0.407974 0.438924 0.456344 0.463145 0.460441 0.448581 0.427601 0.396852 0.353663 0.290138 0.197405 0.103407 0.036046 0.006201 0.001120 0.000460 0.000207 0.000069 0.000000 0.000000 0.000000 
0.000000 0.000000 0.000000 0.000000 0.000000 0.000000 0.000059 0.000398 0.001213 0.003726 0.024933 0.085804 0.181027 0.286318 0.363594 0.409052 0.433681 0.443813 0.442186 0.429976 0.406399 0.369273 0.313174 0.230308 0.133422 0.055634 0.012868 0.001270 0.000532 0.000184 0.000050 0.000000 0.000000 0.000000 0.000000 
0.000000 0.000000 0.000000 0.000000 0.000000 0.000000 0.000000 0.000041 0.000378 0.001221 0.005432 0.031945 0.093957 0.185250 0.280337 0.349193 0.387864 0.404825 0.405861 0.391769 0.362235 0.312152 0.235955 0.144610 0.066434 0.019214 0.002192 0.000569 0.000152 0.000016 0.000000 0.000000 0.000000 0.000000 0.000000 
0.000000 0.000000 0.000000 0.000000 0.000000 0.000000 0.000000 0.000000 0.000008 0.000310 0.001072 0.004661 0.026529 0.075047 0.144982 0.221185 0.280468 0.312556 0.318757 0.300441 0.257715 0.192175 0.117816 0.056153 0.017265 0.002115 0.000537 0.000118 -0.000019 0.000000 0.000000 0.000000 0.000000 0.000000 0.000000 
0.000000 0.000000 0.000000 0.000000 0.000000 0.000000 0.000000 0.000000 0.000000 -0.000011 0.000169 0.000722 0.001745 0.010532 0.035039 0.071334 0.110466 0.138554 0.146101 0.131426 0.098916 0.059839 0.027113 0.006942 0.000815 0.000410 0.000065 -0.000017 0.000000 0.000000 0.000000 0.000000 0.000000 0.000000 0.000000 
0.000000 0.000000 0.000000 0.000000 0.000000 0.000000 0.000000 0.000000 0.000000 0.000000 0.000000 0.000023 0.000283 0.000743 0.001027 0.002711 0.008020 0.013562 0.015306 0.012716 0.007035 0.002133 0.000750 0.000548 0.000189 0.000006 0.000000 0.000000 0.000000 0.000000 0.000000 0.000000 0.000000 0.000000 0.000000 
0.000000 0.000000 0.000000 0.000000 0.000000 0.000000 0.000000 0.000000 0.000000 0.000000 0.000000 0.000000 0.000000 -0.000000 0.000095 0.000257 0.000428 0.000551 0.000589 0.000528 0.000392 0.000226 0.000081 0.000000 0.000000 0.000000 0.000000 0.000000 0.000000 0.000000 0.000000 0.000000 0.000000 0.000000 0.000000 
0.000000 0.000000 0.000000 0.000000 0.000000 0.000000 0.000000 0.000000 0.000000 0.000000 0.000000 0.000000 0.000000 0.000000 0.000000 0.000000 0.000000 0.000000 0.000000 0.000000 0.000000 0.000000 0.000000 0.000000 0.000000 0.000000 0.000000 0.000000 0.000000 0.000000 0.000000 0.000000 0.000000 0.000000 0.000000 
