0.000000 0.000000 0.000000 0.000000 0.000000 0.000000 0.000000 0.000000 0.000000 0.000000 0.000000 0.000000 0.000000 0.000000 0.000000 0.000000 0.000000 -0.000000 -0.000093 0.000000 0.000000 0.000000 0.000000 0.000000 0.000000 0.000000 0.000000 0.000000 0.000000 0.000000 0.000000 0.000000 0.000000 0.000000 0.000000 
0.000000 0.000000 0.000000 0.000000 0.000000 0.000000 0.000000 0.000000 0.000000 0.000000 0.000000 0.000000 0.000000 -0.000365 -0.000791 -0.001213 -0.001593 -0.001859 -0.001917 -0.001763 -0.001443 -0.001076 -0.000717 -0.000353 0.000000 0.000000 0.000000 0.000000 0.000000 0.000000 0.000000 0.000000 0.000000 0.000000 0.000000 
0.000000 0.000000 0.000000 0.000000 0.000000 0.000000 0.000000 0.000000 0.000000 0.000000 -0.000010 -0.000567 -0.001331 -0.002416 -0.006968 -0.017782 -0.027216 -0.031795 -0.031688 -0.028392 -0.023558 -0.016180 -0.006390 -0.001797 -0.001001 -0.000473 -0.000013 0.000000 0.000000 0.000000 0.000000 0.000000 0.000000 0.000000 0.000000 
0.000000 0.000000 0.000000 0.000000 0.000000 0.000000 0.000000 0.000000 0.000000 -0.000288 -0.001150 -0.002374 -0.009050 -0.024007 -0.033676 -0.027851 -0.006787 0.019554 0.036199 0.038925 0.027273 0.008713 -0.008284 -0.014010 -0.007128 -0.001529 -0.000809 -0.000229 0.000000 0.000000 0.000000 0.000000 0.000000 0.000000 0.000000 
0.000000 0.000000 0.000000 0.000000 0.000000 0.000000 0.000000 0.000000 -0.000511 -0.001720 -0.003606 -0.015221 -0.031765 -0.030027 0.000212 0.045779 0.082370 0.102112 0.112020 0.118572 0.118260 0.101914 0.064701 0.020642 -0.007107 -0.009363 -0.002176 -0.001084 -0.000363 0.000000 0.000000 0.000000 0.000000 0.000000 0.000000 
0.000000 0.000000 0.000000 0.000000 0.000000 0.000000 0.000000 -0.000693 -0.002221 -0.004364 -0.016265 -0.033380 -0.026747 0.006916 0.053427 0.080981 0.091109 0.096556 0.099954 0.105022 0.110206 0.116154 0.112756 0.083654 0.035936 -0.002787 -0.008894 -0.002505 -0.001347 -0.000456 0.000000 0.000000 0.000000 0.000000 0.000000 
0.000000 0.000000 0.000000 0.000000 0.000000 0.000000 -0.000798 -0.002651 -0.005129 -0.013211 -0.032628 -0.031636 -0.002628 0.043023 0.066838 0.073190 0.075939 0.078380 0.081274 0.084849 0.089460 0.095816 0.103806 0.104200 0.076456 0.030054 -0.006097 -0.007475 -0.002972 -0.001606 -0.000516 0.000000 0.000000 0.000000 0.000000 
0.000000 0.000000 0.000000 0.000000 0.000000 -0.000720 -0.002837 -0.005810 -0.011361 -0.041582 -0.072053 -0.072288 -0.038725 -0.002572 0.024862 0.052395 0.060114 0.061943 0.065001 0.068626 0.072824 0.073472 0.064952 0.061351 0.052987 0.025074 -0.008471 -0.019439 -0.006611 -0.003427 -0.001729 -0.000470 0.000000 0.000000 0.000000 
0.000000 0.000000 0.000000 0.000000 -0.000454 -0.002644 -0.006359 -0.028339 -0.081783 -0.151191 -0.184497 -0.170837 -0.133412 -0.119261 -0.101484 -0.067705 -0.013989 0.040334 0.053056 0.051454 0.024032 -0.000284 -0.011111 -0.009201 -0.003164 -0.020644 -0.052604 -0.071150 -0.047728 -0.017356 -0.003818 -0.001644 -0.000308 0.000000 0.000000 
0.000000 0.000000 0.000000 -0.000040 -0.001919 -0.006252 -0.044882 -0.121676 -0.196203 -0.234031 -0.222524 -0.178245 -0.145667 -0.145019 -0.150478 -0.151190 -0.125670 -0.059562 0.008340 -0.008497 -0.031319 -0.032590 -0.022231 -0.007840 0.004571 -0.004359 -0.044931 -0.089752 -0.101613 -0.069382 -0.027489 -0.003830 -0.001221 -0.000033 0.000000 
0.000000 0.000000 0.000000 -0.000895 -0.004208 -0.043073 -0.137906 -0.212113 -0.231457 -0.208307 -0.152816 -0.084075 -0.057091 -0.062869 -0.088227 -0.124859 -0.156675 -0.159547 -0.129666 -0.060572 -0.022832 0.012397 0.041931 0.064318 0.078480 0.075161 0.027177 -0.038019 -0.090343 -0.102901 -0.076426 -0.026726 -0.002595 -0.000591 0.000000 
0.000000 0.000000 0.000000 -0.002157 -0.021694 -0.122975 -0.214324 -0.217156 -0.171568 -0.124852 -0.083101 -0.030890 -0.014635 -0.017891 -0.032955 -0.058842 -0.105689 -0.191292 -0.217875 -0.090128 0.033511 0.071926 0.085518 0.095500 0.106130 0.111871 0.082349 0.037181 -0.021613 -0.071393 -0.098847 -0.068490 -0.014069 -0.001359 0.000000 
0.000000 0.000000 -0.000499 -0.004089 -0.075047 -0.193232 -0.220480 -0.163144 -0.131832 -0.110680 -0.072816 -0.021257 -0.004366 -0.006555 -0.019495 -0.040310 -0.088415 -0.169184 -0.189437 -0.102515 0.036437 0.084069 0.091510 0.099764 0.109916 0.116230 0.086648 0.045899 0.014176 -0.009430 -0.066626 -0.090868 -0.044578 -0.002520 -0.000334 
0.000000 0.000000 -0.001100 -0.013952 -0.134258 -0.217251 -0.188632 -0.150994 -0.122930 -0.103703 -0.071421 -0.023975 -0.001501 -0.000713 -0.011041 -0.032330 -0.087950 -0.138416 -0.140076 -0.111905 0.008814 0.085160 0.094322 0.102389 0.112254 0.115504 0.083180 0.042928 0.016315 0.007016 -0.017788 -0.075256 -0.069972 -0.009131 -0.000708 
0.000000 0.000000 -0.001666 -0.039442 -0.171648 -0.208407 -0.184522 -0.150296 -0.118237 -0.101822 -0.080275 -0.038348 -0.005594 0.001154 -0.004924 -0.023125 -0.064125 -0.097544 -0.104981 -0.112342 -0.006765 0.084177 0.097977 0.106458 0.116337 0.109661 0.070497 0.032684 0.013099 0.006868 -0.002998 -0.039762 -0.075192 -0.024911 -0.001031 
0.000000 0.000000 -0.002096 -0.063249 -0.182780 -0.205737 -0.189787 -0.152135 -0.119678 -0.102116 -0.090180 -0.060272 -0.020883 -0.009770 -0.010806 -0.021699 -0.079080 -0.126454 -0.161262 -0.179070 -0.077902 0.051833 0.074110 0.097064 0.117333 0.095478 0.051136 0.018623 0.008086 0.002898 -0.004086 -0.019194 -0.063170 -0.036750 -0.001252 
0.000000 -0.000011 -0.002296 -0.073254 -0.181825 -0.211876 -0.194643 -0.156013 -0.125516 -0.104907 -0.095975 -0.088372 -0.069637 -0.046103 -0.033443 -0.042637 -0.108585 -0.160984 -0.202698 -0.228771 -0.138971 0.001218 0.017166 0.042181 0.065700 0.056515 0.026448 0.006275 0.001230 -0.002602 -0.008355 -0.015196 -0.049475 -0.039100 -0.001328 
0.000026 -0.000048 -0.002182 -0.067726 -0.173350 -0.216313 -0.200821 -0.163413 -0.133032 -0.112888 -0.109594 -0.130529 -0.116651 -0.070288 -0.054253 -0.043906 -0.092817 -0.143843 -0.183174 -0.204104 -0.103583 0.026297 0.011287 0.000021 -0.033147 -0.038201 -0.010047 -0.003379 -0.006279 -0.009702 -0.014109 -0.017438 -0.040149 -0.033479 -0.001222 
-0.000025 -0.000028 -0.001840 -0.051731 -0.155940 -0.212704 -0.207894 -0.172597 -0.142369 -0.126409 -0.153887 -0.152335 -0.112963 -0.084977 -0.076383 -0.056734 -0.085266 -0.131981 -0.162595 -0.172033 -0.051175 0.059136 0.014972 -0.037049 -0.097462 -0.121665 -0.079715 -0.018807 -0.014550 -0.017468 -0.020648 -0.020171 -0.034546 -0.024124 -0.001023 
0.000008 0.000000 -0.001412 -0.033670 -0.127746 -0.197217 -0.212964 -0.183976 -0.153906 -0.164069 -0.180836 -0.154905 -0.107387 -0.093703 -0.088136 -0.062466 -0.076856 -0.134698 -0.162772 -0.149691 -0.011647 0.046904 -0.023114 -0.074420 -0.119975 -0.155468 -0.135685 -0.066501 -0.023554 -0.025601 -0.026654 -0.021912 -0.029579 -0.015974 -0.000804 
0.000000 0.000000 -0.001018 -0.017789 -0.090672 -0.167647 -0.208240 -0.194114 -0.171309 -0.200394 -0.194753 -0.144296 -0.107282 -0.110985 -0.116867 -0.110162 -0.104393 -0.149987 -0.181655 -0.135500 -0.022585 -0.024155 -0.067819 -0.092722 -0.117314 -0.157440 -0.169235 -0.116364 -0.037395 -0.033050 -0.030076 -0.022643 -0.023127 -0.009627 -0.000619 
0.000000 0.000000 -0.000660 -0.006303 -0.056372 -0.124476 -0.185985 -0.196613 -0.199626 -0.228498 -0.204478 -0.140582 -0.113819 -0.119465 -0.131271 -0.143377 -0.149202 -0.182425 -0.200103 -0.122346 -0.043150 -0.056891 -0.075991 -0.092906 -0.114889 -0.153639 -0.187049 -0.152724 -0.065587 -0.037563 -0.030608 -0.020689 -0.018818 -0.003951 -0.000439 
0.000000 0.000000 -0.000326 -0.002052 -0.029058 -0.084355 -0.142425 -0.180984 -0.216047 -0.246946 -0.214628 -0.144661 -0.124151 -0.129100 -0.139765 -0.154686 -0.160861 -0.154950 -0.119727 -0.064132 -0.044070 -0.065759 -0.078490 -0.094561 -0.116159 -0.152174 -0.197120 -0.174115 -0.086866 -0.038412 -0.026347 -0.022337 -0.014378 -0.001363 -0.000237 
0.000000 0.000000 0.000000 -0.001148 -0.009354 -0.049184 -0.096888 -0.141405 -0.204547 -0.250721 -0.222459 -0.153707 -0.134776 -0.138783 -0.146831 -0.153953 -0.144391 -0.111433 -0.064665 -0.032333 -0.045092 -0.068158 -0.082194 -0.098541 -0.120111 -0.155455 -0.202883 -0.181993 -0.092142 -0.034094 -0.027259 -0.021785 -0.006372 -0.000844 0.000000 
0.000000 0.000000 0.000000 -0.000533 -0.002059 -0.018953 -0.058399 -0.098536 -0.163949 -0.228812 -0.218274 -0.158788 -0.136896 -0.136977 -0.134661 -0.126268 -0.107722 -0.076512 -0.046243 -0.035197 -0.049360 -0.065373 -0.081506 -0.100876 -0.123888 -0.162775 -0.205415 -0.177650 -0.084213 -0.035769 -0.027958 -0.012434 -0.001627 -0.000429 0.000000 
0.000000 0.000000 0.000000 -0.000010 -0.001055 -0.003361 -0.021616 -0.055914 -0.112011 -0.189748 -0.198929 -0.152599 -0.121861 -0.120314 -0.111866 -0.097669 -0.075412 -0.049842 -0.034067 -0.046714 -0.061272 -0.076049 -0.091368 -0.112091 -0.135082 -0.179782 -0.209069 -0.166676 -0.071296 -0.031906 -0.014983 -0.002814 -0.000905 -0.000013 0.000000 
0.000000 0.000000 0.000000 0.000000 -0.000287 -0.001579 -0.003981 -0.015971 -0.050518 -0.129161 -0.164191 -0.136567 -0.094110 -0.092136 -0.082967 -0.066671 -0.046477 -0.033806 -0.037775 -0.046096 -0.064225 -0.083861 -0.103931 -0.126352 -0.150015 -0.197204 -0.200840 -0.131062 -0.040196 -0.012712 -0.003591 -0.001424 -0.000259 0.000000 0.000000 
0.000000 0.000000 0.000000 0.000000 0.000000 -0.000495 -0.001994 -0.004376 -0.009508 -0.056804 -0.109086 -0.104778 -0.065131 -0.049961 -0.046082 -0.038664 -0.039571 -0.043522 -0.049174 -0.056359 -0.065458 -0.078795 -0.101431 -0.125331 -0.159294 -0.187117 -0.153618 -0.066024 -0.009685 -0.004285 -0.001885 -0.000475 0.000000 0.000000 0.000000 
0.000000 0.000000 0.000000 0.000000 0.000000 0.000000 -0.000647 -0.002257 -0.004558 -0.019791 -0.067355 -0.089488 -0.067081 -0.037724 -0.042345 -0.049756 -0.054657 -0.059083 -0.065132 -0.072985 -0.083534 -0.096251 -0.111272 -0.132463 -0.163043 -0.153894 -0.090326 -0.022409 -0.004805 -0.002232 -0.000612 0.000000 0.000000 0.000000 0.000000 
0.000000 0.000000 0.000000 0.000000 0.000000 0.000000 0.000000 -0.000708 -0.002238 -0.004547 -0.028589 -0.069935 -0.084233 -0.066469 -0.051429 -0.059221 -0.070453 -0.078482 -0.085455 -0.095076 -0.105444 -0.117137 -0.134466 -0.155418 -0.148007 -0.097316 -0.033508 -0.005070 -0.002301 -0.000669 0.000000 0.000000 0.000000 0.000000 0.000000 
0.000000 0.000000 0.000000 0.000000 0.000000 0.000000 0.000000 0.000000 -0.000624 -0.001966 -0.004199 -0.026509 -0.061361 -0.079270 -0.075845 -0.069377 -0.074666 -0.087267 -0.099414 -0.110013 -0.121226 -0.135104 -0.142898 -0.126785 -0.082686 -0.030598 -0.004768 -0.002061 -0.000571 0.000000 0.000000 0.000000 0.000000 0.000000 0.000000 
0.000000 0.000000 0.000000 0.000000 0.000000 0.000000 0.000000 0.000000 0.000000 -0.000395 -0.001398 -0.002704 -0.013910 -0.040551 -0.062758 -0.075544 -0.083608 -0.093015 -0.102894 -0.112172 -0.115604 -0.107701 -0.084085 -0.048382 -0.014864 -0.003102 -0.001444 -0.000354 0.000000 0.000000 0.000000 0.000000 0.000000 0.000000 0.000000 
0.000000 0.000000 0.000000 0.000000 0.000000 0.000000 0.000000 0.000000 0.000000 0.000000 -0.000036 -0.000685 -0.001440 -0.002519 -0.008827 -0.023516 -0.036403 -0.045003 -0.049473 -0.047355 -0.038576 -0.023912 -0.008885 -0.002893 -0.001580 -0.000666 -0.000031 0.000000 0.000000 0.000000 0.000000 0.000000 0.000000 0.000000 0.000000 
0.000000 0.000000 0.000000 0.000000 0.000000 0.000000 0.000000 0.000000 0.000000 0.000000 0.000000 0.000000 0.000000 -0.000373 -0.000742 -0.001067 -0.001339 -0.001559 -0.001668 -0.001634 -0.001447 -0.001149 -0.000765 -0.000355 0.000000 0.000000 0.000000 0.000000 0.000000 0.000000 0.000000 0.000000 0.000000 0.000000 0.000000 
0.000000 0.000000 0.000000 0.000000 0.000000 0.000000 0.000000 0.000000 0.000000 0.000000 0.000000 0.000000 0.000000 0.000000 0.000000 0.000000 0.000000 -0.000000 -0.000014 0.000000 0.000000 0.000000 0.000000 0.000000 0.000000 0.000000 0.000000 0.000000 0.000000 0.000000 0.000000 0.000000 0.000000 0.000000 0.000000 
