0.000000 0.000000 0.000000 0.000000 0.000000 0.000000 0.000000 0.000000 0.000000 0.000000 0.000000 0.000000 0.000000 0.000000 0.000000 0.000000 -0.000005 0.000111 0.000053 0.000000 0.000000 0.000000 0.000000 0.000000 0.000000 0.000000 0.000000 0.000000 0.000000 0.000000 0.000000 0.000000 0.000000 0.000000 0.000000 
0.000000 0.000000 0.000000 0.000000 0.000000 0.000000 0.000000 0.000000 0.000000 0.000000 0.000000 0.000000 -0.000014 0.000148 0.000531 0.001151 0.001915 0.002574 0.002840 0.002635 0.002100 0.001416 0.000668 0.000000 0.000000 0.000000 0.000000 0.000000 0.000000 0.000000 0.000000 0.000000 0.000000 0.000000 0.000000 
0.000000 0.000000 0.000000 0.000000 0.000000 0.000000 0.000000 0.000000 0.000000 -0.000025 -0.000296 -0.000395 -0.000128 0.002213 0.014319 0.038141 0.067238 0.090336 0.095207 0.078897 0.047879 0.016742 0.004700 0.002479 0.001077 0.000007 0.000000 0.000000 0.000000 0.000000 0.000000 0.000000 0.000000 0.000000 0.000000 
0.000000 0.000000 0.000000 0.000000 0.000000 0.000000 0.000000 0.000000 -0.000283 -0.000842 -0.001251 -0.002056 0.005816 0.034986 0.087108 0.152105 0.208015 0.247926 0.268257 0.262529 0.222496 0.157103 0.083028 0.024057 0.004445 0.002051 0.000513 0.000000 0.000000 0.000000 0.000000 0.000000 0.000000 0.000000 0.000000 
0.000000 0.000000 0.000000 0.000000 0.000000 0.000000 0.000000 -0.000485 -0.001402 -0.002459 -0.007334 -0.002040 0.030480 0.094143 0.169833 0.227716 0.270890 0.307230 0.339579 0.365821 0.372220 0.330870 0.239266 0.133745 0.045097 0.006390 0.002669 0.000748 0.000000 0.000000 0.000000 0.000000 0.000000 0.000000 0.000000 
0.000000 0.000000 0.000000 0.000000 0.000000 0.000000 -0.000652 -0.001920 -0.003484 -0.012435 -0.017728 0.004972 0.067387 0.143159 0.194812 0.235327 0.271861 0.305940 0.338344 0.369652 0.398708 0.414901 0.376951 0.278601 0.148987 0.045828 0.006469 0.002881 0.000847 0.000000 0.000000 0.000000 0.000000 0.000000 0.000000 
0.000000 0.000000 0.000000 0.000000 0.000000 -0.000711 -0.002361 -0.004493 -0.012550 -0.030833 -0.026945 0.022396 0.098819 0.151727 0.193898 0.231309 0.265839 0.298974 0.331555 0.363714 0.395061 0.424228 0.439933 0.382283 0.270132 0.127955 0.028550 0.006055 0.002807 0.000807 0.000000 0.000000 0.000000 0.000000 0.000000 
0.000000 0.000000 0.000000 0.000000 -0.000663 -0.002610 -0.005464 -0.011155 -0.045331 -0.085278 -0.078494 -0.020024 0.049135 0.115541 0.180752 0.223121 0.257743 0.290995 0.323829 0.356917 0.393825 0.440549 0.480907 0.479376 0.384069 0.241099 0.087245 0.012594 0.005499 0.002473 0.000633 0.000000 0.000000 0.000000 0.000000 
0.000000 0.000000 0.000000 -0.000482 -0.002598 -0.006401 -0.030180 -0.092055 -0.192576 -0.256576 -0.247265 -0.185497 -0.124547 -0.051632 0.036184 0.138138 0.236268 0.283808 0.324544 0.386781 0.446256 0.496954 0.537497 0.564633 0.499303 0.369426 0.199007 0.059422 0.018161 0.004830 0.001996 0.000399 0.000000 0.000000 0.000000 
0.000000 0.000000 0.000002 -0.002119 -0.006831 -0.052986 -0.152844 -0.284948 -0.410475 -0.463508 -0.445156 -0.388339 -0.329517 -0.255391 -0.159661 -0.042121 0.097736 0.254153 0.362790 0.425400 0.475640 0.519304 0.555732 0.585517 0.555923 0.440966 0.287324 0.128145 0.058218 0.022862 0.003997 0.001355 0.000024 0.000000 0.000000 
0.000000 0.000000 -0.001179 -0.004975 -0.055587 -0.191198 -0.358079 -0.504379 -0.624551 -0.669438 -0.645259 -0.592609 -0.538096 -0.469555 -0.378861 -0.255116 -0.084106 0.137379 0.338580 0.427668 0.465614 0.499126 0.530968 0.560098 0.553036 0.449297 0.308998 0.156758 0.088454 0.053877 0.018950 0.002457 0.000618 0.000000 0.000000 
0.000000 0.000000 -0.002902 -0.030597 -0.181128 -0.396395 -0.567137 -0.706629 -0.794056 -0.785147 -0.724534 -0.661395 -0.615877 -0.576307 -0.532473 -0.450221 -0.287023 -0.056141 0.191717 0.365836 0.418357 0.449834 0.482090 0.512040 0.511751 0.410464 0.274570 0.133003 0.076079 0.066961 0.038619 0.009011 0.001190 0.000000 0.000000 
0.000000 -0.000821 -0.005989 -0.117176 -0.359713 -0.600631 -0.733982 -0.784608 -0.816970 -0.800676 -0.738788 -0.673009 -0.627953 -0.591824 -0.561682 -0.519451 -0.443302 -0.298542 -0.046320 0.235591 0.367410 0.406059 0.440359 0.471084 0.465820 0.360509 0.222511 0.078868 0.028466 0.040568 0.040167 0.019812 0.001759 0.000267 0.000000 
0.000000 -0.001867 -0.023857 -0.243932 -0.556472 -0.743043 -0.774473 -0.786942 -0.817611 -0.804925 -0.746948 -0.676567 -0.630727 -0.595299 -0.566550 -0.537548 -0.521957 -0.484279 -0.288575 0.062110 0.304205 0.367605 0.403815 0.434459 0.411872 0.298377 0.158272 0.018176 -0.016280 -0.011152 0.011412 0.017764 0.003833 0.000432 0.000000 
0.000000 -0.003010 -0.074962 -0.384256 -0.703644 -0.782362 -0.781044 -0.774620 -0.804760 -0.801015 -0.754189 -0.680361 -0.631528 -0.603979 -0.594252 -0.617347 -0.652374 -0.654651 -0.544458 -0.185568 0.192273 0.321523 0.369891 0.396854 0.344029 0.220219 0.079837 -0.044117 -0.054602 -0.055550 -0.039831 -0.004820 0.004266 0.000418 0.000000 
0.000000 -0.004142 -0.136602 -0.507715 -0.765608 -0.787329 -0.778659 -0.765662 -0.781130 -0.791919 -0.762707 -0.702882 -0.666242 -0.669757 -0.707133 -0.775362 -0.833754 -0.837406 -0.792212 -0.479150 -0.033967 0.199055 0.291377 0.328731 0.253815 0.124065 -0.011879 -0.085254 -0.090400 -0.093044 -0.087982 -0.045000 -0.004217 0.000181 0.000000 
-0.000083 -0.005020 -0.184686 -0.578027 -0.779769 -0.784316 -0.772162 -0.756678 -0.751902 -0.774646 -0.782695 -0.770199 -0.751285 -0.762682 -0.815406 -0.893109 -0.931233 -0.928524 -0.900999 -0.669173 -0.230882 0.039144 0.135301 0.167209 0.112994 0.007252 -0.101848 -0.119189 -0.124247 -0.128125 -0.127878 -0.087147 -0.020799 -0.000266 0.000018 
-0.000213 -0.005264 -0.201479 -0.593762 -0.774358 -0.775893 -0.762551 -0.747003 -0.737318 -0.758370 -0.813734 -0.846373 -0.847209 -0.825682 -0.856108 -0.928473 -0.955700 -0.949761 -0.919801 -0.715202 -0.301561 -0.067733 -0.051089 -0.065402 -0.100307 -0.135609 -0.147789 -0.152207 -0.157253 -0.161698 -0.163147 -0.122879 -0.038965 -0.000798 -0.000031 
-0.000059 -0.004732 -0.176708 -0.559890 -0.758153 -0.763419 -0.751644 -0.736621 -0.731301 -0.764807 -0.823124 -0.890576 -0.918621 -0.887237 -0.892716 -0.954726 -0.978940 -0.964961 -0.931592 -0.711006 -0.339174 -0.194136 -0.260897 -0.311103 -0.309553 -0.257302 -0.190286 -0.185257 -0.189979 -0.194528 -0.196453 -0.147495 -0.048705 -0.001191 -0.000040 
0.000000 -0.003683 -0.124892 -0.474762 -0.722699 -0.745090 -0.737446 -0.725183 -0.737276 -0.775249 -0.827780 -0.894615 -0.936114 -0.941228 -0.968193 -1.049292 -1.077562 -1.050950 -1.016054 -0.774897 -0.465301 -0.400240 -0.463617 -0.486505 -0.428582 -0.343116 -0.260438 -0.218898 -0.222691 -0.227167 -0.225990 -0.155278 -0.044942 -0.001300 0.000000 
0.000000 -0.002526 -0.065319 -0.344444 -0.642390 -0.718222 -0.718313 -0.712108 -0.739050 -0.777923 -0.832403 -0.887783 -0.918562 -0.944340 -0.996052 -1.119918 -1.205825 -1.208448 -1.128566 -0.858060 -0.593977 -0.549017 -0.559128 -0.553648 -0.499206 -0.414780 -0.330071 -0.256573 -0.255882 -0.259203 -0.242303 -0.140359 -0.029358 -0.001154 0.000000 
0.000000 -0.001479 -0.019697 -0.208443 -0.486898 -0.658741 -0.689635 -0.697412 -0.730614 -0.771989 -0.827511 -0.873316 -0.899808 -0.923949 -0.961327 -1.078129 -1.214871 -1.241375 -1.089989 -0.806090 -0.620445 -0.594899 -0.593680 -0.591126 -0.555711 -0.475139 -0.389865 -0.306702 -0.288575 -0.282773 -0.225439 -0.104289 -0.010795 -0.000834 0.000000 
0.000000 -0.000610 -0.004628 -0.095010 -0.298756 -0.508510 -0.628739 -0.668631 -0.708101 -0.752906 -0.810197 -0.850223 -0.875017 -0.897407 -0.920070 -0.991797 -1.100795 -1.094124 -0.932790 -0.721344 -0.632584 -0.627796 -0.627469 -0.626242 -0.601969 -0.524219 -0.439111 -0.352552 -0.312510 -0.268672 -0.168998 -0.057476 -0.003075 -0.000416 0.000000 
0.000000 0.000000 -0.002105 -0.023379 -0.142073 -0.317475 -0.460678 -0.574055 -0.662798 -0.716697 -0.776690 -0.815910 -0.839278 -0.857913 -0.865475 -0.857950 -0.866037 -0.837136 -0.745309 -0.665443 -0.657559 -0.660558 -0.661501 -0.660891 -0.639316 -0.562613 -0.475138 -0.366207 -0.284211 -0.206540 -0.096850 -0.017080 -0.001678 0.000000 0.000000 
0.000000 0.000000 -0.000802 -0.003538 -0.040868 -0.143598 -0.273817 -0.385656 -0.494996 -0.589875 -0.677251 -0.729204 -0.745610 -0.740581 -0.710817 -0.653950 -0.597356 -0.575664 -0.556715 -0.588453 -0.631959 -0.659473 -0.673645 -0.676360 -0.644487 -0.551532 -0.437480 -0.305703 -0.208159 -0.112804 -0.033646 -0.003230 -0.000759 0.000000 0.000000 
0.000000 0.000000 0.000005 -0.001414 -0.004626 -0.036969 -0.108730 -0.204112 -0.308086 -0.399745 -0.482915 -0.541473 -0.557267 -0.550958 -0.522033 -0.473900 -0.409463 -0.368070 -0.419141 -0.490328 -0.544895 -0.583354 -0.604572 -0.609307 -0.561957 -0.463021 -0.338503 -0.198218 -0.100568 -0.035376 -0.004863 -0.001539 -0.000009 0.000000 0.000000 
0.000000 0.000000 0.000000 -0.000292 -0.001642 -0.004085 -0.019765 -0.060946 -0.137954 -0.225768 -0.304378 -0.372485 -0.392810 -0.391532 -0.372054 -0.338420 -0.304454 -0.305092 -0.325004 -0.382146 -0.437620 -0.478326 -0.501379 -0.503408 -0.433584 -0.327773 -0.192415 -0.073080 -0.022935 -0.005127 -0.002077 -0.000396 0.000000 0.000000 0.000000 
0.000000 0.000000 0.000000 0.000000 -0.000389 -0.001558 -0.003333 -0.007078 -0.033124 -0.090957 -0.157965 -0.227100 -0.266193 -0.274219 -0.273937 -0.282226 -0.292972 -0.303246 -0.312997 -0.322685 -0.336570 -0.363581 -0.382049 -0.359411 -0.276406 -0.171622 -0.064202 -0.011147 -0.005040 -0.002321 -0.000601 0.000000 0.000000 0.000000 0.000000 
0.000000 0.000000 0.000000 0.000000 0.000000 -0.000397 -0.001362 -0.002780 -0.009359 -0.038886 -0.092307 -0.153444 -0.216663 -0.248333 -0.267543 -0.282432 -0.294831 -0.305592 -0.315324 -0.323628 -0.330102 -0.333091 -0.321693 -0.259485 -0.176592 -0.082923 -0.019759 -0.004907 -0.002359 -0.000691 0.000000 0.000000 0.000000 0.000000 0.000000 
0.000000 0.000000 0.000000 0.000000 0.000000 0.000000 -0.000357 -0.001154 -0.002439 -0.013998 -0.048375 -0.105682 -0.171982 -0.231880 -0.263174 -0.281323 -0.295509 -0.307286 -0.316382 -0.323567 -0.327266 -0.316035 -0.264025 -0.184491 -0.095917 -0.029997 -0.004747 -0.002205 -0.000672 0.000000 0.000000 0.000000 0.000000 0.000000 0.000000 
0.000000 0.000000 0.000000 0.000000 0.000000 0.000000 0.000000 -0.000272 -0.000966 -0.002218 -0.014551 -0.047152 -0.098949 -0.166808 -0.229334 -0.268046 -0.289388 -0.302668 -0.311006 -0.310869 -0.290394 -0.236167 -0.159594 -0.086268 -0.029174 -0.004413 -0.001919 -0.000546 0.000000 0.000000 0.000000 0.000000 0.000000 0.000000 0.000000 
0.000000 0.000000 0.000000 0.000000 0.000000 0.000000 0.000000 0.000000 -0.000179 -0.000716 -0.001555 -0.008336 -0.031598 -0.068950 -0.116619 -0.166865 -0.203759 -0.222623 -0.221803 -0.199808 -0.156284 -0.104401 -0.053683 -0.015549 -0.002993 -0.001420 -0.000368 0.000000 0.000000 0.000000 0.000000 0.000000 0.000000 0.000000 0.000000 
0.000000 0.000000 0.000000 0.000000 0.000000 0.000000 0.000000 0.000000 0.000000 -0.000012 -0.000338 -0.000820 -0.001676 -0.006648 -0.021611 -0.041741 -0.060848 -0.071822 -0.068844 -0.053451 -0.031220 -0.010761 -0.003032 -0.001618 -0.000713 -0.000014 0.000000 0.000000 0.000000 0.000000 0.000000 0.000000 0.000000 0.000000 0.000000 
0.000000 0.000000 0.000000 0.000000 0.000000 0.000000 0.000000 0.000000 0.000000 0.000000 0.000000 0.000000 -0.000208 -0.000497 -0.000837 -0.001231 -0.001623 -0.001887 -0.001910 -0.001690 -0.001319 -0.000886 -0.000419 0.000000 0.000000 0.000000 0.000000 0.000000 0.000000 0.000000 0.000000 0.000000 0.000000 0.000000 0.000000 
0.000000 0.000000 0.000000 0.000000 0.000000 0.000000 0.000000 0.000000 0.000000 0.000000 0.000000 0.000000 0.000000 0.000000 0.000000 0.000000 -0.000024 -0.000070 -0.000048 0.000000 0.000000 0.000000 0.000000 0.000000 0.000000 0.000000 0.000000 0.000000 0.000000 0.000000 0.000000 0.000000 0.000000 0.000000 0.000000 
