-0.000000 -0.000000 -0.000000 -0.000000 -0.000000 -0.000000 -0.000000 -0.000000 -0.000000 -0.000000 -0.000000 -0.000000 -0.000000 -0.000000 -0.000000 -0.000000 0.000111 0.000213 0.000031 -0.000000 -0.000000 -0.000000 -0.000000 -0.000000 -0.000000 -0.000000 -0.000000 -0.000000 -0.000000 -0.000000 -0.000000 -0.000000 -0.000000 -0.000000 -0.000000 
-0.000000 -0.000000 -0.000000 -0.000000 -0.000000 -0.000000 -0.000000 -0.000000 -0.000000 -0.000000 -0.000000 -0.000000 0.001092 0.002394 0.003687 0.004797 0.005438 0.005264 0.004313 0.003028 0.001850 0.000953 0.000339 -0.000000 -0.000000 -0.000000 -0.000000 -0.000000 -0.000000 -0.000000 -0.000000 -0.000000 -0.000000 -0.000000 -0.000000 
-0.000000 -0.000000 -0.000000 -0.000000 -0.000000 -0.000000 -0.000000 -0.000000 -0.000000 -0.000005 0.001661 0.003977 0.007938 0.030460 0.091122 0.156722 0.198615 0.201479 0.162779 0.104772 0.049158 0.013094 0.002679 0.001030 0.000319 -0.000002 -0.000000 -0.000000 -0.000000 -0.000000 -0.000000 -0.000000 -0.000000 -0.000000 -0.000000 
-0.000000 -0.000000 -0.000000 -0.000000 -0.000000 -0.000000 -0.000000 -0.000000 0.000709 0.003044 0.006997 0.041725 0.152854 0.301523 0.447565 0.557761 0.604843 0.593762 0.533073 0.424717 0.281135 0.150851 0.059332 0.012251 0.001515 0.000489 0.000065 -0.000000 -0.000000 -0.000000 -0.000000 -0.000000 -0.000000 -0.000000 -0.000000 
-0.000000 -0.000000 -0.000000 -0.000000 -0.000000 -0.000000 -0.000000 0.000983 0.003783 0.009817 0.077826 0.242496 0.455415 0.661704 0.789215 0.822128 0.807429 0.774358 0.730493 0.666178 0.556819 0.381666 0.203054 0.080705 0.018630 0.001639 0.000457 0.000069 -0.000000 -0.000000 -0.000000 -0.000000 -0.000000 -0.000000 -0.000000 
-0.000000 -0.000000 -0.000000 -0.000000 -0.000000 -0.000000 0.001039 0.003813 0.009313 0.076347 0.264429 0.518327 0.734012 0.853510 0.863095 0.840055 0.810301 0.775893 0.737433 0.692364 0.637490 0.548275 0.375130 0.195543 0.070367 0.013608 0.001173 0.000355 0.000069 -0.000000 -0.000000 -0.000000 -0.000000 -0.000000 -0.000000 
-0.000000 -0.000000 -0.000000 -0.000000 -0.000000 0.000927 0.003396 0.007906 0.044503 0.219173 0.486917 0.720458 0.870033 0.880260 0.858313 0.828997 0.796992 0.762551 0.726814 0.687109 0.641043 0.583849 0.492688 0.307357 0.144979 0.042401 0.005443 0.000892 0.000327 0.000081 -0.000000 -0.000000 -0.000000 -0.000000 -0.000000 
-0.000000 -0.000000 -0.000000 -0.000000 0.000665 0.002669 0.006334 0.015835 0.133887 0.399531 0.665297 0.868473 0.917253 0.889874 0.849105 0.814023 0.780562 0.747003 0.712737 0.676821 0.637624 0.594480 0.535985 0.412211 0.224738 0.089528 0.019114 0.002398 0.000939 0.000404 0.000092 -0.000000 -0.000000 -0.000000 -0.000000 
-0.000000 -0.000000 -0.000000 0.000383 0.001880 0.004658 0.014913 0.054924 0.259860 0.543394 0.783301 0.935868 0.928673 0.903782 0.869047 0.825873 0.775299 0.737318 0.707905 0.692534 0.674762 0.644442 0.596399 0.520986 0.336247 0.175167 0.070670 0.023530 0.006996 0.001266 0.000489 0.000079 -0.000000 -0.000000 -0.000000 
-0.000000 -0.000000 0.000043 0.001090 0.003059 0.011718 0.023056 0.084729 0.320307 0.579158 0.796823 0.885067 0.871404 0.853171 0.833513 0.814114 0.787333 0.758370 0.752119 0.753054 0.745425 0.723743 0.682178 0.616777 0.462490 0.284094 0.162038 0.091506 0.046663 0.014715 0.001618 0.000469 -0.000006 -0.000000 -0.000000 
-0.000000 -0.000000 0.000363 0.001473 0.004558 0.000514 -0.012159 0.048826 0.282678 0.526082 0.730632 0.777969 0.762804 0.748029 0.740843 0.743994 0.767159 0.813734 0.838660 0.846492 0.845749 0.826429 0.786181 0.723255 0.591878 0.401989 0.268966 0.187633 0.131411 0.065589 0.017328 0.001334 0.000271 -0.000000 -0.000000 
-0.000000 -0.000000 0.000411 0.000234 -0.018038 -0.057257 -0.103653 -0.046267 0.191509 0.449829 0.663576 0.701806 0.682029 0.656464 0.635750 0.644491 0.725998 0.846373 0.934777 0.953005 0.932393 0.893420 0.841203 0.775498 0.658236 0.479983 0.366472 0.293391 0.234700 0.157967 0.067230 0.010158 0.000804 -0.000000 -0.000000 
-0.000000 -0.000015 -0.000141 -0.019558 -0.082723 -0.161172 -0.213939 -0.132922 0.123736 0.387502 0.608751 0.657021 0.637560 0.610587 0.584371 0.604659 0.708910 0.847209 0.960997 0.997698 0.965718 0.919948 0.865410 0.798135 0.674955 0.499282 0.393621 0.349980 0.331783 0.265767 0.151192 0.045340 0.001945 0.000238 -0.000000 
-0.000000 -0.000280 -0.004704 -0.071900 -0.185266 -0.264779 -0.272871 -0.211861 0.037786 0.305226 0.539958 0.621060 0.604909 0.578329 0.561380 0.630708 0.752235 0.825682 0.897684 0.980277 0.986939 0.940919 0.884322 0.813160 0.670178 0.501123 0.405379 0.370539 0.369476 0.353500 0.257930 0.105864 0.009139 0.000629 -0.000000 
-0.000000 -0.000835 -0.025210 -0.152658 -0.289687 -0.322562 -0.315445 -0.291016 -0.072292 0.192912 0.445268 0.582654 0.581204 0.561636 0.577145 0.716497 0.844490 0.856108 0.863632 0.958830 1.013158 0.966241 0.900548 0.815293 0.644410 0.488782 0.408163 0.384202 0.389090 0.390924 0.349188 0.182169 0.032502 0.001141 -0.000000 
-0.000000 -0.001681 -0.061353 -0.243354 -0.358850 -0.363821 -0.352610 -0.336663 -0.205457 0.047940 0.309029 0.514380 0.575783 0.585005 0.661162 0.842473 0.952425 0.928473 0.895410 0.982181 1.076103 1.030672 0.935465 0.793790 0.600037 0.468081 0.405738 0.395768 0.403733 0.409817 0.399180 0.258114 0.064953 0.001760 -0.000000 
-0.000012 -0.002651 -0.101239 -0.314312 -0.404840 -0.400455 -0.386830 -0.371001 -0.334842 -0.131966 0.126502 0.395588 0.569362 0.622000 0.732674 0.922252 0.992441 0.955700 0.917732 0.989064 1.125525 1.114828 0.974735 0.757472 0.554959 0.443693 0.403027 0.406230 0.415821 0.424103 0.423338 0.310057 0.094848 0.002358 0.000041 
-0.000156 -0.003401 -0.128729 -0.358956 -0.441643 -0.434430 -0.419838 -0.404039 -0.388638 -0.317560 -0.089841 0.193865 0.455331 0.594677 0.736384 0.930504 0.990083 0.949761 0.903402 0.957852 1.126715 1.130977 0.937335 0.699412 0.528125 0.431478 0.409922 0.416290 0.426456 0.435777 0.437081 0.333653 0.110215 0.002713 0.000115 
-0.000070 -0.003575 -0.129207 -0.374555 -0.473529 -0.466938 -0.452545 -0.437087 -0.423118 -0.397020 -0.296184 -0.083152 0.172381 0.388618 0.624758 0.880710 0.962208 0.919801 0.870384 0.927555 1.048266 0.989947 0.806730 0.636744 0.514319 0.453371 0.423577 0.426254 0.436315 0.444976 0.444955 0.328101 0.102845 0.002646 0.000065 
-0.000000 -0.003164 -0.102109 -0.353779 -0.496954 -0.498146 -0.485016 -0.470459 -0.454099 -0.419582 -0.373755 -0.301677 -0.179259 -0.014653 0.229383 0.546261 0.728489 0.715202 0.651691 0.707786 0.814245 0.758633 0.665012 0.601283 0.534540 0.484509 0.449464 0.436228 0.444929 0.452061 0.442002 0.291058 0.076663 0.002219 -0.000000 
-0.000000 -0.002404 -0.058770 -0.288046 -0.492074 -0.526457 -0.516608 -0.504089 -0.482365 -0.442389 -0.399207 -0.368175 -0.347887 -0.309119 -0.209379 0.043331 0.259966 0.301561 0.310090 0.455938 0.611083 0.625359 0.613062 0.607378 0.565552 0.511643 0.473729 0.446834 0.451649 0.455015 0.410248 0.221834 0.042111 0.001624 -0.000000 
-0.000000 -0.001548 -0.019233 -0.194017 -0.421993 -0.536521 -0.545372 -0.536870 -0.510800 -0.469469 -0.428723 -0.405080 -0.392974 -0.384575 -0.364122 -0.238104 -0.049591 0.067733 0.204583 0.439289 0.591616 0.611868 0.614711 0.615805 0.589070 0.533519 0.492173 0.459901 0.454235 0.437655 0.327289 0.141315 0.013252 0.001018 -0.000000 
-0.000000 -0.000697 -0.004969 -0.096770 -0.291508 -0.470736 -0.555053 -0.564694 -0.538308 -0.497747 -0.460313 -0.440947 -0.430751 -0.423955 -0.417047 -0.352960 -0.177677 0.051089 0.303273 0.525200 0.606285 0.613820 0.617861 0.620357 0.602990 0.546587 0.502190 0.465836 0.436813 0.357810 0.211837 0.067425 0.003301 0.000448 -0.000000 
-0.000000 -0.000000 -0.002463 -0.025879 -0.153822 -0.330886 -0.463540 -0.545667 -0.558621 -0.524027 -0.489131 -0.471629 -0.462064 -0.454563 -0.441465 -0.387122 -0.211410 0.065402 0.355304 0.544895 0.598259 0.611229 0.617221 0.620479 0.605393 0.547817 0.497395 0.425703 0.340742 0.236776 0.106345 0.017370 0.001602 -0.000000 -0.000000 
-0.000000 -0.000000 -0.001009 -0.004223 -0.047873 -0.166200 -0.309237 -0.413737 -0.463890 -0.474997 -0.467662 -0.458317 -0.441805 -0.410791 -0.357375 -0.272527 -0.128530 0.100307 0.325089 0.447295 0.512552 0.554629 0.577954 0.585882 0.559114 0.481031 0.398172 0.306075 0.215696 0.113130 0.031950 0.002771 0.000646 -0.000000 -0.000000 
-0.000000 -0.000000 0.000011 -0.001804 -0.005791 -0.046545 -0.135732 -0.241648 -0.305695 -0.325315 -0.321912 -0.310544 -0.289782 -0.250131 -0.187721 -0.101870 0.005436 0.135609 0.244614 0.320921 0.382282 0.426893 0.453491 0.462693 0.424147 0.347371 0.264042 0.172171 0.090700 0.030715 0.003814 0.001172 -0.000004 -0.000000 -0.000000 
-0.000000 -0.000000 -0.000000 -0.000413 -0.002192 -0.005296 -0.026186 -0.077652 -0.131723 -0.154405 -0.150249 -0.132758 -0.110809 -0.072101 -0.015549 0.056622 0.125245 0.147789 0.166890 0.215696 0.265784 0.303693 0.327408 0.333326 0.278730 0.205584 0.125131 0.054608 0.017395 0.003574 0.001441 0.000268 -0.000000 -0.000000 -0.000000 
-0.000000 -0.000000 -0.000000 -0.000000 -0.000568 -0.002131 -0.004215 -0.007915 -0.017590 -0.013561 0.004161 0.028840 0.053778 0.084756 0.118602 0.133616 0.143074 0.152207 0.161372 0.170536 0.182088 0.203770 0.219906 0.204364 0.144784 0.083635 0.031249 0.006468 0.003067 0.001456 0.000366 -0.000000 -0.000000 -0.000000 -0.000000 
-0.000000 -0.000000 -0.000000 -0.000000 -0.000000 -0.000572 -0.001772 -0.003057 -0.003838 0.008111 0.040384 0.077242 0.107585 0.122066 0.131871 0.140737 0.149077 0.157253 0.165148 0.172354 0.178613 0.182789 0.176458 0.130890 0.079321 0.034239 0.008612 0.002598 0.001324 0.000396 -0.000000 -0.000000 -0.000000 -0.000000 -0.000000 
-0.000000 -0.000000 -0.000000 -0.000000 -0.000000 -0.000000 -0.000479 -0.001270 -0.001918 0.000499 0.019354 0.054971 0.092813 0.121619 0.136283 0.145770 0.154110 0.161698 0.168542 0.174442 0.178470 0.172306 0.135291 0.084608 0.039573 0.012014 0.002215 0.001118 0.000363 -0.000000 -0.000000 -0.000000 -0.000000 -0.000000 -0.000000 
-0.000000 -0.000000 -0.000000 -0.000000 -0.000000 -0.000000 -0.000000 -0.000313 -0.000811 -0.001011 0.003288 0.022749 0.055535 0.093820 0.125402 0.144503 0.155538 0.163147 0.168792 0.169470 0.156732 0.120207 0.073296 0.035483 0.011408 0.001877 0.000891 0.000281 -0.000000 -0.000000 -0.000000 -0.000000 -0.000000 -0.000000 -0.000000 
-0.000000 -0.000000 -0.000000 -0.000000 -0.000000 -0.000000 -0.000000 -0.000000 -0.000172 -0.000430 -0.000434 0.002116 0.015867 0.039827 0.068129 0.095045 0.113963 0.122879 0.120679 0.105233 0.077050 0.046697 0.021798 0.005953 0.001207 0.000614 0.000169 -0.000000 -0.000000 -0.000000 -0.000000 -0.000000 -0.000000 -0.000000 -0.000000 
-0.000000 -0.000000 -0.000000 -0.000000 -0.000000 -0.000000 -0.000000 -0.000000 -0.000000 -0.000026 -0.000135 -0.000116 0.000190 0.002770 0.011894 0.024337 0.034727 0.038965 0.034776 0.024823 0.013198 0.004191 0.001126 0.000604 0.000277 0.000012 -0.000000 -0.000000 -0.000000 -0.000000 -0.000000 -0.000000 -0.000000 -0.000000 -0.000000 
-0.000000 -0.000000 -0.000000 -0.000000 -0.000000 -0.000000 -0.000000 -0.000000 -0.000000 -0.000000 -0.000000 -0.000000 0.000004 0.000094 0.000259 0.000475 0.000684 0.000798 0.000772 0.000645 0.000478 0.000308 0.000145 -0.000000 -0.000000 -0.000000 -0.000000 -0.000000 -0.000000 -0.000000 -0.000000 -0.000000 -0.000000 -0.000000 -0.000000 
-0.000000 -0.000000 -0.000000 -0.000000 -0.000000 -0.000000 -0.000000 -0.000000 -0.000000 -0.000000 -0.000000 -0.000000 -0.000000 -0.000000 -0.000000 -0.000000 0.000010 0.000031 0.000012 -0.000000 -0.000000 -0.000000 -0.000000 -0.000000 -0.000000 -0.000000 -0.000000 -0.000000 -0.000000 -0.000000 -0.000000 -0.000000 -0.000000 -0.000000 -0.000000 
