-0.000000 -0.000000 -0.000000 -0.000000 -0.000000 -0.000000 -0.000000 -0.000000 -0.000000 -0.000000 -0.000000 -0.000000 -0.000000 -0.000000 -0.000000 -0.000000 -0.000000 -0.000000 -0.000000 -0.000000 -0.000000 -0.000000 -0.000000 -0.000000 -0.000000 -0.000000 -0.000000 -0.000000 -0.000000 -0.000000 -0.000000 -0.000000 -0.000000 -0.000000 -0.000000 
-0.000000 -0.000000 -0.000000 -0.000000 -0.000000 -0.000000 -0.000000 -0.000000 -0.000000 -0.000000 -0.000000 -0.000000 0.000624 0.001321 0.001997 0.002580 0.002929 0.002935 0.002531 0.001865 0.001141 0.000577 0.000183 -0.000000 -0.000000 -0.000000 -0.000000 -0.000000 -0.000000 -0.000000 -0.000000 -0.000000 -0.000000 -0.000000 -0.000000 
-0.000000 -0.000000 -0.000000 -0.000000 -0.000000 -0.000000 -0.000000 -0.000000 -0.000000 -0.000000 0.000638 0.001418 0.002584 0.006262 0.008773 0.002683 -0.003240 -0.003528 -0.001654 0.003407 0.006264 0.003426 0.000817 0.000120 -0.000083 -0.000000 -0.000000 -0.000000 -0.000000 -0.000000 -0.000000 -0.000000 -0.000000 -0.000000 -0.000000 
-0.000000 -0.000000 -0.000000 -0.000000 -0.000000 -0.000000 -0.000000 -0.000000 0.000096 0.000442 0.000994 0.003247 -0.013158 -0.071381 -0.149719 -0.220672 -0.272193 -0.293638 -0.276817 -0.220677 -0.142546 -0.067345 -0.017762 -0.001528 -0.000748 -0.000675 -0.000277 -0.000000 -0.000000 -0.000000 -0.000000 -0.000000 -0.000000 -0.000000 -0.000000 
-0.000000 -0.000000 -0.000000 -0.000000 -0.000000 -0.000000 -0.000000 -0.000195 -0.000242 -0.000309 -0.006439 -0.062268 -0.182295 -0.319214 -0.407551 -0.449621 -0.464764 -0.477681 -0.495670 -0.502326 -0.456091 -0.336686 -0.183225 -0.067247 -0.013949 -0.002391 -0.001515 -0.000554 -0.000000 -0.000000 -0.000000 -0.000000 -0.000000 -0.000000 -0.000000 
-0.000000 -0.000000 -0.000000 -0.000000 -0.000000 -0.000000 -0.000356 -0.001024 -0.001717 -0.010970 -0.084467 -0.244464 -0.362089 -0.388889 -0.390958 -0.387353 -0.390207 -0.401359 -0.421184 -0.451088 -0.489206 -0.501043 -0.420561 -0.259813 -0.096695 -0.021514 -0.004160 -0.002397 -0.000834 -0.000000 -0.000000 -0.000000 -0.000000 -0.000000 -0.000000 
-0.000000 -0.000000 -0.000000 -0.000000 -0.000000 -0.000420 -0.001583 -0.003010 -0.009093 -0.075295 -0.238941 -0.349396 -0.351036 -0.341345 -0.330126 -0.326336 -0.328318 -0.338871 -0.356363 -0.384534 -0.423292 -0.473664 -0.504341 -0.430931 -0.267427 -0.093718 -0.018331 -0.006074 -0.003301 -0.000965 -0.000000 -0.000000 -0.000000 -0.000000 -0.000000 
-0.000000 -0.000000 -0.000000 -0.000000 -0.000349 -0.001795 -0.003868 -0.007249 -0.046220 -0.196023 -0.333799 -0.348815 -0.319531 -0.301008 -0.287149 -0.282604 -0.285203 -0.293992 -0.310612 -0.336331 -0.376933 -0.455119 -0.548154 -0.581750 -0.476391 -0.275275 -0.085929 -0.015862 -0.008116 -0.003968 -0.000872 -0.000000 -0.000000 -0.000000 -0.000000 
-0.000000 -0.000000 -0.000000 -0.000222 -0.001662 -0.004314 -0.015420 -0.032720 -0.114162 -0.252827 -0.310575 -0.258530 -0.242113 -0.241911 -0.251505 -0.257000 -0.253810 -0.260913 -0.281340 -0.368440 -0.496526 -0.623995 -0.736926 -0.828109 -0.789922 -0.608368 -0.350609 -0.155558 -0.051045 -0.010477 -0.004298 -0.000745 -0.000000 -0.000000 -0.000000 
-0.000000 -0.000000 -0.000000 -0.001223 -0.004085 -0.022442 -0.028521 -0.007829 -0.080862 -0.169336 -0.166438 -0.099540 -0.088702 -0.096650 -0.133208 -0.185858 -0.229380 -0.254291 -0.389103 -0.566743 -0.726493 -0.857391 -0.960900 -1.048886 -1.077793 -0.937068 -0.690720 -0.433646 -0.260931 -0.095973 -0.011576 -0.003700 -0.000000 -0.000000 -0.000000 
-0.000000 -0.000000 -0.000711 -0.002850 -0.022900 -0.024717 0.041238 0.090105 -0.008591 -0.109725 -0.095127 -0.040528 -0.023445 -0.012250 -0.019064 -0.062326 -0.151118 -0.372025 -0.616033 -0.798859 -0.917514 -0.999503 -1.067100 -1.138939 -1.200605 -1.101656 -0.901721 -0.678085 -0.522861 -0.330315 -0.101785 -0.009123 -0.002191 -0.000000 -0.000000 
-0.000000 -0.000000 -0.001740 -0.013980 -0.029497 0.041096 0.131639 0.109604 -0.065702 -0.197816 -0.185757 -0.135305 -0.118325 -0.096991 -0.067473 -0.037373 -0.160272 -0.519832 -0.816831 -0.940303 -0.987313 -1.017383 -1.056510 -1.117555 -1.188142 -1.103362 -0.931782 -0.764755 -0.685207 -0.575132 -0.327258 -0.055860 -0.005724 -0.000000 -0.000000 
-0.000000 -0.000499 -0.003227 -0.032571 0.011702 0.099807 0.103210 0.028318 -0.149974 -0.281962 -0.269635 -0.212625 -0.196908 -0.179433 -0.157984 -0.160573 -0.387776 -0.685905 -0.890348 -0.967778 -0.971144 -0.987018 -1.022964 -1.083291 -1.154969 -1.065666 -0.891768 -0.727472 -0.695368 -0.696504 -0.561277 -0.222895 -0.011945 -0.001663 -0.000000 
-0.000000 -0.001108 -0.010293 -0.028208 0.042012 0.062238 0.029780 -0.028241 -0.198875 -0.337950 -0.351137 -0.277790 -0.260652 -0.245340 -0.224491 -0.311835 -0.674654 -0.869079 -0.890664 -0.928724 -0.949578 -0.962626 -0.998597 -1.061560 -1.120347 -1.006738 -0.830266 -0.673220 -0.654964 -0.682034 -0.688157 -0.435914 -0.046139 -0.003942 -0.000000 
-0.000000 -0.001717 -0.024133 -0.018882 0.018032 -0.001398 -0.028770 -0.058398 -0.210646 -0.367444 -0.416965 -0.342297 -0.309392 -0.276049 -0.221756 -0.386491 -0.812135 -0.897619 -0.870272 -0.908238 -0.957961 -0.963202 -0.992024 -1.058490 -1.070478 -0.923342 -0.745480 -0.612767 -0.622994 -0.643677 -0.687560 -0.599402 -0.149053 -0.006444 -0.000000 
-0.000000 -0.002343 -0.034756 -0.040583 -0.033426 -0.051835 -0.072992 -0.089839 -0.182539 -0.344418 -0.459467 -0.410441 -0.282894 -0.177765 -0.095470 -0.383451 -0.797151 -0.805599 -0.803762 -0.826437 -0.915500 -1.013440 -1.063178 -1.085336 -0.992767 -0.808422 -0.642860 -0.573412 -0.593481 -0.617721 -0.645328 -0.672791 -0.265094 -0.008853 -0.000000 
-0.000000 -0.002935 -0.045314 -0.076214 -0.084330 -0.093292 -0.108112 -0.119744 -0.144962 -0.287788 -0.415497 -0.379824 -0.197684 -0.101127 -0.060634 -0.445828 -0.785003 -0.748719 -0.707090 -0.661064 -0.719646 -0.889222 -1.110257 -1.148186 -0.907419 -0.684172 -0.548892 -0.545129 -0.566721 -0.592211 -0.616076 -0.674400 -0.334052 -0.010384 -0.000000 
-0.000000 -0.003395 -0.057756 -0.119129 -0.130559 -0.130711 -0.137221 -0.144050 -0.150349 -0.179146 -0.217811 -0.246506 -0.239956 -0.188189 -0.119586 -0.503566 -0.831500 -0.810582 -0.780410 -0.726417 -0.662309 -0.701516 -0.886304 -0.974219 -0.844948 -0.597960 -0.513797 -0.523256 -0.544079 -0.571192 -0.595461 -0.653213 -0.340688 -0.010349 -0.000000 
-0.000000 -0.003671 -0.068514 -0.154146 -0.174816 -0.163793 -0.164437 -0.166433 -0.163074 -0.067887 0.002280 -0.065597 -0.221191 -0.291015 -0.231239 -0.549919 -0.914999 -0.902202 -0.891950 -0.841820 -0.742262 -0.636959 -0.532909 -0.567149 -0.671752 -0.637533 -0.511895 -0.506833 -0.526750 -0.553137 -0.576711 -0.615089 -0.283335 -0.008899 -0.000000 
-0.000000 -0.003482 -0.067334 -0.179453 -0.219698 -0.199812 -0.193197 -0.187977 -0.140234 -0.015211 0.097195 0.088488 -0.025758 -0.171376 -0.244398 -0.547272 -1.014500 -1.025873 -1.014620 -0.885366 -0.647207 -0.403256 -0.234106 -0.237489 -0.486442 -0.649454 -0.576996 -0.495557 -0.513574 -0.537642 -0.559155 -0.543824 -0.187450 -0.006502 -0.000000 
-0.000000 -0.002887 -0.047852 -0.173229 -0.253697 -0.243861 -0.226218 -0.213067 -0.113135 0.021336 0.107425 0.104119 0.090144 0.046182 0.008151 -0.193340 -0.691560 -0.849572 -0.798570 -0.596212 -0.317344 -0.174675 -0.113087 -0.117120 -0.340210 -0.599997 -0.628862 -0.495168 -0.501654 -0.521247 -0.534068 -0.405082 -0.086492 -0.004078 -0.000000 
-0.000000 -0.001992 -0.020323 -0.155750 -0.262394 -0.288210 -0.267257 -0.232704 -0.110461 0.027017 0.091647 0.077950 0.067123 0.051850 0.052617 0.041732 -0.268195 -0.560578 -0.557454 -0.386856 -0.204122 -0.138877 -0.102696 -0.087706 -0.237256 -0.538267 -0.646077 -0.521038 -0.489221 -0.505898 -0.442770 -0.240789 -0.022977 -0.002139 -0.000000 
-0.000000 -0.000955 -0.006848 -0.098283 -0.230247 -0.305193 -0.313046 -0.266241 -0.128729 0.010431 0.060786 0.044955 0.030650 0.010630 -0.008587 0.011728 -0.116504 -0.380288 -0.471977 -0.303090 -0.172838 -0.126925 -0.092920 -0.073912 -0.178316 -0.487721 -0.638460 -0.535912 -0.473291 -0.418888 -0.284026 -0.096006 -0.005760 -0.000775 -0.000000 
-0.000000 -0.000000 -0.003734 -0.031195 -0.161870 -0.284650 -0.323349 -0.295920 -0.171465 -0.031994 0.015858 -0.001304 -0.018593 -0.042293 -0.065066 -0.059087 -0.040890 -0.144876 -0.187907 -0.143890 -0.131511 -0.105962 -0.075693 -0.057037 -0.148539 -0.457308 -0.618918 -0.503567 -0.364051 -0.250173 -0.123958 -0.019822 -0.002443 -0.000000 -0.000000 
-0.000000 -0.000000 -0.001552 -0.006666 -0.062875 -0.188648 -0.299071 -0.304866 -0.184020 -0.054845 -0.012475 -0.036432 -0.053893 -0.073260 -0.087265 -0.086299 -0.025320 0.083164 0.144275 0.091722 0.027345 0.000625 -0.000139 0.007970 -0.097661 -0.394218 -0.514682 -0.342970 -0.184972 -0.104023 -0.029529 -0.003496 -0.000811 -0.000000 -0.000000 
-0.000000 -0.000000 -0.000000 -0.002911 -0.008971 -0.065316 -0.175510 -0.256996 -0.185048 -0.065354 -0.014232 -0.039358 -0.055887 -0.069716 -0.067028 -0.027321 0.072116 0.240726 0.311551 0.280777 0.232473 0.195210 0.179663 0.177294 0.021301 -0.258755 -0.331121 -0.152097 -0.062664 -0.023991 -0.004011 -0.001318 -0.000000 -0.000000 -0.000000 
-0.000000 -0.000000 -0.000000 -0.000603 -0.003514 -0.008488 -0.038607 -0.101214 -0.082231 0.002263 0.056028 0.033164 0.020622 0.030221 0.073867 0.158042 0.255388 0.285986 0.310297 0.344555 0.356126 0.354223 0.352707 0.341916 0.095798 -0.160685 -0.185055 -0.051003 -0.013486 -0.004030 -0.001545 -0.000246 -0.000000 -0.000000 -0.000000 
-0.000000 -0.000000 -0.000000 -0.000000 -0.000788 -0.003168 -0.006113 -0.009398 0.031285 0.155485 0.253041 0.261228 0.240924 0.258774 0.290380 0.296934 0.300302 0.308983 0.322096 0.339147 0.360519 0.387259 0.405520 0.312221 0.014061 -0.170231 -0.103187 -0.011520 -0.004597 -0.001760 -0.000327 -0.000000 -0.000000 -0.000000 -0.000000 
-0.000000 -0.000000 -0.000000 -0.000000 -0.000000 -0.000686 -0.002144 -0.003155 0.013409 0.129583 0.297622 0.380420 0.362157 0.344563 0.335727 0.331523 0.333140 0.339956 0.351799 0.368520 0.389493 0.412452 0.394886 0.151396 -0.100414 -0.139137 -0.037406 -0.005557 -0.002267 -0.000512 -0.000000 -0.000000 -0.000000 -0.000000 -0.000000 
-0.000000 -0.000000 -0.000000 -0.000000 -0.000000 -0.000000 -0.000462 -0.000842 0.000216 0.042888 0.184150 0.352019 0.418793 0.395366 0.379931 0.374682 0.375164 0.381610 0.394515 0.413341 0.437315 0.421464 0.219780 -0.037105 -0.128391 -0.060801 -0.006737 -0.002795 -0.000711 -0.000000 -0.000000 -0.000000 -0.000000 -0.000000 -0.000000 
-0.000000 -0.000000 -0.000000 -0.000000 -0.000000 -0.000000 -0.000000 -0.000130 0.000204 0.002662 0.052305 0.191877 0.349780 0.444100 0.451566 0.442226 0.440296 0.448153 0.462283 0.464715 0.397590 0.202923 -0.012134 -0.103497 -0.057846 -0.006849 -0.002925 -0.000805 -0.000000 -0.000000 -0.000000 -0.000000 -0.000000 -0.000000 -0.000000 
-0.000000 -0.000000 -0.000000 -0.000000 -0.000000 -0.000000 -0.000000 -0.000000 0.000005 0.000695 0.002836 0.029105 0.129584 0.262802 0.364060 0.407885 0.418606 0.412313 0.371190 0.267415 0.103339 -0.031257 -0.069903 -0.028726 -0.004697 -0.002387 -0.000595 -0.000000 -0.000000 -0.000000 -0.000000 -0.000000 -0.000000 -0.000000 -0.000000 
-0.000000 -0.000000 -0.000000 -0.000000 -0.000000 -0.000000 -0.000000 -0.000000 -0.000000 -0.000000 0.000641 0.002070 0.005124 0.024017 0.080357 0.133831 0.150763 0.126054 0.069299 0.007033 -0.025244 -0.014100 -0.003684 -0.002425 -0.001246 -0.000000 -0.000000 -0.000000 -0.000000 -0.000000 -0.000000 -0.000000 -0.000000 -0.000000 -0.000000 
-0.000000 -0.000000 -0.000000 -0.000000 -0.000000 -0.000000 -0.000000 -0.000000 -0.000000 -0.000000 -0.000000 -0.000000 0.000639 0.001590 0.002695 0.003560 0.003745 0.003011 0.001640 0.000221 -0.000717 -0.000967 -0.000626 -0.000000 -0.000000 -0.000000 -0.000000 -0.000000 -0.000000 -0.000000 -0.000000 -0.000000 -0.000000 -0.000000 -0.000000 
-0.000000 -0.000000 -0.000000 -0.000000 -0.000000 -0.000000 -0.000000 -0.000000 -0.000000 -0.000000 -0.000000 -0.000000 -0.000000 -0.000000 -0.000000 -0.000000 -0.000000 -0.000000 -0.000000 -0.000000 -0.000000 -0.000000 -0.000000 -0.000000 -0.000000 -0.000000 -0.000000 -0.000000 -0.000000 -0.000000 -0.000000 -0.000000 -0.000000 -0.000000 -0.000000 
