0.000000 0.000000 0.000000 0.000000 0.000000 0.000000 0.000000 0.000000 0.000000 0.000000 0.000000 0.000000 0.000000 0.000000 0.000000 0.000000 0.000000 0.000000 0.000000 0.000000 0.000000 0.000000 0.000000 0.000000 0.000000 0.000000 0.000000 0.000000 0.000000 0.000000 0.000000 0.000000 0.000000 0.000000 0.000000 
0.000000 0.000000 0.000000 0.000000 0.000000 0.000000 0.000000 0.000000 0.000000 0.000000 0.000000 0.000000 0.000000 -0.000000 0.000253 0.000661 0.001083 0.001344 0.001360 0.001074 0.000712 0.000391 0.000123 -0.000000 0.000000 0.000000 0.000000 0.000000 0.000000 0.000000 0.000000 0.000000 0.000000 0.000000 0.000000 
0.000000 0.000000 0.000000 0.000000 0.000000 0.000000 0.000000 0.000000 0.000000 0.000000 0.000000 -0.000167 0.000139 0.001335 0.011003 0.044487 0.077290 0.092683 0.088721 0.066081 0.037398 0.014297 0.002526 0.000813 0.000209 -0.000063 0.000000 0.000000 0.000000 0.000000 0.000000 0.000000 0.000000 0.000000 0.000000 
0.000000 0.000000 0.000000 0.000000 0.000000 0.000000 0.000000 0.000000 0.000000 -0.000267 -0.000470 0.000256 0.015457 0.078477 0.158214 0.222409 0.235696 0.247634 0.255619 0.252042 0.217598 0.154338 0.083135 0.028736 0.003890 0.000453 -0.000076 -0.000092 0.000000 0.000000 0.000000 0.000000 0.000000 0.000000 0.000000 
0.000000 0.000000 0.000000 0.000000 0.000000 0.000000 0.000000 0.000000 -0.000430 -0.000869 0.000199 0.032415 0.129088 0.224312 0.251190 0.228711 0.221041 0.247142 0.284853 0.322548 0.346259 0.332582 0.255184 0.154825 0.065376 0.011968 0.000297 -0.000309 -0.000238 0.000000 0.000000 0.000000 0.000000 0.000000 0.000000 
0.000000 0.000000 0.000000 0.000000 0.000000 0.000000 0.000000 -0.000689 -0.001548 -0.001220 0.029257 0.135398 0.232480 0.215908 0.144159 0.144041 0.180679 0.221696 0.264473 0.309944 0.352220 0.388061 0.396398 0.316005 0.191225 0.079698 0.013786 -0.000560 -0.000781 -0.000378 0.000000 0.000000 0.000000 0.000000 0.000000 
0.000000 0.000000 0.000000 0.000000 0.000000 0.000000 -0.000864 -0.002467 -0.003535 0.009279 0.104398 0.213632 0.193874 0.085604 0.078477 0.110480 0.150288 0.194348 0.240361 0.286709 0.333312 0.377485 0.415207 0.422587 0.324856 0.188057 0.065811 0.004638 -0.001966 -0.001311 -0.000432 0.000000 0.000000 0.000000 0.000000 
0.000000 0.000000 0.000000 0.000000 0.000000 -0.000911 -0.003286 -0.005886 -0.008331 0.030449 0.132728 0.142427 0.021270 -0.033293 0.015006 0.076159 0.125946 0.171716 0.218420 0.265894 0.312741 0.348673 0.353316 0.362596 0.333646 0.222650 0.104560 0.016484 -0.005392 -0.003186 -0.001536 -0.000409 0.000000 0.000000 0.000000 
0.000000 0.000000 0.000000 0.000000 -0.000703 -0.003679 -0.008086 -0.032190 -0.075213 -0.032578 0.027964 -0.040383 -0.182131 -0.168451 -0.119709 -0.043647 0.046073 0.141160 0.197020 0.221008 0.163208 0.113683 0.105475 0.125669 0.146996 0.067037 -0.034860 -0.098847 -0.079394 -0.023668 -0.003844 -0.001230 -0.000134 0.000000 0.000000 
0.000000 0.000000 0.000000 0.000000 -0.003132 -0.008832 -0.055268 -0.134720 -0.165582 -0.058478 -0.004484 -0.110354 -0.210153 -0.184672 -0.145968 -0.091911 -0.035095 0.050152 0.084582 -0.011866 -0.070973 -0.070154 -0.025372 0.025224 0.066497 0.017931 -0.110514 -0.239003 -0.276082 -0.152502 -0.040647 -0.003317 -0.000591 0.000000 0.000000 
0.000000 0.000000 0.000000 -0.001676 -0.007027 -0.055397 -0.151176 -0.193914 -0.133804 0.020373 0.061043 -0.073797 -0.141401 -0.113983 -0.073755 -0.037530 -0.010912 -0.054778 -0.194891 -0.220115 -0.158564 -0.057911 0.043205 0.122983 0.168977 0.136919 -0.023099 -0.216897 -0.365711 -0.335909 -0.164705 -0.036104 -0.001453 -0.000001 0.000000 
0.000000 0.000000 0.000000 -0.004087 -0.031119 -0.136166 -0.184458 -0.126042 -0.027466 0.112328 0.115561 -0.043852 -0.107205 -0.080642 -0.036303 0.015296 0.013455 -0.183113 -0.331443 -0.245112 -0.056823 0.077530 0.154445 0.205619 0.241773 0.220291 0.076695 -0.103002 -0.291501 -0.371764 -0.314529 -0.126009 -0.011326 0.000018 0.000000 
0.000000 0.000000 -0.001010 -0.007561 -0.092460 -0.169007 -0.101674 -0.014477 0.045307 0.153179 0.154921 -0.006256 -0.076540 -0.053231 -0.011400 0.031016 -0.090316 -0.277275 -0.216491 -0.073905 0.031112 0.110804 0.168031 0.216689 0.252010 0.224590 0.075711 -0.100495 -0.250706 -0.297712 -0.341783 -0.217922 -0.049361 0.000228 0.000287 
0.000000 0.000000 -0.002258 -0.021293 -0.135736 -0.116830 0.014000 0.057821 0.075055 0.171934 0.191324 0.054558 -0.041600 -0.024385 0.013523 0.011171 -0.213696 -0.247785 -0.027497 0.067024 0.073588 0.116429 0.174527 0.221739 0.254121 0.203799 0.049544 -0.127219 -0.260214 -0.287799 -0.294529 -0.264276 -0.086836 -0.000167 0.000828 
0.000000 0.000000 -0.003396 -0.052365 -0.130985 -0.011471 0.094156 0.103941 0.097838 0.174032 0.228047 0.141397 0.010081 0.008543 0.031281 -0.062223 -0.314009 -0.204389 -0.040198 0.040662 0.064811 0.069148 0.151635 0.216149 0.238518 0.147354 -0.017759 -0.180640 -0.273701 -0.285008 -0.289706 -0.259338 -0.086904 0.005538 0.001683 
0.000000 0.000000 -0.004209 -0.072935 -0.086856 0.083611 0.148157 0.144685 0.128939 0.158076 0.241769 0.233979 0.087928 0.018521 0.015508 -0.148668 -0.280125 -0.056714 0.040179 0.098096 0.097621 -0.011574 0.019618 0.120205 0.165576 0.051435 -0.111627 -0.240536 -0.277638 -0.285308 -0.287111 -0.258343 -0.050957 0.034332 0.002979 
0.000000 0.000000 -0.004498 -0.073335 -0.030701 0.149256 0.192796 0.182522 0.164607 0.149731 0.218521 0.264090 0.173697 0.085569 0.121692 0.030767 0.042084 0.278130 0.362940 0.422704 0.427817 0.210852 0.050901 -0.007863 -0.057716 -0.121131 -0.213597 -0.273833 -0.281034 -0.284686 -0.283010 -0.250931 -0.010850 0.084796 0.004548 
0.000000 0.000000 -0.004127 -0.058997 0.013541 0.195184 0.234048 0.222511 0.202058 0.178122 0.161387 0.209055 0.282126 0.310268 0.358872 0.271318 0.311568 0.479446 0.545739 0.610133 0.643862 0.454189 0.257321 0.002868 -0.267629 -0.368671 -0.313561 -0.278760 -0.282241 -0.282620 -0.274961 -0.231929 0.040250 0.139889 0.005871 
0.000000 0.000000 -0.003331 -0.037131 0.040082 0.225962 0.272620 0.262258 0.242580 0.211157 0.152602 0.189417 0.333085 0.487208 0.569393 0.483858 0.492585 0.610175 0.656090 0.703388 0.710414 0.460255 0.224844 -0.011749 -0.304606 -0.463695 -0.413536 -0.293524 -0.279469 -0.274424 -0.258652 -0.193643 0.121905 0.170061 0.006288 
0.000000 0.000000 -0.002399 -0.019662 0.049801 0.237413 0.307358 0.304441 0.285556 0.228993 0.205106 0.271752 0.374313 0.504481 0.601379 0.598294 0.607132 0.667681 0.655656 0.642889 0.544803 0.242216 0.058631 -0.043882 -0.191262 -0.394228 -0.455888 -0.351811 -0.270204 -0.257842 -0.228039 -0.108044 0.230929 0.156102 0.005602 
0.000000 0.000000 -0.001550 -0.009778 0.045518 0.219671 0.329718 0.344160 0.327853 0.264778 0.285317 0.376023 0.468324 0.535296 0.586250 0.622882 0.634178 0.675449 0.597329 0.539103 0.354523 0.108449 0.037723 -0.001618 -0.085684 -0.285205 -0.436754 -0.392529 -0.254399 -0.225789 -0.170382 0.062407 0.307414 0.096742 0.004167 
0.000000 0.000000 -0.000871 -0.004735 0.025173 0.171982 0.322705 0.375595 0.360505 0.318668 0.374427 0.473109 0.555829 0.607474 0.645194 0.671093 0.719172 0.775495 0.698013 0.540750 0.296170 0.123536 0.076030 0.034440 -0.025702 -0.185448 -0.378916 -0.390256 -0.240068 -0.166678 -0.027596 0.268548 0.274916 0.031004 0.002485 
0.000000 0.000000 -0.000325 -0.002355 0.003793 0.096647 0.265380 0.373672 0.389740 0.377809 0.460919 0.558253 0.631019 0.677128 0.711566 0.739665 0.776749 0.884481 0.814465 0.538124 0.276365 0.165227 0.122298 0.081459 0.027981 -0.098682 -0.305255 -0.343212 -0.186009 -0.019475 0.225568 0.334903 0.153368 0.008008 0.000976 
0.000000 0.000000 0.000000 -0.001288 -0.003503 0.031461 0.151882 0.299261 0.376466 0.413742 0.518764 0.621555 0.689225 0.733675 0.765622 0.790808 0.793905 0.807085 0.774697 0.574480 0.370167 0.259788 0.197957 0.151318 0.099582 -0.013186 -0.211512 -0.234150 0.017059 0.244600 0.334046 0.224382 0.038876 0.003621 0.000000 
0.000000 0.000000 0.000000 -0.000531 -0.001913 0.000417 0.045941 0.157658 0.262259 0.348025 0.502125 0.634972 0.708365 0.751299 0.764838 0.743565 0.681397 0.584050 0.556892 0.562382 0.536194 0.461294 0.378539 0.314306 0.261387 0.164558 0.013607 0.043062 0.241972 0.313612 0.226057 0.069572 0.005955 0.001220 0.000000 
0.000000 0.000000 0.000000 0.000000 -0.000925 -0.002016 0.002065 0.038035 0.105991 0.184905 0.340451 0.489973 0.560546 0.598250 0.596019 0.559639 0.494757 0.423453 0.370261 0.427581 0.504297 0.532759 0.530032 0.503739 0.461549 0.332326 0.159263 0.140767 0.227363 0.174712 0.062367 0.006869 0.002075 0.000000 0.000000 
0.000000 0.000000 0.000000 0.000000 -0.000225 -0.001021 -0.001902 -0.000902 0.010814 0.041815 0.150363 0.293575 0.364832 0.400531 0.407951 0.390251 0.360162 0.338009 0.333610 0.328600 0.357285 0.404076 0.436180 0.433512 0.392453 0.214981 0.052914 0.046516 0.077048 0.028508 0.004880 0.002028 0.000283 0.000000 0.000000 
0.000000 0.000000 0.000000 0.000000 0.000000 -0.000242 -0.000985 -0.001730 -0.002502 -0.003653 0.040454 0.155006 0.244073 0.272494 0.296359 0.307710 0.317006 0.321094 0.320418 0.314215 0.303761 0.290312 0.283066 0.264348 0.174880 -0.013365 -0.096274 -0.036583 0.002217 0.001961 0.001167 0.000266 0.000000 0.000000 0.000000 
0.000000 0.000000 0.000000 0.000000 0.000000 0.000000 -0.000317 -0.000932 -0.001382 -0.003449 0.018048 0.098534 0.204767 0.252669 0.273235 0.293079 0.305471 0.310999 0.310280 0.304225 0.291951 0.271769 0.238513 0.180743 0.019516 -0.105023 -0.081141 -0.014758 -0.000230 0.000105 0.000064 0.000000 0.000000 0.000000 0.000000 
0.000000 0.000000 0.000000 0.000000 0.000000 0.000000 0.000000 -0.000322 -0.000799 -0.000789 0.001419 0.051059 0.150941 0.241031 0.266776 0.277326 0.290594 0.295685 0.296016 0.287624 0.271871 0.244949 0.192633 0.065555 -0.057841 -0.072844 -0.026567 -0.001566 -0.000553 -0.000142 0.000000 0.000000 0.000000 0.000000 0.000000 
0.000000 0.000000 0.000000 0.000000 0.000000 0.000000 0.000000 0.000000 -0.000338 -0.000570 -0.000030 0.006593 0.063888 0.170499 0.256486 0.281515 0.276889 0.274339 0.270542 0.258522 0.233020 0.180133 0.081476 -0.012707 -0.047333 -0.022691 -0.001609 -0.000690 -0.000233 0.000000 0.000000 0.000000 0.000000 0.000000 0.000000 
0.000000 0.000000 0.000000 0.000000 0.000000 0.000000 0.000000 0.000000 0.000000 -0.000231 -0.000381 0.000382 0.005289 0.041158 0.122391 0.212322 0.265216 0.277291 0.264892 0.229934 0.165819 0.075606 0.006725 -0.021069 -0.008376 -0.000594 -0.000465 -0.000163 0.000000 0.000000 0.000000 0.000000 0.000000 0.000000 0.000000 
0.000000 0.000000 0.000000 0.000000 0.000000 0.000000 0.000000 0.000000 0.000000 0.000000 0.000000 -0.000206 0.000308 0.001887 0.007472 0.030414 0.067026 0.091208 0.088950 0.062864 0.026565 0.001904 -0.000458 0.000550 -0.000079 -0.000225 0.000000 0.000000 0.000000 0.000000 0.000000 0.000000 0.000000 0.000000 0.000000 
0.000000 0.000000 0.000000 0.000000 0.000000 0.000000 0.000000 0.000000 0.000000 0.000000 0.000000 0.000000 0.000000 0.000000 0.000458 0.001300 0.002308 0.003058 0.003171 0.002684 0.001783 0.000897 0.000271 0.000000 0.000000 0.000000 0.000000 0.000000 0.000000 0.000000 0.000000 0.000000 0.000000 0.000000 0.000000 
0.000000 0.000000 0.000000 0.000000 0.000000 0.000000 0.000000 0.000000 0.000000 0.000000 0.000000 0.000000 0.000000 0.000000 0.000000 0.000000 0.000000 0.000000 0.000000 0.000000 0.000000 0.000000 0.000000 0.000000 0.000000 0.000000 0.000000 0.000000 0.000000 0.000000 0.000000 0.000000 0.000000 0.000000 0.000000 
