0.000000 0.000000 0.000000 0.000000 0.000000 0.000000 0.000000 0.000000 0.000000 0.000000 0.000000 0.000000 0.000000 0.000000 0.000000 0.000000 0.000000 0.000000 0.000000 0.000000 0.000000 0.000000 0.000000 0.000000 0.000000 0.000000 0.000000 0.000000 0.000000 0.000000 0.000000 0.000000 0.000000 0.000000 0.000000 
0.000000 0.000000 0.000000 0.000000 0.000000 0.000000 0.000000 0.000000 0.000000 0.000000 0.000000 0.000000 0.000000 0.000000 0.000000 0.000000 0.000000 0.000000 0.000000 0.000000 0.000000 0.000000 0.000000 0.000000 0.000000 0.000000 0.000000 0.000000 0.000000 0.000000 0.000000 0.000000 0.000000 0.000000 0.000000 
0.000000 0.000000 0.000000 0.000000 0.000000 0.000000 0.000000 0.000000 0.000000 0.000000 0.000000 0.000000 -0.000859 -0.001651 -0.002107 -0.002175 -0.001858 -0.001261 -0.000689 -0.000344 -0.000216 -0.000196 -0.000131 0.000000 0.000000 0.000000 0.000000 0.000000 0.000000 0.000000 0.000000 0.000000 0.000000 0.000000 0.000000 
0.000000 0.000000 0.000000 0.000000 0.000000 0.000000 0.000000 0.000000 0.000000 0.000000 -0.001667 -0.003500 -0.005740 -0.017187 -0.037775 -0.038213 -0.021013 0.001003 0.019118 0.022707 0.012494 0.002195 -0.000127 -0.000360 -0.000308 0.000000 0.000000 0.000000 0.000000 0.000000 0.000000 0.000000 0.000000 0.000000 0.000000 
0.000000 0.000000 0.000000 0.000000 0.000000 0.000000 0.000000 0.000000 -0.000860 -0.003303 -0.006426 -0.029015 -0.074565 -0.083641 -0.046356 0.010328 0.059295 0.091081 0.109964 0.119898 0.115180 0.079247 0.031057 0.003482 -0.000294 -0.000442 -0.000204 0.000000 0.000000 0.000000 0.000000 0.000000 0.000000 0.000000 0.000000 
0.000000 0.000000 0.000000 0.000000 0.000000 0.000000 0.000000 -0.001200 -0.004066 -0.008626 -0.053401 -0.106661 -0.093566 -0.020634 0.064542 0.123078 0.158872 0.182715 0.198230 0.206617 0.208570 0.198853 0.144936 0.065155 0.010533 -0.000309 -0.000569 -0.000286 0.000000 0.000000 0.000000 0.000000 0.000000 0.000000 0.000000 
0.000000 0.000000 0.000000 0.000000 0.000000 0.000000 -0.001103 -0.003834 -0.008297 -0.054585 -0.121628 -0.108326 -0.006029 0.085989 0.131050 0.160550 0.184139 0.205520 0.224837 0.241437 0.251027 0.253294 0.248540 0.179372 0.074176 0.009997 -0.000680 -0.000772 -0.000387 0.000000 0.000000 0.000000 0.000000 0.000000 0.000000 
0.000000 0.000000 0.000000 0.000000 0.000000 -0.000761 -0.002954 -0.006584 -0.034443 -0.120229 -0.131211 -0.028128 0.070030 0.109718 0.135081 0.156958 0.177349 0.198705 0.219679 0.241248 0.260495 0.274774 0.279556 0.267880 0.174726 0.056859 0.003014 -0.001060 -0.000963 -0.000443 0.000000 0.000000 0.000000 0.000000 0.000000 
0.000000 0.000000 0.000000 0.000000 -0.000373 -0.001793 -0.004551 -0.010179 -0.078144 -0.135589 -0.055703 0.059842 0.105376 0.118689 0.128198 0.145047 0.165299 0.186300 0.208741 0.231872 0.252463 0.263619 0.275713 0.285658 0.242287 0.121489 0.020221 -0.001093 -0.001144 -0.000944 -0.000412 0.000000 0.000000 0.000000 0.000000 
0.000000 0.000000 0.000000 -0.000204 -0.000875 -0.002157 0.005210 0.010991 -0.063036 -0.056029 0.053028 0.134298 0.155753 0.168236 0.172742 0.163357 0.155938 0.173132 0.189558 0.193717 0.218234 0.255136 0.290955 0.312345 0.302927 0.193134 0.054473 -0.003506 -0.004107 -0.000911 -0.000736 -0.000258 0.000000 0.000000 0.000000 
0.000000 0.000000 0.000000 -0.000361 -0.000296 0.022934 0.074749 0.064593 -0.045719 -0.027397 0.065540 0.107210 0.129914 0.158570 0.193161 0.213727 0.204327 0.158795 0.154950 0.206451 0.277054 0.345485 0.400212 0.430962 0.437280 0.339762 0.166030 0.036869 0.006540 -0.002816 -0.000447 -0.000481 0.000000 0.000000 0.000000 
0.000000 0.000000 -0.000135 0.000183 0.028655 0.107225 0.148393 0.050193 -0.110790 -0.118664 -0.055951 -0.036648 -0.012303 0.038684 0.115158 0.198130 0.230897 0.203949 0.217231 0.307524 0.402191 0.479913 0.535929 0.568181 0.581270 0.497456 0.319110 0.153565 0.071826 0.025188 -0.000279 0.000017 -0.000229 0.000000 0.000000 
0.000000 0.000000 0.000105 0.015348 0.112688 0.181106 0.127624 -0.057802 -0.241340 -0.213712 -0.124174 -0.096753 -0.075863 -0.045522 0.002758 0.076222 0.164981 0.301621 0.385612 0.439269 0.517270 0.576814 0.620875 0.649691 0.666812 0.594033 0.430476 0.271958 0.183476 0.098206 0.030949 0.000855 0.000115 0.000000 0.000000 
0.000000 -0.000000 0.001211 0.075591 0.199977 0.169447 0.034958 -0.109121 -0.236083 -0.200220 -0.105789 -0.073030 -0.053354 -0.027563 0.003950 0.020098 0.130468 0.380281 0.546907 0.554660 0.575742 0.623154 0.663888 0.692258 0.709621 0.633638 0.474275 0.333072 0.270893 0.192973 0.099442 0.018281 0.001125 0.000000 0.000000 
0.000000 0.000238 0.011474 0.155009 0.231645 0.112668 0.029140 -0.058080 -0.201693 -0.183356 -0.082256 -0.034660 -0.015197 0.008566 0.025988 0.041848 0.208367 0.450775 0.625033 0.632437 0.614768 0.654178 0.693470 0.720522 0.731964 0.640564 0.482938 0.361135 0.315968 0.257323 0.168135 0.065024 0.003562 0.000317 0.000000 
0.000000 0.000659 0.047100 0.230816 0.222376 0.116307 0.064236 0.014941 -0.135497 -0.158387 -0.067068 0.006844 0.026099 0.014934 -0.037721 -0.038124 0.184071 0.404839 0.586756 0.649754 0.649468 0.676368 0.712460 0.738951 0.730580 0.614471 0.462083 0.373879 0.342373 0.292058 0.213072 0.119971 0.015288 0.000881 0.000000 
0.000000 0.001132 0.083939 0.257523 0.222505 0.158268 0.110671 0.074930 -0.038964 -0.126531 -0.073223 -0.013541 -0.073496 -0.164390 -0.224138 -0.105977 0.205314 0.441134 0.605602 0.678441 0.673185 0.730341 0.749562 0.751631 0.698208 0.559152 0.428705 0.379812 0.354148 0.310956 0.233003 0.157889 0.037180 0.001540 0.000000 
0.000000 0.001480 0.106578 0.283809 0.257064 0.208628 0.164240 0.130182 0.084632 -0.047466 -0.140138 -0.218952 -0.259382 -0.212398 -0.142898 0.060192 0.351473 0.529284 0.653970 0.685075 0.667889 0.762472 0.840027 0.796049 0.633619 0.484452 0.402592 0.378476 0.354375 0.314394 0.239232 0.169278 0.053448 0.002044 0.000000 
0.000000 0.001573 0.107676 0.302372 0.304995 0.263275 0.223225 0.189968 0.159083 0.032876 -0.263060 -0.399116 -0.282557 -0.082001 -0.033958 0.114338 0.383594 0.545424 0.651538 0.622024 0.541390 0.652811 0.783401 0.787038 0.610557 0.435671 0.389791 0.368476 0.344665 0.306330 0.231130 0.161390 0.055846 0.002141 0.000000 
0.000000 0.001267 0.082073 0.304535 0.356052 0.325313 0.285748 0.253344 0.201576 -0.016146 -0.235888 -0.317115 -0.209445 -0.089619 -0.043119 0.108326 0.378563 0.545063 0.629880 0.526821 0.429510 0.495320 0.555505 0.611216 0.597809 0.484538 0.376210 0.349892 0.325354 0.283640 0.205431 0.138525 0.043973 0.001832 0.000000 
0.000000 0.000828 0.047522 0.266675 0.393993 0.385701 0.351748 0.319572 0.172502 -0.055017 -0.149774 -0.088116 -0.056032 -0.060798 -0.066710 0.026440 0.286304 0.474403 0.544943 0.371159 0.254536 0.290523 0.324379 0.432847 0.562873 0.528650 0.394695 0.322984 0.295130 0.248279 0.164832 0.102780 0.024190 0.001250 0.000000 
0.000000 0.000423 0.018018 0.185455 0.389211 0.439711 0.416806 0.377719 0.150503 -0.034189 -0.041553 0.060497 0.082254 0.076711 0.042359 0.028605 0.199474 0.370474 0.354239 0.142191 0.084463 0.145455 0.213410 0.318990 0.485268 0.528373 0.415499 0.290335 0.252971 0.196857 0.114447 0.058407 0.007172 0.000647 0.000000 
0.000000 0.000126 0.003187 0.094301 0.297425 0.460336 0.475937 0.409240 0.164897 0.026162 0.068337 0.150670 0.158913 0.165203 0.157712 0.111004 0.165396 0.264990 0.148682 -0.011253 0.017952 0.081137 0.148415 0.237637 0.396572 0.497920 0.412003 0.260315 0.193068 0.129092 0.056893 0.018624 0.001316 0.000204 0.000000 
0.000000 -0.000000 0.000698 0.030202 0.168781 0.358997 0.494717 0.439758 0.206961 0.098135 0.164785 0.223849 0.229453 0.232904 0.231717 0.183538 0.112485 0.029705 -0.091573 -0.110644 -0.040317 0.015672 0.081554 0.165303 0.312776 0.442810 0.373893 0.211839 0.117857 0.048296 0.008902 -0.003445 0.000542 0.000000 0.000000 
0.000000 0.000000 0.000105 0.003610 0.063687 0.197206 0.359058 0.406608 0.242170 0.156284 0.229600 0.281427 0.284824 0.281828 0.259109 0.174405 -0.026545 -0.231405 -0.296759 -0.215548 -0.128343 -0.062845 0.005591 0.088987 0.234806 0.371914 0.304210 0.129164 0.022036 -0.018129 -0.015223 -0.002973 -0.000003 0.000000 0.000000 
0.000000 0.000000 -0.000071 0.000087 0.010273 0.072602 0.178851 0.235868 0.117260 0.086315 0.189387 0.252723 0.245100 0.203813 0.118454 -0.010558 -0.182324 -0.348745 -0.381188 -0.323235 -0.252758 -0.178318 -0.098811 -0.009611 0.148129 0.272367 0.192776 0.023657 -0.045559 -0.030681 -0.009885 -0.000211 -0.000145 0.000000 0.000000 
0.000000 0.000000 0.000000 -0.000181 -0.000174 0.010973 0.054277 0.084570 -0.042373 -0.108287 -0.034748 0.041490 0.028599 -0.016007 -0.097703 -0.192693 -0.272339 -0.324408 -0.358738 -0.361097 -0.331703 -0.277050 -0.204221 -0.109753 0.077746 0.180660 0.099901 -0.030650 -0.038322 -0.012498 -0.000595 -0.000275 0.000000 0.000000 0.000000 
0.000000 0.000000 0.000000 -0.000075 -0.000407 -0.001042 0.002200 0.008099 -0.111457 -0.254570 -0.247112 -0.161395 -0.167560 -0.197612 -0.242205 -0.283040 -0.297425 -0.291886 -0.290652 -0.309590 -0.310469 -0.280255 -0.217733 -0.108809 0.103856 0.164309 0.077817 -0.010819 -0.006466 -0.000309 -0.000328 -0.000117 0.000000 0.000000 0.000000 
0.000000 0.000000 0.000000 0.000000 -0.000174 -0.000818 -0.002403 -0.006813 -0.079662 -0.267058 -0.357398 -0.302750 -0.274078 -0.284205 -0.293363 -0.293971 -0.292225 -0.286142 -0.274152 -0.253970 -0.223800 -0.187781 -0.117945 0.055789 0.218715 0.199380 0.072556 0.004145 0.000873 -0.000052 -0.000132 0.000000 0.000000 0.000000 0.000000 
0.000000 0.000000 0.000000 0.000000 0.000000 -0.000280 -0.001271 -0.003624 -0.024470 -0.147501 -0.316843 -0.353652 -0.294719 -0.290051 -0.290194 -0.289274 -0.285004 -0.276244 -0.260113 -0.233386 -0.191191 -0.124019 0.009433 0.211118 0.257143 0.146464 0.026759 0.002598 0.000599 0.000010 0.000000 0.000000 0.000000 0.000000 0.000000 
0.000000 0.000000 0.000000 0.000000 0.000000 0.000000 -0.000336 -0.001554 -0.004425 -0.041437 -0.159771 -0.294616 -0.319172 -0.280064 -0.277446 -0.275409 -0.268882 -0.255712 -0.232495 -0.194298 -0.131307 -0.004278 0.191278 0.268032 0.182773 0.053964 0.004785 0.001471 0.000228 0.000000 0.000000 0.000000 0.000000 0.000000 0.000000 
0.000000 0.000000 0.000000 0.000000 0.000000 0.000000 0.000000 -0.000350 -0.001405 -0.004091 -0.037557 -0.124634 -0.208938 -0.245809 -0.236905 -0.232177 -0.222189 -0.200431 -0.159968 -0.080934 0.058369 0.215428 0.261547 0.178632 0.058702 0.006125 0.002072 0.000402 0.000000 0.000000 0.000000 0.000000 0.000000 0.000000 0.000000 
0.000000 0.000000 0.000000 0.000000 0.000000 0.000000 0.000000 0.000000 -0.000144 -0.000858 -0.002316 -0.014013 -0.055109 -0.094297 -0.096202 -0.063199 -0.026203 0.018924 0.086336 0.173177 0.233802 0.211729 0.121701 0.032397 0.005044 0.001953 0.000334 0.000000 0.000000 0.000000 0.000000 0.000000 0.000000 0.000000 0.000000 
0.000000 0.000000 0.000000 0.000000 0.000000 0.000000 0.000000 0.000000 0.000000 0.000000 -0.000192 -0.000600 -0.001098 -0.003818 -0.005533 0.011580 0.049579 0.094527 0.121808 0.116027 0.074688 0.024593 0.006294 0.002990 0.001107 0.000000 0.000000 0.000000 0.000000 0.000000 0.000000 0.000000 0.000000 0.000000 0.000000 
0.000000 0.000000 0.000000 0.000000 0.000000 0.000000 0.000000 0.000000 0.000000 0.000000 0.000000 0.000000 0.000096 0.000295 0.000739 0.001577 0.002725 0.003832 0.004349 0.004046 0.003131 0.001959 0.000825 0.000000 0.000000 0.000000 0.000000 0.000000 0.000000 0.000000 0.000000 0.000000 0.000000 0.000000 0.000000 
