-0.000000 -0.000000 -0.000000 -0.000000 -0.000000 -0.000000 -0.000000 -0.000000 -0.000000 -0.000000 -0.000000 -0.000000 -0.000000 -0.000000 -0.000000 -0.000000 -0.000000 -0.000000 -0.000000 -0.000000 -0.000000 -0.000000 -0.000000 -0.000000 -0.000000 -0.000000 -0.000000 -0.000000 -0.000000 -0.000000 -0.000000 -0.000000 -0.000000 -0.000000 -0.000000 
-0.000000 -0.000000 -0.000000 -0.000000 -0.000000 -0.000000 -0.000000 -0.000000 -0.000000 -0.000000 -0.000000 -0.000000 -0.000417 -0.001081 -0.001893 -0.002767 -0.003551 -0.003991 -0.003940 -0.003428 -0.002649 -0.001756 -0.000814 -0.000000 -0.000000 -0.000000 -0.000000 -0.000000 -0.000000 -0.000000 -0.000000 -0.000000 -0.000000 -0.000000 -0.000000 
-0.000000 -0.000000 -0.000000 -0.000000 -0.000000 -0.000000 -0.000000 -0.000000 -0.000000 -0.000000 -0.000502 -0.001494 -0.003370 -0.013395 -0.044912 -0.084701 -0.117954 -0.135000 -0.126429 -0.097851 -0.057533 -0.019757 -0.005962 -0.003288 -0.001466 -0.000000 -0.000000 -0.000000 -0.000000 -0.000000 -0.000000 -0.000000 -0.000000 -0.000000 -0.000000 
-0.000000 -0.000000 -0.000000 -0.000000 -0.000000 -0.000000 -0.000000 -0.000000 -0.000111 -0.000832 -0.002410 -0.016285 -0.068327 -0.145019 -0.225587 -0.295616 -0.338745 -0.358281 -0.355607 -0.326905 -0.265452 -0.184424 -0.098105 -0.028993 -0.006123 -0.003024 -0.000772 -0.000000 -0.000000 -0.000000 -0.000000 -0.000000 -0.000000 -0.000000 -0.000000 
-0.000000 -0.000000 -0.000000 -0.000000 -0.000000 -0.000000 -0.000000 -0.000144 -0.000897 -0.002961 -0.029908 -0.103744 -0.197321 -0.286824 -0.351316 -0.382639 -0.398150 -0.408676 -0.418085 -0.424082 -0.413735 -0.359569 -0.262782 -0.153415 -0.055126 -0.008900 -0.004194 -0.001209 -0.000000 -0.000000 -0.000000 -0.000000 -0.000000 -0.000000 -0.000000 
-0.000000 -0.000000 -0.000000 -0.000000 -0.000000 -0.000000 -0.000064 -0.000631 -0.002304 -0.027365 -0.104822 -0.202579 -0.285130 -0.339359 -0.358410 -0.366791 -0.373332 -0.380688 -0.390638 -0.403287 -0.417262 -0.422891 -0.380621 -0.292802 -0.169310 -0.057490 -0.010082 -0.004911 -0.001517 -0.000000 -0.000000 -0.000000 -0.000000 -0.000000 -0.000000 
-0.000000 -0.000000 -0.000000 -0.000000 -0.000000 0.000014 -0.000188 -0.001090 -0.013049 -0.080112 -0.176675 -0.257146 -0.312578 -0.331600 -0.338894 -0.343038 -0.346972 -0.353274 -0.362936 -0.376323 -0.393093 -0.411619 -0.421511 -0.372559 -0.282508 -0.150593 -0.039175 -0.010707 -0.005345 -0.001550 -0.000000 -0.000000 -0.000000 -0.000000 -0.000000 
-0.000000 -0.000000 -0.000000 -0.000000 0.000083 0.000225 0.000065 -0.001202 -0.035665 -0.118320 -0.196453 -0.253870 -0.285447 -0.303343 -0.317542 -0.322227 -0.326058 -0.332159 -0.341925 -0.356333 -0.383103 -0.443052 -0.496305 -0.499866 -0.425646 -0.296900 -0.122797 -0.023046 -0.011319 -0.005343 -0.001297 -0.000000 -0.000000 -0.000000 -0.000000 
-0.000000 -0.000000 -0.000000 0.000093 0.000450 0.001022 0.006766 0.018787 -0.017959 -0.082721 -0.138636 -0.180616 -0.200763 -0.217855 -0.241277 -0.272737 -0.304456 -0.317771 -0.345620 -0.451362 -0.564127 -0.651877 -0.710553 -0.742125 -0.691008 -0.575047 -0.371202 -0.153710 -0.049634 -0.011900 -0.004896 -0.000865 -0.000000 -0.000000 -0.000000 
-0.000000 -0.000000 -0.000000 0.000443 0.001375 0.013994 0.047156 0.074152 0.026289 -0.041379 -0.093058 -0.127996 -0.142330 -0.151358 -0.167830 -0.196238 -0.240764 -0.340782 -0.515832 -0.659728 -0.766212 -0.841743 -0.890684 -0.922643 -0.900722 -0.809997 -0.649611 -0.411435 -0.223960 -0.080974 -0.011357 -0.003711 -0.000000 -0.000000 -0.000000 
-0.000000 -0.000000 0.000244 0.001041 0.013048 0.050739 0.100439 0.103161 0.027362 -0.052364 -0.107941 -0.142695 -0.152814 -0.153147 -0.152086 -0.159514 -0.234795 -0.463810 -0.700470 -0.846123 -0.928734 -0.983573 -1.020799 -1.048286 -1.040855 -0.962450 -0.831636 -0.627353 -0.454680 -0.263069 -0.080466 -0.008117 -0.001878 -0.000000 -0.000000 
-0.000000 -0.000000 0.000528 0.005046 0.037891 0.086317 0.104583 0.071584 -0.023312 -0.108679 -0.166035 -0.201886 -0.213715 -0.216330 -0.210803 -0.222708 -0.381443 -0.628067 -0.836789 -0.973321 -1.021533 -1.037514 -1.052525 -1.074153 -1.076815 -1.021534 -0.932974 -0.765951 -0.629031 -0.483322 -0.243058 -0.041448 -0.004494 -0.000000 -0.000000 
-0.000000 0.000103 0.000797 0.016097 0.050309 0.070489 0.053249 0.024403 -0.061273 -0.144496 -0.202424 -0.241003 -0.254780 -0.260447 -0.265789 -0.370362 -0.637719 -0.830277 -0.918293 -0.986065 -1.018038 -1.022126 -1.034369 -1.055293 -1.054618 -0.998955 -0.917298 -0.795243 -0.733300 -0.650514 -0.433085 -0.152734 -0.008596 -0.001132 -0.000000 
-0.000000 0.000095 0.001565 0.015960 0.028101 0.014630 0.012939 0.001266 -0.075015 -0.159122 -0.223366 -0.268759 -0.285692 -0.294157 -0.323424 -0.535832 -0.866677 -1.008808 -0.968464 -0.950370 -0.992465 -1.004537 -1.016898 -1.037241 -1.022267 -0.960261 -0.873882 -0.753609 -0.739562 -0.739507 -0.607123 -0.299258 -0.029856 -0.002525 -0.000000 
-0.000000 -0.000132 -0.002017 -0.015612 -0.025395 -0.022863 -0.014567 -0.012207 -0.069711 -0.154921 -0.227101 -0.283618 -0.306226 -0.303017 -0.341628 -0.611870 -0.907747 -0.969295 -0.931838 -0.893985 -0.948425 -0.988104 -1.005352 -1.019396 -0.980055 -0.905982 -0.808344 -0.701549 -0.721625 -0.749082 -0.712178 -0.433117 -0.088750 -0.003895 -0.000000 
-0.000000 -0.000682 -0.018733 -0.070360 -0.068771 -0.050833 -0.036598 -0.028541 -0.050053 -0.127972 -0.210323 -0.265435 -0.257588 -0.193646 -0.232812 -0.552029 -0.815869 -0.819323 -0.816170 -0.759343 -0.800828 -0.918251 -0.986669 -0.990322 -0.925433 -0.836138 -0.725444 -0.671673 -0.701839 -0.735629 -0.745676 -0.538596 -0.153234 -0.005105 -0.000000 
-0.000000 -0.001582 -0.050599 -0.127061 -0.104550 -0.075874 -0.056267 -0.044399 -0.038150 -0.086348 -0.147306 -0.156768 -0.124050 -0.075883 -0.192316 -0.572005 -0.806206 -0.794125 -0.771569 -0.682165 -0.652471 -0.760517 -0.888590 -0.919281 -0.849694 -0.743706 -0.642829 -0.652250 -0.683616 -0.719562 -0.744225 -0.586301 -0.194742 -0.005848 -0.000000 
-0.000000 -0.002594 -0.086022 -0.176555 -0.139079 -0.101671 -0.077334 -0.061412 -0.049414 -0.032872 -0.013194 0.004596 -0.003818 -0.056010 -0.239886 -0.636604 -0.862954 -0.858903 -0.839711 -0.755348 -0.627697 -0.614726 -0.666750 -0.739225 -0.730349 -0.640820 -0.615802 -0.637802 -0.668709 -0.704847 -0.730451 -0.588254 -0.201328 -0.005808 -0.000000 
-0.000000 -0.003313 -0.106545 -0.222381 -0.180164 -0.132978 -0.102503 -0.082218 -0.062405 0.008635 0.102103 0.150533 0.103008 -0.002205 -0.222243 -0.644414 -0.912231 -0.921544 -0.914344 -0.823351 -0.621961 -0.490372 -0.417302 -0.459076 -0.551842 -0.602983 -0.608771 -0.627537 -0.657163 -0.690141 -0.708756 -0.544965 -0.170976 -0.005100 -0.000000 
-0.000000 -0.003415 -0.101648 -0.260891 -0.234712 -0.172560 -0.135211 -0.109276 -0.063585 0.032225 0.139864 0.204595 0.181290 0.115979 -0.045159 -0.436003 -0.786924 -0.840205 -0.837702 -0.698770 -0.457493 -0.304800 -0.220459 -0.241137 -0.419267 -0.569379 -0.616576 -0.619921 -0.647102 -0.674075 -0.669616 -0.456673 -0.117669 -0.003901 -0.000000 
-0.000000 -0.002926 -0.068123 -0.270005 -0.304562 -0.225907 -0.178471 -0.145302 -0.072260 0.035500 0.138468 0.177082 0.165242 0.145514 0.080590 -0.188108 -0.527489 -0.657685 -0.668185 -0.505431 -0.290482 -0.192756 -0.153342 -0.163107 -0.324307 -0.520340 -0.614350 -0.615206 -0.634111 -0.649957 -0.587410 -0.323872 -0.059956 -0.002647 -0.000000 
-0.000000 -0.002050 -0.024581 -0.224332 -0.355622 -0.303802 -0.237966 -0.192056 -0.099409 0.015995 0.111369 0.128918 0.115178 0.098530 0.066396 -0.085635 -0.375950 -0.590534 -0.606847 -0.412730 -0.234988 -0.176769 -0.146468 -0.139793 -0.254648 -0.469987 -0.598410 -0.612744 -0.611514 -0.591379 -0.439772 -0.196054 -0.018247 -0.001551 -0.000000 
-0.000000 -0.000970 -0.007172 -0.130233 -0.324088 -0.385876 -0.325047 -0.258855 -0.153116 -0.033584 0.058618 0.067313 0.053082 0.034893 0.010875 -0.070450 -0.283465 -0.492535 -0.507720 -0.320025 -0.204122 -0.162786 -0.133095 -0.122307 -0.207440 -0.428461 -0.571321 -0.592376 -0.552308 -0.447787 -0.270553 -0.088524 -0.004904 -0.000634 -0.000000 
-0.000000 -0.000000 -0.003858 -0.037353 -0.211631 -0.374655 -0.409771 -0.361393 -0.239436 -0.112056 -0.018412 -0.010060 -0.024697 -0.045371 -0.073112 -0.116922 -0.215327 -0.297568 -0.242489 -0.159620 -0.148160 -0.127156 -0.102397 -0.092382 -0.169465 -0.386528 -0.522902 -0.499514 -0.396699 -0.280330 -0.133147 -0.021906 -0.002367 -0.000000 -0.000000 
-0.000000 -0.000000 -0.001630 -0.007028 -0.074861 -0.237308 -0.378300 -0.417385 -0.343178 -0.226291 -0.129856 -0.113736 -0.126770 -0.144007 -0.157337 -0.147216 -0.102132 -0.035997 0.045664 0.035282 0.006185 -0.003760 -0.000960 0.001399 -0.082651 -0.277232 -0.377895 -0.337230 -0.239155 -0.133875 -0.039963 -0.004010 -0.000921 -0.000000 -0.000000 
-0.000000 -0.000000 -0.000000 -0.003171 -0.009776 -0.076614 -0.209964 -0.329619 -0.335400 -0.263399 -0.184550 -0.159108 -0.164791 -0.157164 -0.123380 -0.049343 0.077873 0.216612 0.220937 0.186340 0.165611 0.157963 0.158498 0.154913 0.030944 -0.157961 -0.243640 -0.189602 -0.104355 -0.037806 -0.005374 -0.001727 -0.000000 -0.000000 -0.000000 
-0.000000 -0.000000 -0.000000 -0.000713 -0.004020 -0.009544 -0.044786 -0.127419 -0.179299 -0.153314 -0.092705 -0.048669 -0.044141 -0.013460 0.053600 0.156421 0.261892 0.297926 0.316241 0.306702 0.294240 0.288872 0.287622 0.269236 0.090011 -0.076707 -0.125226 -0.065875 -0.021966 -0.005462 -0.002221 -0.000379 -0.000000 -0.000000 -0.000000 
-0.000000 -0.000000 -0.000000 -0.000000 -0.001038 -0.003923 -0.007592 -0.013198 -0.018127 0.028244 0.103159 0.167897 0.193854 0.225681 0.270084 0.288280 0.302731 0.321448 0.343800 0.368208 0.388569 0.394227 0.389371 0.301761 0.105544 -0.027142 -0.040784 -0.009875 -0.005109 -0.002420 -0.000575 -0.000000 -0.000000 -0.000000 -0.000000 
-0.000000 -0.000000 -0.000000 -0.000000 -0.000000 -0.001008 -0.003143 -0.005315 -0.003108 0.041616 0.142260 0.238747 0.295949 0.306066 0.309854 0.318140 0.331187 0.348079 0.368375 0.389477 0.409353 0.421143 0.387735 0.214414 0.045024 -0.027788 -0.015255 -0.004706 -0.002452 -0.000713 -0.000000 -0.000000 -0.000000 -0.000000 -0.000000 
-0.000000 -0.000000 -0.000000 -0.000000 -0.000000 -0.000000 -0.000767 -0.002002 -0.002810 0.009639 0.070308 0.176353 0.271039 0.323711 0.339967 0.348805 0.360790 0.375752 0.392759 0.409102 0.419484 0.388409 0.243588 0.076775 -0.013093 -0.018250 -0.004248 -0.002280 -0.000741 -0.000000 -0.000000 -0.000000 -0.000000 -0.000000 -0.000000 
-0.000000 -0.000000 -0.000000 -0.000000 -0.000000 -0.000000 -0.000000 -0.000374 -0.000990 -0.000818 0.015901 0.075778 0.167938 0.266353 0.332814 0.366713 0.384045 0.397146 0.406725 0.398683 0.339713 0.208087 0.069487 -0.005844 -0.015158 -0.003515 -0.001922 -0.000626 -0.000000 -0.000000 -0.000000 -0.000000 -0.000000 -0.000000 -0.000000 
-0.000000 -0.000000 -0.000000 -0.000000 -0.000000 -0.000000 -0.000000 -0.000000 -0.000167 -0.000289 0.000170 0.009309 0.050518 0.116167 0.185220 0.239719 0.271713 0.281319 0.260744 0.202015 0.110951 0.032221 -0.006664 -0.007740 -0.002219 -0.001334 -0.000380 -0.000000 -0.000000 -0.000000 -0.000000 -0.000000 -0.000000 -0.000000 -0.000000 
-0.000000 -0.000000 -0.000000 -0.000000 -0.000000 -0.000000 -0.000000 -0.000000 -0.000000 -0.000000 0.000036 0.000387 0.001415 0.008814 0.032812 0.059673 0.074809 0.071801 0.050272 0.022103 0.001623 -0.002641 -0.001316 -0.001058 -0.000597 -0.000000 -0.000000 -0.000000 -0.000000 -0.000000 -0.000000 -0.000000 -0.000000 -0.000000 -0.000000 
-0.000000 -0.000000 -0.000000 -0.000000 -0.000000 -0.000000 -0.000000 -0.000000 -0.000000 -0.000000 -0.000000 -0.000000 0.000176 0.000503 0.000920 0.001306 0.001485 0.001299 0.000810 0.000245 -0.000160 -0.000323 -0.000239 -0.000000 -0.000000 -0.000000 -0.000000 -0.000000 -0.000000 -0.000000 -0.000000 -0.000000 -0.000000 -0.000000 -0.000000 
-0.000000 -0.000000 -0.000000 -0.000000 -0.000000 -0.000000 -0.000000 -0.000000 -0.000000 -0.000000 -0.000000 -0.000000 -0.000000 -0.000000 -0.000000 -0.000000 -0.000000 -0.000000 -0.000000 -0.000000 -0.000000 -0.000000 -0.000000 -0.000000 -0.000000 -0.000000 -0.000000 -0.000000 -0.000000 -0.000000 -0.000000 -0.000000 -0.000000 -0.000000 -0.000000 
