0.000000 0.000000 0.000000 0.000000 0.000000 0.000000 0.000000 0.000000 0.000000 0.000000 0.000000 0.000000 0.000000 0.000000 0.000000 0.000000 -0.000024 0.000017 -0.000020 0.000000 0.000000 0.000000 0.000000 0.000000 0.000000 0.000000 0.000000 0.000000 0.000000 0.000000 0.000000 0.000000 0.000000 0.000000 0.000000 
0.000000 0.000000 0.000000 0.000000 0.000000 0.000000 0.000000 0.000000 0.000000 0.000000 0.000000 0.000000 -0.000244 -0.000394 -0.000441 -0.000363 -0.000032 0.000523 0.001009 0.001296 0.001301 0.001026 0.000512 0.000000 0.000000 0.000000 0.000000 0.000000 0.000000 0.000000 0.000000 0.000000 0.000000 0.000000 0.000000 
0.000000 0.000000 0.000000 0.000000 0.000000 0.000000 0.000000 0.000000 0.000000 -0.000043 -0.000570 -0.001009 -0.001300 -0.001913 -0.002329 0.003304 0.022414 0.045948 0.058545 0.056482 0.041530 0.017179 0.004822 0.002652 0.001194 0.000069 0.000000 0.000000 0.000000 0.000000 0.000000 0.000000 0.000000 0.000000 0.000000 
0.000000 0.000000 0.000000 0.000000 0.000000 0.000000 0.000000 0.000000 -0.000466 -0.001322 -0.002062 -0.004566 -0.003822 0.011420 0.064003 0.160067 0.254044 0.311278 0.325099 0.295038 0.232715 0.164600 0.095525 0.030864 0.005817 0.002770 0.000680 0.000000 0.000000 0.000000 0.000000 0.000000 0.000000 0.000000 0.000000 
0.000000 0.000000 0.000000 0.000000 0.000000 0.000000 0.000000 -0.000916 -0.002497 -0.004226 -0.008918 -0.005888 0.030055 0.142916 0.303633 0.416802 0.474574 0.508484 0.533770 0.544125 0.513900 0.416588 0.283356 0.165514 0.061740 0.009418 0.003990 0.001152 0.000000 0.000000 0.000000 0.000000 0.000000 0.000000 0.000000 
0.000000 0.000000 0.000000 0.000000 0.000000 0.000000 -0.001416 -0.003952 -0.006919 -0.014739 -0.012415 0.031590 0.148624 0.316201 0.401356 0.442293 0.476444 0.504736 0.531398 0.553868 0.572419 0.563507 0.477586 0.353557 0.197987 0.066123 0.010148 0.004595 0.001330 0.000000 0.000000 0.000000 0.000000 0.000000 0.000000 
0.000000 0.000000 0.000000 0.000000 0.000000 -0.001785 -0.005454 -0.010018 -0.019478 -0.024776 0.005775 0.097600 0.270572 0.353576 0.396297 0.431073 0.460946 0.489092 0.515851 0.541197 0.563967 0.581931 0.574347 0.473749 0.354440 0.181548 0.043473 0.009666 0.004463 0.001202 0.000000 0.000000 0.000000 0.000000 0.000000 
0.000000 0.000000 0.000000 0.000000 -0.001751 -0.006177 -0.012580 -0.025816 -0.081869 -0.141647 -0.161030 -0.057283 0.077050 0.201174 0.345442 0.407296 0.439421 0.468794 0.496937 0.524839 0.553276 0.584161 0.603506 0.565225 0.451468 0.319678 0.123364 0.019136 0.008567 0.003722 0.000871 0.000000 0.000000 0.000000 0.000000 
0.000000 0.000000 0.000000 -0.001057 -0.005680 -0.014286 -0.081380 -0.254609 -0.475059 -0.618812 -0.623721 -0.489967 -0.428435 -0.336543 -0.180986 0.062759 0.350269 0.445447 0.483880 0.518144 0.531931 0.534566 0.537335 0.539380 0.449466 0.357900 0.208456 0.048829 0.018376 0.006921 0.002648 0.000393 0.000000 0.000000 0.000000 
0.000000 0.000000 -0.000152 -0.003974 -0.013759 -0.133069 -0.397200 -0.701745 -0.833664 -0.846910 -0.749907 -0.625078 -0.599585 -0.580047 -0.543531 -0.427852 -0.160418 0.254663 0.444755 0.432244 0.407105 0.390682 0.392431 0.403210 0.351178 0.266552 0.173974 0.023583 0.007673 0.014427 0.005041 0.001558 0.000062 0.000000 0.000000 
0.000000 0.000000 -0.001777 -0.008061 -0.122511 -0.428506 -0.767508 -0.881600 -0.845265 -0.758894 -0.595330 -0.486513 -0.466836 -0.487389 -0.544372 -0.601510 -0.550603 -0.289462 0.135833 0.296718 0.308809 0.336442 0.366801 0.388578 0.354377 0.241953 0.130138 -0.050053 -0.075149 -0.013547 0.009375 0.002827 0.000601 0.000000 0.000000 
0.000000 0.000000 -0.003373 -0.054580 -0.345740 -0.732287 -0.854979 -0.821735 -0.755091 -0.676423 -0.519269 -0.422671 -0.384180 -0.366450 -0.384318 -0.469083 -0.644466 -0.735442 -0.393507 0.172984 0.352760 0.398664 0.429329 0.450236 0.427416 0.318573 0.198748 -0.028431 -0.139648 -0.089730 -0.016059 0.006267 0.001277 0.000000 0.000000 
0.000000 -0.000570 -0.005336 -0.186513 -0.561683 -0.831297 -0.835539 -0.821243 -0.756377 -0.674884 -0.519562 -0.418516 -0.378686 -0.358464 -0.357283 -0.395434 -0.571757 -0.809308 -0.724533 -0.077407 0.369776 0.428365 0.461352 0.483786 0.458705 0.354222 0.235802 0.021505 -0.094215 -0.123609 -0.072078 -0.004215 0.002094 0.000278 0.000000 
0.000000 -0.000720 -0.023841 -0.304989 -0.729969 -0.866451 -0.867655 -0.829361 -0.759181 -0.677160 -0.538264 -0.421250 -0.379140 -0.357768 -0.357205 -0.447075 -0.562920 -0.625574 -0.785278 -0.413323 0.290533 0.448551 0.485799 0.509441 0.472388 0.373539 0.245550 0.023417 -0.055686 -0.080163 -0.094774 -0.032755 0.003313 0.000582 0.000000 
0.000000 -0.000035 -0.058187 -0.375711 -0.839959 -0.915576 -0.881496 -0.839085 -0.772001 -0.693151 -0.575178 -0.437816 -0.388721 -0.380315 -0.421623 -0.592357 -0.690719 -0.730979 -0.889489 -0.823859 0.018904 0.416677 0.494534 0.520626 0.466157 0.372951 0.222765 0.005775 -0.028063 -0.047484 -0.068877 -0.048137 -0.000163 0.000945 0.000000 
0.000000 0.001555 -0.056832 -0.431327 -0.923562 -0.937101 -0.895672 -0.849977 -0.792361 -0.713652 -0.623249 -0.496875 -0.445817 -0.454650 -0.547267 -0.709213 -0.752686 -0.849204 -0.979592 -1.157344 -0.487587 0.139345 0.332620 0.460755 0.440593 0.340125 0.154840 0.011514 -0.006027 -0.023444 -0.040513 -0.032112 -0.002337 0.001446 0.000000 
0.000462 0.003777 -0.013158 -0.483626 -0.963577 -0.954003 -0.909517 -0.863418 -0.816313 -0.748263 -0.691295 -0.590091 -0.476921 -0.450533 -0.543183 -0.692330 -0.732027 -0.827281 -0.945435 -1.154295 -0.694003 -0.095082 0.012712 0.180839 0.308141 0.253655 0.060981 0.023478 0.010564 -0.003832 -0.017366 -0.011115 0.009191 0.002146 -0.000161 
0.000413 0.005809 0.054681 -0.480226 -0.978129 -0.968745 -0.925749 -0.879760 -0.836436 -0.808948 -0.740169 -0.614144 -0.494929 -0.475629 -0.579788 -0.689961 -0.725105 -0.813874 -0.922681 -1.075434 -0.677375 -0.119345 -0.160962 -0.139613 -0.044721 0.028925 0.036511 0.032260 0.023421 0.012184 0.001253 0.012118 0.033444 0.002955 0.000156 
0.000417 0.006600 0.109888 -0.389279 -0.976086 -0.979630 -0.940732 -0.898944 -0.865559 -0.838343 -0.736327 -0.626917 -0.596515 -0.596925 -0.647185 -0.707367 -0.737577 -0.812420 -0.914729 -0.989433 -0.588048 -0.142552 -0.257538 -0.406517 -0.434156 -0.252340 0.007770 0.038410 0.034069 0.026225 0.017189 0.040465 0.055676 0.003422 -0.000039 
0.000000 0.005905 0.122424 -0.209245 -0.918695 -0.983013 -0.955312 -0.917962 -0.892054 -0.809877 -0.701185 -0.694938 -0.756027 -0.776999 -0.775161 -0.808109 -0.818695 -0.868107 -0.956608 -0.936204 -0.504895 -0.299996 -0.467893 -0.627472 -0.633848 -0.435757 -0.127113 0.042735 0.043933 0.038999 0.033038 0.076232 0.065726 0.003353 0.000000 
0.000000 0.004338 0.084611 -0.003442 -0.715987 -0.970817 -0.961960 -0.934846 -0.890048 -0.767773 -0.677601 -0.750078 -0.862731 -0.948441 -0.998864 -1.024091 -1.032985 -1.078551 -1.113035 -1.002980 -0.585472 -0.529340 -0.616627 -0.675317 -0.689390 -0.551670 -0.263165 0.035176 0.053105 0.050920 0.060427 0.112960 0.053063 0.002795 0.000000 
0.000000 0.002585 0.028987 0.097676 -0.348727 -0.856871 -0.953151 -0.942404 -0.873459 -0.729247 -0.679246 -0.787472 -0.900146 -1.000811 -1.086102 -1.152618 -1.222950 -1.283706 -1.199025 -0.908670 -0.585523 -0.569218 -0.618177 -0.670767 -0.706932 -0.616305 -0.355777 -0.013280 0.063254 0.067135 0.113140 0.126964 0.021534 0.001878 0.000000 
0.000000 0.001020 0.006833 0.082623 -0.043028 -0.505664 -0.851611 -0.924318 -0.848759 -0.704686 -0.683811 -0.806618 -0.918935 -1.018684 -1.106343 -1.166001 -1.176853 -1.139625 -0.951210 -0.678846 -0.525152 -0.561091 -0.610779 -0.663911 -0.706128 -0.638523 -0.400771 -0.049679 0.078121 0.114660 0.155672 0.091994 0.005629 0.000852 0.000000 
0.000000 0.000000 0.002965 0.026418 0.054006 -0.170844 -0.491561 -0.739160 -0.797067 -0.675515 -0.675049 -0.805965 -0.919062 -1.017083 -1.092449 -1.117063 -1.020122 -0.836964 -0.680823 -0.522187 -0.504993 -0.550973 -0.601185 -0.654302 -0.694920 -0.633274 -0.403514 -0.038403 0.130837 0.170805 0.132620 0.029486 0.002658 0.000000 0.000000 
0.000000 0.000000 0.001005 0.003848 0.028613 0.002239 -0.197570 -0.395152 -0.486725 -0.475021 -0.542686 -0.710031 -0.822603 -0.889557 -0.902533 -0.871719 -0.788064 -0.625172 -0.461069 -0.414877 -0.468445 -0.527952 -0.584397 -0.637336 -0.666030 -0.586508 -0.330370 0.047337 0.178372 0.142895 0.051789 0.003953 0.000984 0.000000 0.000000 
0.000000 0.000000 0.000004 0.001376 0.003443 0.013743 -0.024662 -0.159833 -0.233313 -0.206383 -0.240975 -0.409411 -0.532487 -0.609456 -0.644142 -0.639070 -0.597441 -0.505586 -0.410660 -0.405324 -0.431256 -0.477684 -0.529523 -0.578777 -0.585105 -0.484996 -0.217564 0.098368 0.121848 0.047780 0.004939 0.001265 -0.000064 0.000000 0.000000 
0.000000 0.000000 0.000000 0.000207 0.001029 0.001437 0.002297 -0.018100 -0.053542 -0.038339 -0.036292 -0.181686 -0.313392 -0.399246 -0.440365 -0.439104 -0.411537 -0.438690 -0.485246 -0.492574 -0.492904 -0.512774 -0.545665 -0.582393 -0.558628 -0.434438 -0.161991 0.038779 0.021830 0.002929 0.001141 0.000139 0.000000 0.000000 0.000000 
0.000000 0.000000 0.000000 0.000000 0.000121 0.000389 0.000098 -0.000547 0.018327 0.079095 0.137744 0.065299 -0.085956 -0.176885 -0.238855 -0.306383 -0.373539 -0.434637 -0.491561 -0.544862 -0.596126 -0.629399 -0.660273 -0.666443 -0.606254 -0.415972 -0.129820 -0.005700 -0.000399 0.000356 0.000046 0.000000 0.000000 0.000000 0.000000 
0.000000 0.000000 0.000000 0.000000 0.000000 0.000021 -0.000012 -0.000115 0.005389 0.054651 0.134476 0.156527 0.030425 -0.102301 -0.203816 -0.289590 -0.364024 -0.429905 -0.490725 -0.548368 -0.603161 -0.652555 -0.680994 -0.645937 -0.512499 -0.244923 -0.043745 -0.003841 -0.000889 -0.000154 0.000000 0.000000 0.000000 0.000000 0.000000 
0.000000 0.000000 0.000000 0.000000 0.000000 0.000000 -0.000047 -0.000021 0.000491 0.016674 0.079023 0.138729 0.107670 -0.038970 -0.167989 -0.263070 -0.344027 -0.416955 -0.479873 -0.538492 -0.591438 -0.617792 -0.591464 -0.484014 -0.270602 -0.079263 -0.006814 -0.002015 -0.000341 0.000000 0.000000 0.000000 0.000000 0.000000 0.000000 
0.000000 0.000000 0.000000 0.000000 0.000000 0.000000 0.000000 -0.000040 0.000127 0.001333 0.020612 0.080049 0.128108 0.080043 -0.062568 -0.202246 -0.303594 -0.382458 -0.448221 -0.496342 -0.505542 -0.464198 -0.360786 -0.219655 -0.075456 -0.008031 -0.002567 -0.000463 0.000000 0.000000 0.000000 0.000000 0.000000 0.000000 0.000000 
0.000000 0.000000 0.000000 0.000000 0.000000 0.000000 0.000000 0.000000 -0.000012 0.000295 0.001308 0.011600 0.052736 0.099200 0.093459 0.014147 -0.084017 -0.169671 -0.222160 -0.242309 -0.232590 -0.194462 -0.119549 -0.036158 -0.005737 -0.002271 -0.000485 0.000000 0.000000 0.000000 0.000000 0.000000 0.000000 0.000000 0.000000 
0.000000 0.000000 0.000000 0.000000 0.000000 0.000000 0.000000 0.000000 0.000000 -0.000095 0.000208 0.000864 0.002340 0.010688 0.034426 0.052724 0.046888 0.014756 -0.025327 -0.049340 -0.045053 -0.019488 -0.005914 -0.003274 -0.001435 0.000077 0.000000 0.000000 0.000000 0.000000 0.000000 0.000000 0.000000 0.000000 0.000000 
0.000000 0.000000 0.000000 0.000000 0.000000 0.000000 0.000000 0.000000 0.000000 0.000000 0.000000 0.000000 0.000285 0.000713 0.001144 0.001379 0.001161 0.000261 -0.000930 -0.001833 -0.002070 -0.001688 -0.000886 0.000000 0.000000 0.000000 0.000000 0.000000 0.000000 0.000000 0.000000 0.000000 0.000000 0.000000 0.000000 
0.000000 0.000000 0.000000 0.000000 0.000000 0.000000 0.000000 0.000000 0.000000 0.000000 0.000000 0.000000 0.000000 0.000000 0.000000 0.000000 0.000276 0.000059 0.000056 0.000000 0.000000 0.000000 0.000000 0.000000 0.000000 0.000000 0.000000 0.000000 0.000000 0.000000 0.000000 0.000000 0.000000 0.000000 0.000000 
