0.000000 0.000000 0.000000 0.000000 0.000000 0.000000 0.000000 0.000000 0.000000 0.000000 0.000000 0.000000 0.000000 0.000000 0.000000 0.000000 0.000000 0.000000 0.000000 0.000000 0.000000 0.000000 0.000000 0.000000 0.000000 0.000000 0.000000 0.000000 0.000000 0.000000 0.000000 0.000000 0.000000 0.000000 0.000000 
0.000000 0.000000 0.000000 0.000000 0.000000 0.000000 0.000000 0.000000 0.000000 0.000000 0.000000 0.000000 0.000000 -0.000000 0.000088 0.000227 0.000363 0.000476 0.000573 0.000527 0.000427 0.000282 0.000112 -0.000000 0.000000 0.000000 0.000000 0.000000 0.000000 0.000000 0.000000 0.000000 0.000000 0.000000 0.000000 
0.000000 0.000000 0.000000 0.000000 0.000000 0.000000 0.000000 0.000000 0.000000 0.000000 0.000000 0.000092 0.000369 0.001027 0.006703 0.025172 0.042342 0.055317 0.059442 0.049374 0.032141 0.014843 0.003823 0.001345 0.000535 0.000085 0.000000 0.000000 0.000000 0.000000 0.000000 0.000000 0.000000 0.000000 0.000000 
0.000000 0.000000 0.000000 0.000000 0.000000 0.000000 0.000000 0.000000 0.000000 0.000040 0.000350 0.001084 0.011874 0.048822 0.094760 0.144178 0.175520 0.216466 0.248966 0.261562 0.238657 0.179855 0.105964 0.043091 0.008622 0.001420 0.000374 0.000025 0.000000 0.000000 0.000000 0.000000 0.000000 0.000000 0.000000 
0.000000 0.000000 0.000000 0.000000 0.000000 0.000000 0.000000 0.000000 0.000125 0.000478 0.001689 0.024503 0.079475 0.132113 0.160842 0.179615 0.208082 0.251599 0.299362 0.348469 0.386448 0.387519 0.319617 0.207498 0.097689 0.023897 0.002358 0.000632 0.000073 0.000000 0.000000 0.000000 0.000000 0.000000 0.000000 
0.000000 0.000000 0.000000 0.000000 0.000000 0.000000 0.000000 -0.000028 0.000284 0.001262 0.023667 0.084058 0.129937 0.117237 0.096572 0.121179 0.165057 0.212682 0.262339 0.316524 0.370400 0.420868 0.447149 0.388332 0.263157 0.122027 0.027836 0.002251 0.000559 0.000046 0.000000 0.000000 0.000000 0.000000 0.000000 
0.000000 0.000000 0.000000 0.000000 0.000000 0.000000 -0.000221 -0.000233 0.000270 0.011986 0.070022 0.117640 0.085627 0.028715 0.044987 0.084614 0.129750 0.178338 0.229690 0.283066 0.339016 0.394798 0.448339 0.474731 0.400522 0.261752 0.106810 0.015075 0.001124 0.000177 -0.000011 0.000000 0.000000 0.000000 0.000000 
0.000000 0.000000 0.000000 0.000000 0.000000 -0.000367 -0.000783 -0.000729 -0.000020 0.032192 0.084936 0.056690 -0.029707 -0.049438 -0.003997 0.052318 0.104124 0.153202 0.204479 0.257919 0.312697 0.364077 0.402839 0.439332 0.435082 0.335007 0.190246 0.050636 0.000816 -0.000346 -0.000346 -0.000122 0.000000 0.000000 0.000000 
0.000000 0.000000 0.000000 0.000000 -0.000300 -0.001116 -0.001740 -0.009832 -0.019575 0.021932 0.026964 -0.051313 -0.145104 -0.124334 -0.083284 -0.025069 0.043525 0.124027 0.182183 0.225763 0.230250 0.231841 0.249510 0.285277 0.319573 0.263323 0.148968 0.020680 -0.036469 -0.012539 -0.001850 -0.000678 -0.000088 0.000000 0.000000 
0.000000 0.000000 0.000000 0.000000 -0.001040 -0.002249 -0.017244 -0.039993 -0.038696 0.018949 -0.007521 -0.115291 -0.180738 -0.152070 -0.113007 -0.062645 -0.010256 0.057576 0.117655 0.103390 0.080012 0.083553 0.109400 0.153095 0.197606 0.180723 0.075684 -0.061512 -0.151039 -0.094477 -0.027226 -0.002590 -0.000665 0.000000 0.000000 
0.000000 0.000000 0.000000 -0.000545 -0.001822 -0.016616 -0.038384 -0.052280 -0.023964 0.027918 -0.024684 -0.153428 -0.197641 -0.167274 -0.124583 -0.074792 -0.026060 -0.004002 -0.043264 -0.052521 -0.039965 -0.006377 0.041234 0.096664 0.146677 0.148654 0.041033 -0.113103 -0.249739 -0.226469 -0.114857 -0.027858 -0.002050 -0.000312 0.000000 
0.000000 0.000000 0.000000 -0.001011 -0.008841 -0.031385 -0.039041 -0.036459 -0.006626 0.039039 -0.009239 -0.133214 -0.165171 -0.133668 -0.096282 -0.057933 -0.038655 -0.099588 -0.178161 -0.167067 -0.086670 -0.017116 0.040065 0.095579 0.145163 0.151691 0.043753 -0.118410 -0.283870 -0.310935 -0.231071 -0.100115 -0.012889 -0.000990 0.000000 
0.000000 0.000000 -0.000274 -0.001481 -0.021325 -0.026202 -0.017864 -0.013677 0.028903 0.091249 0.049039 -0.075328 -0.110781 -0.079229 -0.041548 -0.006120 -0.043556 -0.167047 -0.223899 -0.188051 -0.095765 -0.011238 0.045386 0.100619 0.148903 0.149057 0.036466 -0.127438 -0.288541 -0.326155 -0.298741 -0.186357 -0.053628 -0.002208 -0.000155 
0.000000 0.000000 -0.000440 -0.004799 -0.020413 -0.006857 0.013881 0.035600 0.069188 0.139431 0.114428 0.001887 -0.053187 -0.023967 0.013619 0.035758 -0.050788 -0.154878 -0.171677 -0.162180 -0.100551 -0.006224 0.055670 0.108989 0.153043 0.132844 0.009392 -0.155108 -0.303782 -0.323535 -0.307099 -0.246315 -0.105936 -0.007730 -0.000388 
0.000000 0.000000 -0.000446 -0.010369 -0.006030 0.024738 0.063338 0.085839 0.099611 0.173988 0.182744 0.098631 0.012847 0.030106 0.058386 0.046670 -0.064393 -0.123196 -0.117175 -0.127002 -0.100854 -0.003546 0.065859 0.117195 0.148300 0.092060 -0.046382 -0.202852 -0.317449 -0.316796 -0.300713 -0.259380 -0.140208 -0.021146 -0.000593 
0.000000 0.000000 -0.000308 -0.009289 0.014842 0.067021 0.111907 0.129675 0.136646 0.185478 0.236815 0.202080 0.096772 0.060318 0.083877 0.083726 0.023206 0.015247 0.021751 -0.006232 -0.042331 0.005745 0.075012 0.119626 0.119397 0.020113 -0.125940 -0.261106 -0.312521 -0.306203 -0.289167 -0.248756 -0.142652 -0.028730 -0.000616 
0.000000 0.000000 -0.000062 -0.003801 0.038957 0.109516 0.152937 0.168304 0.174061 0.185570 0.255822 0.269749 0.186135 0.143458 0.224078 0.294016 0.289438 0.288718 0.278463 0.228633 0.124326 0.094264 0.111865 0.111712 0.042887 -0.086377 -0.214232 -0.299765 -0.301087 -0.291764 -0.272077 -0.227033 -0.121575 -0.021852 -0.000369 
0.000000 0.000000 0.000231 0.002078 0.059323 0.144054 0.187647 0.202622 0.208310 0.212032 0.225750 0.269262 0.318902 0.378322 0.463597 0.527462 0.519636 0.486791 0.460671 0.409165 0.291697 0.219038 0.165347 0.054778 -0.081731 -0.206064 -0.282370 -0.292739 -0.284525 -0.271837 -0.247551 -0.194869 -0.083269 -0.001885 0.000116 
0.000000 0.000000 0.000449 0.006344 0.069883 0.166564 0.216208 0.233098 0.239486 0.239065 0.217215 0.269185 0.433163 0.595047 0.669809 0.696931 0.677302 0.621815 0.579907 0.510549 0.370542 0.249258 0.124216 -0.057196 -0.200929 -0.272139 -0.289861 -0.273116 -0.261031 -0.244408 -0.213117 -0.147123 -0.028779 0.020391 0.000597 
0.000000 0.000000 0.000512 0.006335 0.067363 0.173295 0.236575 0.258936 0.267178 0.251979 0.258733 0.342959 0.505476 0.651125 0.733954 0.791190 0.800170 0.709865 0.611769 0.481998 0.294933 0.138917 0.012243 -0.118311 -0.224899 -0.261079 -0.265151 -0.251514 -0.228813 -0.205345 -0.164275 -0.074777 0.036674 0.030419 0.000841 
0.000000 0.000000 0.000440 0.003695 0.053526 0.158626 0.244185 0.277836 0.288656 0.273051 0.316917 0.441866 0.593150 0.671113 0.719444 0.775108 0.825401 0.757464 0.595978 0.415501 0.212862 0.079806 -0.001623 -0.085625 -0.173361 -0.222950 -0.230102 -0.217545 -0.183106 -0.151210 -0.093704 0.025754 0.087816 0.022870 0.000793 
0.000000 0.000000 0.000285 0.001881 0.032431 0.122881 0.228482 0.284240 0.298740 0.299951 0.373728 0.523376 0.655982 0.715975 0.748471 0.770970 0.834370 0.825669 0.654425 0.428436 0.241199 0.136298 0.060844 -0.019018 -0.104797 -0.169027 -0.179267 -0.164131 -0.122736 -0.073920 0.015982 0.125172 0.090045 0.007978 0.000545 
0.000000 0.000000 0.000122 0.001117 0.013558 0.075296 0.177088 0.264796 0.297618 0.318149 0.411687 0.574232 0.692308 0.746416 0.775303 0.785223 0.821173 0.864256 0.747923 0.508793 0.326318 0.224899 0.143073 0.061122 -0.023979 -0.093526 -0.104004 -0.085914 -0.034030 0.046943 0.152092 0.147124 0.052443 0.002170 0.000243 
0.000000 0.000000 0.000000 0.000585 0.003575 0.032546 0.105653 0.197978 0.261268 0.312739 0.421358 0.588716 0.704208 0.756129 0.780923 0.779791 0.760625 0.761845 0.730935 0.607696 0.468400 0.346994 0.249055 0.161542 0.075659 0.006458 -0.000645 0.029829 0.116747 0.192264 0.188573 0.095267 0.013440 0.001055 0.000000 
0.000000 0.000000 0.000000 0.000192 0.001215 0.008163 0.043260 0.110173 0.174714 0.235796 0.363117 0.543148 0.669043 0.719498 0.730917 0.706992 0.653425 0.597066 0.597019 0.608488 0.580736 0.504580 0.410749 0.316017 0.227581 0.166753 0.169588 0.195843 0.227063 0.204033 0.113528 0.029247 0.002214 0.000365 0.000000 
0.000000 0.000000 0.000000 0.000000 0.000478 0.001642 0.009792 0.038528 0.081757 0.127274 0.237069 0.404041 0.544499 0.597079 0.609679 0.585079 0.542253 0.484990 0.459255 0.499571 0.530506 0.520980 0.479924 0.413062 0.330727 0.269986 0.242062 0.216528 0.178773 0.100921 0.030630 0.003200 0.000804 0.000000 0.000000 
0.000000 0.000000 0.000000 0.000000 0.000074 0.000627 0.001650 0.006333 0.019415 0.033531 0.102130 0.240349 0.395915 0.462387 0.485137 0.474354 0.451919 0.425967 0.404801 0.384378 0.393169 0.398680 0.380407 0.328573 0.250816 0.200601 0.154659 0.104044 0.056374 0.017398 0.003133 0.001044 0.000107 0.000000 0.000000 
0.000000 0.000000 0.000000 0.000000 0.000000 0.000094 0.000556 0.001353 0.002511 -0.003271 0.008208 0.095325 0.237808 0.341543 0.382672 0.399688 0.403027 0.395875 0.377713 0.348845 0.310130 0.265124 0.221368 0.160201 0.095394 0.058060 0.026023 0.010752 0.005217 0.002435 0.000957 0.000177 0.000000 0.000000 0.000000 
0.000000 0.000000 0.000000 0.000000 0.000000 0.000000 0.000068 0.000374 0.001019 -0.001815 -0.010657 0.016136 0.115605 0.245004 0.319610 0.355199 0.367893 0.363880 0.346831 0.318079 0.277065 0.223411 0.153264 0.078227 0.037626 0.012405 0.001742 0.001925 0.001742 0.000662 0.000125 0.000000 0.000000 0.000000 0.000000 
0.000000 0.000000 0.000000 0.000000 0.000000 0.000000 0.000000 0.000013 0.000216 0.000699 -0.005570 -0.009779 0.023043 0.114204 0.219445 0.281556 0.308029 0.311343 0.298041 0.267745 0.223262 0.162639 0.094123 0.051072 0.023829 0.006944 0.000878 0.001176 0.000407 0.000058 0.000000 0.000000 0.000000 0.000000 0.000000 
0.000000 0.000000 0.000000 0.000000 0.000000 0.000000 0.000000 0.000000 -0.000052 0.000147 0.000481 -0.006463 -0.010646 0.013620 0.070391 0.141851 0.191948 0.211027 0.204433 0.175108 0.130656 0.084295 0.052143 0.029661 0.010398 0.001709 0.000880 0.000240 -0.000023 0.000000 0.000000 0.000000 0.000000 0.000000 0.000000 
0.000000 0.000000 0.000000 0.000000 0.000000 0.000000 0.000000 0.000000 0.000000 -0.000025 0.000076 0.000456 -0.002984 -0.010606 -0.004349 0.019323 0.054620 0.077255 0.081451 0.070872 0.053497 0.038797 0.021163 0.007326 0.001674 0.000660 0.000126 -0.000028 0.000000 0.000000 0.000000 0.000000 0.000000 0.000000 0.000000 
0.000000 0.000000 0.000000 0.000000 0.000000 0.000000 0.000000 0.000000 0.000000 0.000000 0.000000 -0.000010 0.000233 0.000593 -0.001360 -0.005952 -0.004407 0.001616 0.007873 0.010702 0.008820 0.004685 0.001801 0.000841 0.000282 0.000004 0.000000 0.000000 0.000000 0.000000 0.000000 0.000000 0.000000 0.000000 0.000000 
0.000000 0.000000 0.000000 0.000000 0.000000 0.000000 0.000000 0.000000 0.000000 0.000000 0.000000 0.000000 0.000000 0.000000 0.000121 0.000333 0.000583 0.000800 0.000903 0.000851 0.000661 0.000389 0.000145 0.000000 0.000000 0.000000 0.000000 0.000000 0.000000 0.000000 0.000000 0.000000 0.000000 0.000000 0.000000 
0.000000 0.000000 0.000000 0.000000 0.000000 0.000000 0.000000 0.000000 0.000000 0.000000 0.000000 0.000000 0.000000 0.000000 0.000000 0.000000 0.000000 0.000000 0.000000 0.000000 0.000000 0.000000 0.000000 0.000000 0.000000 0.000000 0.000000 0.000000 0.000000 0.000000 0.000000 0.000000 0.000000 0.000000 0.000000 
