0.000000 0.000000 0.000000 0.000000 0.000000 0.000000 0.000000 0.000000 0.000000 0.000000 0.000000 0.000000 0.000000 0.000000 0.000000 0.000000 0.000000 0.000000 0.000000 0.000000 0.000000 0.000000 0.000000 0.000000 0.000000 0.000000 0.000000 0.000000 0.000000 0.000000 0.000000 0.000000 0.000000 0.000000 0.000000 
0.000000 0.000000 0.000000 0.000000 0.000000 0.000000 0.000000 0.000000 0.000000 0.000000 0.000000 0.000000 -0.000229 -0.000379 -0.000350 -0.000090 0.000408 0.001001 0.001449 0.001557 0.001351 0.000948 0.000447 0.000000 0.000000 0.000000 0.000000 0.000000 0.000000 0.000000 0.000000 0.000000 0.000000 0.000000 0.000000 
0.000000 0.000000 0.000000 0.000000 0.000000 0.000000 0.000000 0.000000 0.000000 0.000000 -0.000504 -0.001047 -0.001606 -0.003310 -0.002994 0.006626 0.025429 0.046086 0.057347 0.053737 0.034772 0.012110 0.003414 0.001797 0.000744 0.000000 0.000000 0.000000 0.000000 0.000000 0.000000 0.000000 0.000000 0.000000 0.000000 
0.000000 0.000000 0.000000 0.000000 0.000000 0.000000 0.000000 0.000000 -0.000284 -0.001066 -0.002058 -0.007372 -0.018583 -0.018257 0.006961 0.047777 0.090246 0.125443 0.152765 0.169041 0.160923 0.125503 0.068072 0.018361 0.003297 0.001434 0.000312 0.000000 0.000000 0.000000 0.000000 0.000000 0.000000 0.000000 0.000000 
0.000000 0.000000 0.000000 0.000000 0.000000 0.000000 0.000000 -0.000431 -0.001509 -0.003140 -0.016571 -0.037175 -0.039412 -0.010745 0.038712 0.077564 0.107011 0.134366 0.165596 0.201489 0.233911 0.238966 0.192317 0.114500 0.037724 0.004537 0.001765 0.000432 0.000000 0.000000 0.000000 0.000000 0.000000 0.000000 0.000000 
0.000000 0.000000 0.000000 0.000000 0.000000 0.000000 -0.000556 -0.001763 -0.003628 -0.019314 -0.049678 -0.063938 -0.037453 0.011661 0.042319 0.063834 0.084372 0.106183 0.132195 0.164056 0.204517 0.250406 0.271487 0.228788 0.129226 0.038383 0.004268 0.001616 0.000372 0.000000 0.000000 0.000000 0.000000 0.000000 0.000000 
0.000000 0.000000 0.000000 0.000000 0.000000 -0.000569 -0.001834 -0.003648 -0.013595 -0.051083 -0.080018 -0.066411 -0.019558 0.011660 0.032005 0.049787 0.067193 0.086166 0.108520 0.136205 0.171414 0.216631 0.268948 0.283752 0.227133 0.112142 0.021618 0.003096 0.001120 0.000228 0.000000 0.000000 0.000000 0.000000 0.000000 
0.000000 0.000000 0.000000 0.000000 -0.000457 -0.001664 -0.003400 -0.006904 -0.040895 -0.093101 -0.106912 -0.073145 -0.032901 -0.004294 0.022073 0.039894 0.054854 0.071383 0.091257 0.116041 0.146533 0.182251 0.230710 0.279563 0.268621 0.184882 0.062925 0.005164 0.001740 0.000475 0.000031 0.000000 0.000000 0.000000 0.000000 
0.000000 0.000000 0.000000 -0.000287 -0.001340 -0.002932 -0.009969 -0.027468 -0.080480 -0.120274 -0.108148 -0.061695 -0.033993 -0.016894 -0.002220 0.015695 0.041725 0.059901 0.075397 0.081469 0.092255 0.117185 0.158944 0.217768 0.240171 0.191894 0.081161 -0.003215 -0.003448 0.000237 -0.000051 -0.000020 0.000000 0.000000 0.000000 
0.000000 0.000000 0.000000 -0.000889 -0.002216 -0.010263 -0.015902 -0.024322 -0.059993 -0.067764 -0.033692 0.014367 0.036211 0.041909 0.036025 0.025866 0.025553 0.035318 0.023850 0.014138 0.017917 0.039181 0.078244 0.135369 0.180858 0.154049 0.059876 -0.045468 -0.043934 -0.014409 -0.000907 -0.000322 0.000000 0.000000 0.000000 
0.000000 0.000000 -0.000385 -0.001284 -0.006728 -0.001516 0.028178 0.049641 0.035153 0.047163 0.093482 0.141309 0.161347 0.161493 0.141700 0.106185 0.055179 -0.014881 -0.053037 -0.065465 -0.061216 -0.038650 0.002388 0.059153 0.115096 0.097721 0.011428 -0.105176 -0.119122 -0.067544 -0.018952 -0.001159 -0.000294 0.000000 0.000000 
0.000000 0.000000 -0.000556 -0.002752 0.008355 0.059292 0.133778 0.173236 0.157663 0.150120 0.182540 0.223991 0.247698 0.261462 0.260652 0.226128 0.116625 -0.029496 -0.121924 -0.136605 -0.114948 -0.076171 -0.026327 0.032419 0.087961 0.063645 -0.037614 -0.168588 -0.197974 -0.151360 -0.073675 -0.011334 -0.000900 0.000000 0.000000 
0.000000 -0.000108 -0.000367 0.006949 0.067903 0.173289 0.258851 0.257832 0.205025 0.185635 0.212798 0.254353 0.280147 0.298901 0.310314 0.277609 0.158549 0.008611 -0.115268 -0.151841 -0.121892 -0.078277 -0.027563 0.031365 0.084543 0.055078 -0.052557 -0.201780 -0.260149 -0.235350 -0.154773 -0.052166 -0.002213 -0.000303 0.000000 
0.000000 -0.000025 0.001009 0.047440 0.172868 0.288729 0.312175 0.294386 0.233894 0.204915 0.225057 0.268783 0.297295 0.319739 0.328262 0.256125 0.136301 0.065832 -0.018955 -0.107879 -0.114873 -0.072779 -0.021523 0.038019 0.081240 0.038271 -0.079608 -0.227979 -0.279510 -0.294701 -0.245938 -0.117253 -0.010496 -0.000792 0.000000 
0.000000 0.000309 0.011737 0.119297 0.284219 0.339335 0.333493 0.319748 0.260366 0.220454 0.228134 0.272807 0.309098 0.353908 0.384801 0.322264 0.259062 0.279533 0.244455 0.086629 -0.037052 -0.040876 -0.006521 0.050182 0.070502 0.003227 -0.126425 -0.259092 -0.290745 -0.318002 -0.316060 -0.191642 -0.037405 -0.001412 0.000000 
0.000000 0.000896 0.037199 0.205903 0.352544 0.360454 0.345731 0.330272 0.289502 0.240026 0.231687 0.289408 0.397743 0.542011 0.651931 0.613289 0.590344 0.653081 0.667248 0.497573 0.275810 0.145644 0.088400 0.076581 0.040800 -0.055066 -0.191527 -0.275615 -0.303298 -0.333441 -0.354538 -0.259693 -0.071612 -0.002094 0.000000 
0.000000 0.001668 0.069402 0.272188 0.386703 0.374831 0.354638 0.336306 0.317908 0.271521 0.281370 0.407172 0.621991 0.841498 0.928988 0.838859 0.787347 0.842906 0.893268 0.805278 0.592418 0.432402 0.314490 0.172460 0.007133 -0.140267 -0.257743 -0.291084 -0.318644 -0.349962 -0.378299 -0.305628 -0.099460 -0.002678 0.000000 
0.000000 0.002378 0.095716 0.310238 0.407019 0.387392 0.363643 0.343294 0.329288 0.342728 0.431987 0.598897 0.830496 1.015562 1.008283 0.836504 0.774237 0.837638 0.901656 0.857387 0.696672 0.597288 0.492753 0.268398 0.004174 -0.214665 -0.286410 -0.310314 -0.337711 -0.369048 -0.398803 -0.329363 -0.111086 -0.002912 0.000000 
0.000000 0.002746 0.101778 0.321692 0.423831 0.401466 0.375478 0.353573 0.349769 0.453438 0.605470 0.793922 0.949318 1.024916 0.996768 0.834524 0.752606 0.819663 0.895486 0.860692 0.689425 0.581668 0.491992 0.268218 0.000911 -0.190179 -0.302789 -0.333551 -0.360710 -0.391260 -0.418171 -0.327301 -0.098824 -0.002693 0.000000 
0.000000 0.002640 0.085911 0.306931 0.436257 0.418651 0.391164 0.368998 0.416256 0.555320 0.739707 0.932980 1.004015 1.010379 0.981687 0.820913 0.705000 0.771825 0.841690 0.760029 0.545491 0.418909 0.347406 0.226320 0.036891 -0.142552 -0.289938 -0.360163 -0.386785 -0.415439 -0.428778 -0.291728 -0.069605 -0.002116 0.000000 
0.000000 0.002157 0.052940 0.259030 0.430489 0.439226 0.412202 0.394095 0.491303 0.646059 0.841898 0.998604 1.022393 1.017985 0.991963 0.842298 0.674683 0.667344 0.688706 0.546945 0.333655 0.265472 0.247431 0.210164 0.069863 -0.112987 -0.275152 -0.386362 -0.414755 -0.438560 -0.406809 -0.217240 -0.034797 -0.001424 0.000000 
0.000000 0.001466 0.018075 0.183338 0.379983 0.451902 0.438175 0.440753 0.558810 0.722849 0.920806 1.030162 1.035496 1.030287 1.018744 0.926350 0.739357 0.624548 0.550790 0.367279 0.218001 0.202351 0.199635 0.179609 0.075670 -0.104406 -0.272833 -0.403184 -0.440568 -0.439039 -0.322043 -0.129800 -0.009745 -0.000783 0.000000 
0.000000 0.000686 0.005164 0.096458 0.275948 0.416310 0.457310 0.488380 0.613856 0.780971 0.978572 1.059193 1.059888 1.053799 1.048702 1.016119 0.876330 0.671543 0.451801 0.240479 0.157430 0.159677 0.158462 0.143036 0.060944 -0.115194 -0.283360 -0.416987 -0.441463 -0.355429 -0.198905 -0.054714 -0.002421 -0.000286 0.000000 
0.000000 0.000000 0.002775 0.026968 0.155519 0.317796 0.413332 0.499176 0.655842 0.827181 1.022511 1.096512 1.096278 1.089989 1.081530 1.058312 0.947890 0.714325 0.418933 0.201830 0.140142 0.132495 0.129001 0.114487 0.038446 -0.132789 -0.292189 -0.382396 -0.337782 -0.220062 -0.089545 -0.011298 -0.000991 0.000000 0.000000 
0.000000 0.000000 0.001208 0.005133 0.052075 0.172073 0.305646 0.423628 0.609731 0.813893 1.026095 1.117557 1.115625 1.094985 1.057307 0.999832 0.898761 0.702274 0.459715 0.315130 0.238905 0.192775 0.166363 0.144738 0.068193 -0.076839 -0.193495 -0.252357 -0.193520 -0.093245 -0.021478 -0.001475 -0.000290 0.000000 0.000000 
0.000000 0.000000 0.000000 0.002413 0.007176 0.052720 0.148275 0.279675 0.481609 0.700647 0.917017 1.044847 1.043614 1.015437 0.959399 0.882501 0.776191 0.643266 0.542188 0.467273 0.401444 0.352775 0.320175 0.292217 0.191177 0.048818 -0.066007 -0.115500 -0.068226 -0.019378 -0.001662 -0.000387 0.000000 0.000000 0.000000 
0.000000 0.000000 0.000000 0.000585 0.003153 0.007509 0.032619 0.101454 0.273064 0.506105 0.728629 0.911306 0.923127 0.891658 0.828339 0.743328 0.655820 0.626288 0.612346 0.582218 0.542420 0.506502 0.476054 0.437895 0.297109 0.149656 0.026787 -0.022348 -0.007762 -0.000987 -0.000315 -0.000018 0.000000 0.000000 0.000000 
0.000000 0.000000 0.000000 0.000000 0.000867 0.003384 0.007132 0.015012 0.089216 0.266699 0.478589 0.684121 0.767098 0.743804 0.702780 0.678439 0.661289 0.647773 0.637992 0.631274 0.625072 0.609716 0.583878 0.497953 0.333479 0.170654 0.043767 0.001770 0.000216 -0.000015 0.000025 0.000000 0.000000 0.000000 0.000000 
0.000000 0.000000 0.000000 0.000000 0.000000 0.000978 0.003322 0.006822 0.026465 0.126138 0.303513 0.503012 0.677201 0.718227 0.714569 0.702834 0.689633 0.677541 0.668090 0.660291 0.651548 0.636114 0.585999 0.434870 0.259576 0.100427 0.015136 0.001525 0.000429 0.000108 0.000000 0.000000 0.000000 0.000000 0.000000 
0.000000 0.000000 0.000000 0.000000 0.000000 0.000000 0.000913 0.003037 0.006624 0.042743 0.154987 0.337454 0.536125 0.686111 0.727692 0.727125 0.718779 0.709359 0.698640 0.687075 0.669414 0.617670 0.480823 0.302709 0.134936 0.032486 0.002856 0.000881 0.000172 0.000000 0.000000 0.000000 0.000000 0.000000 0.000000 
0.000000 0.000000 0.000000 0.000000 0.000000 0.000000 0.000000 0.000691 0.002641 0.006118 0.043330 0.145928 0.301314 0.490468 0.641528 0.712453 0.729657 0.725738 0.711217 0.678409 0.600726 0.457129 0.281449 0.133862 0.036441 0.003609 0.001162 0.000227 0.000000 0.000000 0.000000 0.000000 0.000000 0.000000 0.000000 
0.000000 0.000000 0.000000 0.000000 0.000000 0.000000 0.000000 0.000000 0.000463 0.001974 0.004386 0.022456 0.090573 0.200429 0.324035 0.446747 0.516685 0.537142 0.508149 0.434090 0.315222 0.193758 0.086038 0.019581 0.002993 0.001103 0.000189 0.000000 0.000000 0.000000 0.000000 0.000000 0.000000 0.000000 0.000000 
0.000000 0.000000 0.000000 0.000000 0.000000 0.000000 0.000000 0.000000 0.000000 0.000000 0.000992 0.002433 0.004839 0.017385 0.055399 0.105323 0.145544 0.161391 0.145806 0.105562 0.054945 0.016502 0.004095 0.001847 0.000660 0.000000 0.000000 0.000000 0.000000 0.000000 0.000000 0.000000 0.000000 0.000000 0.000000 
0.000000 0.000000 0.000000 0.000000 0.000000 0.000000 0.000000 0.000000 0.000000 0.000000 0.000000 0.000000 0.000609 0.001423 0.002320 0.003247 0.003983 0.004215 0.003927 0.003128 0.002165 0.001267 0.000509 0.000000 0.000000 0.000000 0.000000 0.000000 0.000000 0.000000 0.000000 0.000000 0.000000 0.000000 0.000000 
0.000000 0.000000 0.000000 0.000000 0.000000 0.000000 0.000000 0.000000 0.000000 0.000000 0.000000 0.000000 0.000000 0.000000 0.000000 0.000000 0.000000 0.000000 0.000000 0.000000 0.000000 0.000000 0.000000 0.000000 0.000000 0.000000 0.000000 0.000000 0.000000 0.000000 0.000000 0.000000 0.000000 0.000000 0.000000 
