0.000000 0.000000 0.000000 0.000000 0.000000 0.000000 0.000000 0.000000 0.000000 0.000000 0.000000 0.000000 0.000000 0.000000 0.000000 0.000000 0.000000 0.000000 0.000000 0.000000 0.000000 0.000000 0.000000 0.000000 0.000000 0.000000 0.000000 0.000000 0.000000 0.000000 0.000000 0.000000 0.000000 0.000000 0.000000 
0.000000 0.000000 0.000000 0.000000 0.000000 0.000000 0.000000 0.000000 0.000000 0.000000 0.000000 0.000000 0.000000 0.000000 0.000000 0.000000 0.000000 0.000000 0.000000 0.000000 0.000000 0.000000 0.000000 0.000000 0.000000 0.000000 0.000000 0.000000 0.000000 0.000000 0.000000 0.000000 0.000000 0.000000 0.000000 
0.000000 0.000000 0.000000 0.000000 0.000000 0.000000 0.000000 0.000000 0.000000 0.000000 0.000000 0.000000 -0.000301 -0.000525 -0.000581 -0.000452 -0.000152 0.000231 0.000540 0.000657 0.000575 0.000371 0.000150 0.000000 0.000000 0.000000 0.000000 0.000000 0.000000 0.000000 0.000000 0.000000 0.000000 0.000000 0.000000 
0.000000 0.000000 0.000000 0.000000 0.000000 0.000000 0.000000 0.000000 0.000000 0.000000 -0.000631 -0.001270 -0.002030 -0.006881 -0.016399 -0.017385 -0.009499 0.002078 0.012043 0.014432 0.009725 0.003963 0.001666 0.000844 0.000278 0.000000 0.000000 0.000000 0.000000 0.000000 0.000000 0.000000 0.000000 0.000000 0.000000 
0.000000 0.000000 0.000000 0.000000 0.000000 0.000000 0.000000 0.000000 -0.000342 -0.001295 -0.002490 -0.012578 -0.035394 -0.044997 -0.032555 -0.003841 0.030446 0.059323 0.078394 0.086047 0.080051 0.057015 0.027627 0.007313 0.001884 0.000734 0.000116 0.000000 0.000000 0.000000 0.000000 0.000000 0.000000 0.000000 0.000000 
0.000000 0.000000 0.000000 0.000000 0.000000 0.000000 0.000000 -0.000490 -0.001649 -0.003567 -0.024995 -0.055699 -0.062088 -0.038723 0.009627 0.063782 0.109830 0.144054 0.166250 0.176533 0.173736 0.154747 0.111182 0.056860 0.016542 0.002960 0.001161 0.000218 0.000000 0.000000 0.000000 0.000000 0.000000 0.000000 0.000000 
0.000000 0.000000 0.000000 0.000000 0.000000 0.000000 -0.000446 -0.001623 -0.003603 -0.026475 -0.066080 -0.079431 -0.046452 0.010607 0.069668 0.118320 0.156719 0.187647 0.212425 0.230163 0.237855 0.231757 0.205676 0.146043 0.070956 0.019022 0.003514 0.001396 0.000294 0.000000 0.000000 0.000000 0.000000 0.000000 0.000000 
0.000000 0.000000 0.000000 0.000000 0.000000 -0.000302 -0.001311 -0.003063 -0.016914 -0.065212 -0.092851 -0.065966 -0.012719 0.047190 0.097453 0.138458 0.172850 0.202622 0.228552 0.250154 0.266221 0.272650 0.263837 0.227485 0.150744 0.063746 0.013415 0.003688 0.001453 0.000286 0.000000 0.000000 0.000000 0.000000 0.000000 
0.000000 0.000000 0.000000 0.000000 -0.000121 -0.000861 -0.002399 -0.005739 -0.045382 -0.097552 -0.092586 -0.049944 0.008241 0.062937 0.107979 0.145509 0.178759 0.208310 0.234788 0.258315 0.280288 0.304991 0.318280 0.304586 0.243337 0.140613 0.045223 0.008231 0.003688 0.001360 0.000195 0.000000 0.000000 0.000000 0.000000 
0.000000 0.000000 0.000000 -0.000069 -0.000474 -0.001552 -0.003009 -0.016392 -0.082494 -0.124508 -0.108635 -0.064957 -0.005507 0.050732 0.102969 0.147257 0.181756 0.212032 0.242878 0.290200 0.344070 0.388650 0.414905 0.416735 0.372349 0.270730 0.137958 0.045312 0.013180 0.003513 0.001099 0.000083 0.000000 0.000000 0.000000 
0.000000 0.000000 0.000000 -0.000204 -0.000744 0.000152 -0.003176 -0.041467 -0.132357 -0.164285 -0.144884 -0.098771 -0.041872 0.014562 0.073166 0.131242 0.182282 0.225750 0.290755 0.364306 0.426496 0.473594 0.502598 0.510890 0.483318 0.393832 0.261450 0.134612 0.062542 0.017945 0.002914 0.000630 0.000000 0.000000 0.000000 
0.000000 0.000000 -0.000063 -0.000244 0.003492 0.006209 -0.010377 -0.075392 -0.167146 -0.190486 -0.168853 -0.120696 -0.066892 -0.012869 0.043958 0.105537 0.175852 0.269262 0.363082 0.439502 0.496539 0.538132 0.565797 0.576197 0.558573 0.479236 0.356182 0.227406 0.144152 0.068071 0.014549 0.001784 0.000145 0.000000 0.000000 
0.000000 0.000000 -0.000042 0.003160 0.016232 0.011716 -0.018873 -0.086549 -0.167628 -0.176174 -0.146125 -0.094067 -0.041207 0.006425 0.049761 0.098812 0.185449 0.318902 0.433849 0.503435 0.556236 0.596369 0.622733 0.633103 0.617527 0.539936 0.418440 0.294650 0.220105 0.141264 0.052597 0.005730 0.000644 0.000000 0.000000 
0.000000 0.000000 0.000249 0.016389 0.036761 0.021349 -0.004613 -0.053735 -0.125046 -0.134103 -0.104383 -0.051372 0.002031 0.049787 0.092584 0.143035 0.240561 0.378322 0.497943 0.568408 0.608635 0.642220 0.665156 0.673833 0.656607 0.579111 0.463100 0.345839 0.278332 0.210092 0.108972 0.021827 0.001372 0.000000 0.000000 
0.000000 0.000096 0.003329 0.039896 0.066504 0.051441 0.038911 0.005586 -0.073864 -0.091732 -0.065133 -0.012449 0.042461 0.091609 0.135488 0.200894 0.329957 0.463597 0.563930 0.616937 0.642342 0.670480 0.691294 0.697091 0.671466 0.588405 0.475716 0.373089 0.325686 0.264575 0.164730 0.050515 0.002014 0.000113 0.000000 
0.000000 0.000289 0.014906 0.078111 0.109201 0.098332 0.086577 0.069299 -0.012159 -0.047655 -0.030635 0.018575 0.075027 0.117846 0.150558 0.220307 0.378937 0.527462 0.612009 0.654609 0.671220 0.688883 0.704076 0.703283 0.662835 0.570089 0.461444 0.382707 0.353236 0.304404 0.212265 0.085391 0.004314 0.000271 0.000000 
0.000000 0.000570 0.030345 0.119865 0.157243 0.148182 0.133480 0.120200 0.061912 0.002424 -0.000055 0.028832 0.056593 0.064861 0.070784 0.159408 0.353062 0.519636 0.613678 0.663967 0.690224 0.718721 0.721023 0.693138 0.627420 0.529572 0.433532 0.386950 0.364163 0.324905 0.242787 0.110275 0.007590 0.000377 0.000000 
0.000000 0.000880 0.046711 0.168355 0.208050 0.196105 0.179962 0.165784 0.144555 0.071505 0.017955 -0.024251 -0.045830 -0.043897 -0.020623 0.101529 0.325973 0.486791 0.584560 0.623583 0.654891 0.714687 0.743039 0.686508 0.575109 0.471060 0.405439 0.383294 0.362256 0.327920 0.254576 0.125366 0.010222 0.000395 0.000000 
0.000000 0.001094 0.057095 0.208797 0.257229 0.243338 0.226435 0.211637 0.198180 0.146713 0.010871 -0.103288 -0.154159 -0.125103 -0.066298 0.074365 0.304846 0.460671 0.553523 0.559155 0.545102 0.607852 0.678183 0.656061 0.542883 0.430198 0.388804 0.370555 0.350086 0.317042 0.246567 0.121620 0.010220 0.000382 0.000000 
0.000000 0.001088 0.053904 0.231613 0.304236 0.291200 0.273303 0.258054 0.238104 0.155034 0.027397 -0.116687 -0.189504 -0.173445 -0.119590 0.016612 0.245561 0.409165 0.493621 0.459154 0.408090 0.439701 0.510246 0.557316 0.528570 0.447927 0.372037 0.348709 0.327841 0.293069 0.219342 0.100821 0.006171 0.000290 0.000000 
0.000000 0.000862 0.038392 0.223028 0.342820 0.338256 0.321042 0.304723 0.249108 0.141254 0.027538 -0.068998 -0.118112 -0.134803 -0.128181 -0.051874 0.124955 0.291697 0.369913 0.304477 0.240189 0.275451 0.348665 0.450728 0.513234 0.469264 0.374310 0.318104 0.295040 0.255406 0.174285 0.069126 0.002569 0.000226 0.000000 
0.000000 0.000526 0.017872 0.175016 0.351639 0.382755 0.368264 0.348752 0.255623 0.139017 0.028129 -0.034375 -0.042401 -0.042420 -0.041331 -0.020298 0.084348 0.219038 0.259174 0.164960 0.117590 0.172494 0.256062 0.364253 0.470074 0.465516 0.374899 0.280449 0.249944 0.200752 0.120175 0.043636 0.001656 0.000145 0.000000 
0.000000 0.000198 0.004584 0.105866 0.298982 0.408573 0.412753 0.382810 0.272341 0.151664 0.044966 0.002363 0.002038 0.011251 0.024040 0.041374 0.094849 0.165347 0.141232 0.045880 0.040196 0.105263 0.186421 0.286757 0.407017 0.437660 0.357576 0.241397 0.188850 0.132699 0.072778 0.021261 0.001041 0.000058 0.000000 
0.000000 -0.000000 0.001339 0.040717 0.193805 0.360038 0.437004 0.413448 0.301091 0.180698 0.077474 0.044880 0.046574 0.055204 0.066380 0.078568 0.086176 0.054778 -0.031660 -0.077254 -0.034810 0.034767 0.115167 0.212241 0.335207 0.385459 0.312758 0.186085 0.115954 0.079366 0.043354 0.009700 0.000847 0.000000 0.000000 
0.000000 0.000000 0.000368 0.006786 0.086074 0.237466 0.367164 0.408029 0.327321 0.213350 0.113972 0.084050 0.085226 0.090566 0.090349 0.070523 0.015861 -0.081731 -0.173903 -0.176024 -0.115410 -0.042319 0.039697 0.136772 0.260286 0.314983 0.243068 0.122447 0.070983 0.049519 0.022013 0.003509 0.000448 0.000000 0.000000 
0.000000 0.000000 -0.000055 0.000871 0.017756 0.101009 0.225781 0.302893 0.265049 0.190277 0.110817 0.081639 0.076692 0.062678 0.028219 -0.034381 -0.122144 -0.206064 -0.236372 -0.206585 -0.159110 -0.098861 -0.021162 0.076509 0.204590 0.260432 0.198874 0.090175 0.048376 0.027963 0.007850 0.001210 0.000144 0.000000 0.000000 
0.000000 0.000000 0.000000 -0.000028 0.001230 0.018727 0.080835 0.152352 0.136595 0.076767 0.005113 -0.034379 -0.044787 -0.069395 -0.116392 -0.182097 -0.249512 -0.282370 -0.254581 -0.208995 -0.160092 -0.100480 -0.022751 0.077488 0.205508 0.240979 0.167032 0.063917 0.027717 0.009987 0.002008 0.000529 0.000000 0.000000 0.000000 
0.000000 0.000000 0.000000 -0.000115 -0.000033 0.000841 0.008245 0.031792 0.008784 -0.057860 -0.131930 -0.191366 -0.207006 -0.229314 -0.262570 -0.298016 -0.311425 -0.292739 -0.261456 -0.214605 -0.157827 -0.089925 -0.006346 0.102785 0.214669 0.212877 0.115940 0.029596 0.008756 0.002586 0.000905 0.000112 0.000000 0.000000 0.000000 
0.000000 0.000000 0.000000 0.000000 -0.000161 -0.000220 -0.000181 -0.001090 -0.032372 -0.121207 -0.218388 -0.297500 -0.329869 -0.339516 -0.340149 -0.327717 -0.308850 -0.284525 -0.253267 -0.213618 -0.160407 -0.087002 0.007298 0.130377 0.195712 0.148941 0.052276 0.007123 0.003046 0.001186 0.000211 0.000000 0.000000 0.000000 0.000000 
0.000000 0.000000 0.000000 0.000000 0.000000 -0.000219 -0.000539 -0.001316 -0.011472 -0.072236 -0.175025 -0.269353 -0.329501 -0.340401 -0.333463 -0.318771 -0.298599 -0.271837 -0.237573 -0.192777 -0.134543 -0.057054 0.050290 0.150682 0.152589 0.078679 0.016332 0.003405 0.001378 0.000323 0.000000 0.000000 0.000000 0.000000 0.000000 
0.000000 0.000000 0.000000 0.000000 0.000000 0.000000 -0.000227 -0.000819 -0.002301 -0.022018 -0.085921 -0.178468 -0.258676 -0.303415 -0.309193 -0.297500 -0.276853 -0.247551 -0.208341 -0.155942 -0.085223 0.012298 0.112026 0.135970 0.084592 0.025421 0.003584 0.001431 0.000341 0.000000 0.000000 0.000000 0.000000 0.000000 0.000000 
0.000000 0.000000 0.000000 0.000000 0.000000 0.000000 0.000000 -0.000233 -0.000924 -0.002591 -0.021404 -0.072718 -0.140548 -0.204246 -0.240013 -0.244510 -0.227307 -0.194869 -0.146848 -0.079023 0.006387 0.083103 0.101315 0.067870 0.022794 0.003202 0.001289 0.000288 0.000000 0.000000 0.000000 0.000000 0.000000 0.000000 0.000000 
0.000000 0.000000 0.000000 0.000000 0.000000 0.000000 0.000000 0.000000 -0.000161 -0.000766 -0.001934 -0.009979 -0.037893 -0.075243 -0.106709 -0.120618 -0.112110 -0.083269 -0.038244 0.014640 0.054317 0.059352 0.036707 0.010530 0.002098 0.000906 0.000180 0.000000 0.000000 0.000000 0.000000 0.000000 0.000000 0.000000 0.000000 
0.000000 0.000000 0.000000 0.000000 0.000000 0.000000 0.000000 0.000000 0.000000 0.000000 -0.000383 -0.001000 -0.001972 -0.005674 -0.013898 -0.018433 -0.014421 -0.001885 0.012960 0.020122 0.015622 0.005922 0.001934 0.001065 0.000436 0.000000 0.000000 0.000000 0.000000 0.000000 0.000000 0.000000 0.000000 0.000000 0.000000 
0.000000 0.000000 0.000000 0.000000 0.000000 0.000000 0.000000 0.000000 0.000000 0.000000 0.000000 0.000000 -0.000181 -0.000393 -0.000542 -0.000530 -0.000299 0.000116 0.000527 0.000755 0.000743 0.000550 0.000270 0.000000 0.000000 0.000000 0.000000 0.000000 0.000000 0.000000 0.000000 0.000000 0.000000 0.000000 0.000000 
