0.000000 0.000000 0.000000 0.000000 0.000000 0.000000 0.000000 0.000000 0.000000 0.000000 0.000000 0.000000 0.000000 0.000000 0.000000 0.000000 0.000000 -0.000000 0.000000 -0.000000 0.000000 0.000000 0.000000 0.000000 0.000000 0.000000 0.000000 0.000000 0.000000 0.000000 0.000000 0.000000 0.000000 0.000000 0.000000 
0.000000 0.000000 0.000000 0.000000 0.000000 0.000000 0.000000 0.000000 0.000000 0.000000 0.000000 0.000000 0.000000 0.000000 0.000000 0.000000 0.000000 -0.000002 0.000000 0.000000 0.000000 0.000000 0.000000 0.000000 0.000000 0.000000 0.000000 0.000000 0.000000 0.000000 0.000000 0.000000 0.000000 0.000000 0.000000 
0.000000 0.000000 0.000000 0.000000 0.000000 0.000000 0.000000 0.000000 0.000000 0.000000 0.000000 0.000000 -0.000017 -0.000068 -0.000144 -0.000227 -0.000300 -0.000339 -0.000331 -0.000277 -0.000194 -0.000102 -0.000031 0.000000 0.000000 0.000000 0.000000 0.000000 0.000000 0.000000 0.000000 0.000000 0.000000 0.000000 0.000000 
0.000000 0.000000 0.000000 0.000000 0.000000 0.000000 0.000000 0.000000 0.000000 0.000000 -0.000031 -0.000134 -0.000319 -0.000753 -0.002428 -0.005671 -0.009071 -0.010910 -0.010079 -0.007037 -0.003439 -0.001200 -0.000523 -0.000247 -0.000072 -0.000001 0.000000 0.000000 0.000000 0.000000 0.000000 0.000000 0.000000 0.000000 0.000000 
0.000000 0.000000 0.000000 0.000000 0.000000 0.000000 0.000000 0.000000 -0.000008 -0.000084 -0.000265 -0.001003 -0.005284 -0.015186 -0.029655 -0.045883 -0.059061 -0.065249 -0.063120 -0.052928 -0.037411 -0.021311 -0.008593 -0.002000 -0.000548 -0.000207 -0.000032 0.000000 0.000000 0.000000 0.000000 0.000000 0.000000 0.000000 0.000000 
0.000000 0.000000 0.000000 0.000000 0.000000 0.000000 0.000000 -0.000015 -0.000112 -0.000341 -0.002144 -0.010160 -0.026449 -0.049694 -0.075646 -0.096361 -0.108964 -0.114494 -0.113935 -0.106332 -0.089708 -0.064660 -0.038302 -0.016936 -0.004441 -0.000805 -0.000313 -0.000063 0.000000 0.000000 0.000000 0.000000 0.000000 0.000000 0.000000 
0.000000 0.000000 0.000000 0.000000 0.000000 0.000000 -0.000019 -0.000109 -0.000321 -0.002111 -0.010759 -0.028977 -0.054789 -0.081687 -0.100265 -0.109969 -0.115001 -0.117785 -0.119178 -0.118587 -0.113860 -0.100206 -0.074631 -0.044746 -0.019376 -0.004812 -0.000871 -0.000358 -0.000082 0.000000 0.000000 0.000000 0.000000 0.000000 0.000000 
0.000000 0.000000 0.000000 0.000000 0.000000 -0.000019 -0.000094 -0.000261 -0.001182 -0.007784 -0.024024 -0.047690 -0.073196 -0.090032 -0.097997 -0.102051 -0.104710 -0.106722 -0.108558 -0.109899 -0.110238 -0.107241 -0.095335 -0.070012 -0.040866 -0.015935 -0.003204 -0.000866 -0.000368 -0.000082 0.000000 0.000000 0.000000 0.000000 0.000000 
0.000000 0.000000 0.000000 0.000000 -0.000014 -0.000075 -0.000202 -0.000517 -0.004064 -0.016284 -0.036371 -0.060044 -0.078047 -0.085758 -0.089244 -0.091759 -0.093960 -0.095992 -0.097750 -0.099413 -0.101461 -0.104751 -0.104195 -0.090497 -0.063556 -0.034175 -0.010813 -0.001889 -0.000868 -0.000359 -0.000063 0.000000 0.000000 0.000000 0.000000 
0.000000 0.000000 0.000000 -0.000006 -0.000052 -0.000153 -0.000579 -0.002106 -0.009633 -0.025304 -0.045569 -0.066723 -0.076793 -0.081432 -0.083926 -0.085704 -0.087577 -0.089869 -0.092426 -0.099688 -0.108724 -0.115826 -0.119166 -0.115069 -0.092878 -0.063734 -0.032586 -0.010880 -0.003229 -0.000875 -0.000315 -0.000032 0.000000 0.000000 0.000000 
0.000000 0.000000 -0.000000 -0.000025 -0.000103 -0.000611 -0.001807 -0.004826 -0.014521 -0.030137 -0.049624 -0.066044 -0.072764 -0.076942 -0.080174 -0.083613 -0.086535 -0.090953 -0.103198 -0.116775 -0.126620 -0.133281 -0.136849 -0.136170 -0.120862 -0.094238 -0.063983 -0.034478 -0.016113 -0.004873 -0.000811 -0.000208 -0.000000 0.000000 0.000000 
0.000000 0.000000 -0.000004 -0.000043 -0.000396 -0.001318 -0.002671 -0.005667 -0.015482 -0.030491 -0.049430 -0.062090 -0.067763 -0.072077 -0.076416 -0.081563 -0.089360 -0.106741 -0.126711 -0.141260 -0.149737 -0.154195 -0.156321 -0.156127 -0.145836 -0.121266 -0.093550 -0.064249 -0.041438 -0.019652 -0.004512 -0.000555 -0.000073 0.000000 0.000000 
0.000000 0.000000 -0.000003 -0.000105 -0.000544 -0.001100 -0.001258 -0.003455 -0.012902 -0.027742 -0.046637 -0.057922 -0.063270 -0.067514 -0.072212 -0.079859 -0.100525 -0.132718 -0.157073 -0.167330 -0.168875 -0.166553 -0.164490 -0.163391 -0.156536 -0.136977 -0.116226 -0.091707 -0.070938 -0.045467 -0.017269 -0.002048 -0.000252 0.000000 0.000000 
0.000000 0.000002 0.000014 -0.000032 0.000434 0.001223 0.002523 0.000848 -0.008890 -0.024050 -0.043408 -0.055654 -0.061253 -0.065470 -0.069917 -0.083432 -0.120388 -0.161994 -0.182766 -0.182769 -0.175395 -0.169516 -0.166301 -0.164670 -0.156891 -0.137834 -0.120557 -0.105770 -0.096846 -0.075890 -0.038938 -0.008805 -0.000534 -0.000032 0.000000 
0.000000 0.000011 0.000072 0.000913 0.003064 0.005537 0.006717 0.005037 -0.004470 -0.019715 -0.039712 -0.055144 -0.061899 -0.066268 -0.071413 -0.095798 -0.145980 -0.184010 -0.194554 -0.188694 -0.178930 -0.172794 -0.169622 -0.166859 -0.154935 -0.134490 -0.117388 -0.106456 -0.108977 -0.101855 -0.065816 -0.021817 -0.001241 -0.000106 0.000000 
0.000000 0.000028 0.000352 0.003099 0.007265 0.009860 0.009807 0.008497 0.000687 -0.013933 -0.034304 -0.054371 -0.064526 -0.069604 -0.076903 -0.114352 -0.169517 -0.195345 -0.197130 -0.192615 -0.184640 -0.179083 -0.175526 -0.169235 -0.150683 -0.128005 -0.110448 -0.103391 -0.112084 -0.115751 -0.091317 -0.038260 -0.003598 -0.000200 0.000000 
0.000000 0.000054 0.001037 0.006355 0.011643 0.013078 0.012154 0.010749 0.006528 -0.005963 -0.025410 -0.048895 -0.064761 -0.070904 -0.081610 -0.129350 -0.184120 -0.197258 -0.195214 -0.195442 -0.193530 -0.189683 -0.183504 -0.168198 -0.142531 -0.118450 -0.101649 -0.101384 -0.111889 -0.120575 -0.108268 -0.054200 -0.007369 -0.000288 0.000000 
-0.000000 0.000082 0.001984 0.009829 0.015208 0.015536 0.014143 0.012666 0.011272 0.003854 -0.011651 -0.032653 -0.052989 -0.065335 -0.083404 -0.138589 -0.191864 -0.197943 -0.193133 -0.195878 -0.198897 -0.196700 -0.184688 -0.158777 -0.128474 -0.105171 -0.094503 -0.099842 -0.110640 -0.121215 -0.115963 -0.064672 -0.010583 -0.000345 -0.000000 
0.000001 0.000104 0.002768 0.012490 0.017954 0.017638 0.015996 0.014513 0.013656 0.012811 0.007739 -0.005236 -0.026512 -0.050230 -0.082416 -0.145711 -0.200446 -0.205270 -0.198175 -0.198115 -0.197336 -0.186727 -0.164971 -0.135703 -0.109395 -0.093239 -0.092012 -0.098184 -0.108938 -0.120006 -0.116651 -0.067009 -0.011471 -0.000355 -0.000002 
0.000000 0.000111 0.002920 0.013731 0.020018 0.019555 0.017825 0.016290 0.015866 0.019630 0.024012 0.021709 0.007444 -0.018072 -0.056536 -0.127942 -0.190961 -0.200590 -0.192229 -0.185231 -0.172028 -0.149437 -0.124255 -0.104414 -0.092810 -0.089395 -0.089909 -0.096218 -0.106959 -0.117196 -0.111153 -0.060770 -0.009647 -0.000316 0.000000 
0.000000 0.000100 0.002298 0.013128 0.021279 0.021373 0.019675 0.018077 0.019776 0.025571 0.031596 0.034978 0.030804 0.018781 -0.005856 -0.065318 -0.128615 -0.146549 -0.139709 -0.131410 -0.117776 -0.099998 -0.087938 -0.084325 -0.085525 -0.086916 -0.088401 -0.094057 -0.104368 -0.112281 -0.098633 -0.047427 -0.006108 -0.000241 0.000000 
0.000000 0.000074 0.001275 0.010499 0.020811 0.022962 0.021539 0.020203 0.024240 0.030300 0.035765 0.038071 0.036485 0.033484 0.026469 -0.006729 -0.058224 -0.084420 -0.085836 -0.084992 -0.081268 -0.075996 -0.074515 -0.076793 -0.080615 -0.083772 -0.086895 -0.091685 -0.100352 -0.102650 -0.077771 -0.030860 -0.002675 -0.000154 0.000000 
0.000000 0.000042 0.000480 0.006729 0.017416 0.023383 0.023253 0.023184 0.028275 0.034025 0.038665 0.039470 0.037537 0.035555 0.033303 0.017836 -0.020099 -0.052995 -0.068673 -0.075060 -0.074213 -0.070971 -0.070186 -0.072245 -0.076558 -0.080750 -0.084643 -0.088310 -0.092441 -0.084009 -0.051464 -0.016001 -0.000834 -0.000075 0.000000 
0.000000 0.000014 0.000206 0.003080 0.011738 0.020298 0.023815 0.025866 0.031502 0.037023 0.041086 0.040956 0.039018 0.037410 0.036264 0.030099 0.005644 -0.029362 -0.056734 -0.069238 -0.069214 -0.066637 -0.066030 -0.068059 -0.072397 -0.076761 -0.080165 -0.080752 -0.075554 -0.056815 -0.027635 -0.005693 -0.000342 -0.000020 0.000000 
0.000000 0.000000 0.000103 0.000824 0.005897 0.013978 0.020121 0.025680 0.033217 0.039154 0.043135 0.042730 0.040788 0.039165 0.037643 0.034187 0.020060 -0.008039 -0.036488 -0.053285 -0.059020 -0.059874 -0.060432 -0.062739 -0.066764 -0.070080 -0.070107 -0.062572 -0.049558 -0.030389 -0.010828 -0.001119 -0.000146 0.000000 0.000000 
0.000000 0.000000 0.000032 0.000225 0.001762 0.006867 0.013419 0.020278 0.029592 0.037411 0.042567 0.042794 0.040569 0.037959 0.034837 0.030388 0.022312 0.005167 -0.015039 -0.029310 -0.038484 -0.044160 -0.047989 -0.051243 -0.053839 -0.053363 -0.048476 -0.038304 -0.025347 -0.011467 -0.002354 -0.000287 -0.000036 0.000000 0.000000 
0.000000 0.000000 0.000000 0.000090 0.000336 0.001936 0.005928 0.012176 0.022027 0.030939 0.037000 0.038353 0.036035 0.032820 0.028915 0.023953 0.017750 0.010563 0.001087 -0.009209 -0.017530 -0.023519 -0.028050 -0.031772 -0.034239 -0.033162 -0.027435 -0.017476 -0.008379 -0.002325 -0.000372 -0.000093 0.000000 0.000000 0.000000 
0.000000 0.000000 0.000000 0.000016 0.000138 0.000369 0.001332 0.004276 0.012105 0.021774 0.028926 0.032071 0.030138 0.026731 0.022539 0.017898 0.013845 0.011536 0.008996 0.003914 -0.002259 -0.007662 -0.012235 -0.016275 -0.018382 -0.016656 -0.010848 -0.004498 -0.001318 -0.000353 -0.000125 -0.000011 0.000000 0.000000 0.000000 
0.000000 0.000000 0.000000 0.000000 0.000030 0.000160 0.000373 0.000784 0.004208 0.011870 0.019575 0.024464 0.024310 0.021466 0.018317 0.016118 0.014243 0.012378 0.010453 0.008464 0.006099 0.002473 -0.001839 -0.005989 -0.007611 -0.006021 -0.002540 -0.000588 -0.000293 -0.000124 -0.000019 0.000000 0.000000 0.000000 0.000000 
0.000000 0.000000 0.000000 0.000000 0.000000 0.000039 0.000165 0.000371 0.001307 0.005744 0.012868 0.019145 0.022309 0.021516 0.019672 0.017680 0.015750 0.013823 0.011901 0.009833 0.007431 0.004307 0.000171 -0.003177 -0.003974 -0.002407 -0.000715 -0.000234 -0.000109 -0.000024 0.000000 0.000000 0.000000 0.000000 0.000000 
0.000000 0.000000 0.000000 0.000000 0.000000 0.000000 0.000039 0.000159 0.000365 0.001874 0.006588 0.013283 0.019086 0.021736 0.021083 0.019369 0.017455 0.015435 0.013278 0.010752 0.007489 0.003217 -0.000756 -0.002486 -0.002030 -0.000827 -0.000185 -0.000090 -0.000023 0.000000 0.000000 0.000000 0.000000 0.000000 0.000000 
0.000000 0.000000 0.000000 0.000000 0.000000 0.000000 0.000000 0.000030 0.000136 0.000329 0.001687 0.005581 0.011075 0.016244 0.019178 0.019347 0.017948 0.015781 0.012976 0.009376 0.005115 0.001278 -0.000778 -0.001196 -0.000611 -0.000134 -0.000065 -0.000018 0.000000 0.000000 0.000000 0.000000 0.000000 0.000000 0.000000 
0.000000 0.000000 0.000000 0.000000 0.000000 0.000000 0.000000 0.000000 0.000015 0.000088 0.000218 0.000776 0.002867 0.006226 0.009636 0.011860 0.012189 0.010786 0.008130 0.004815 0.001881 0.000101 -0.000442 -0.000221 -0.000065 -0.000035 -0.000008 0.000000 0.000000 0.000000 0.000000 0.000000 0.000000 0.000000 0.000000 
0.000000 0.000000 0.000000 0.000000 0.000000 0.000000 0.000000 0.000000 0.000000 0.000000 0.000031 0.000098 0.000196 0.000435 0.001113 0.001968 0.002426 0.002191 0.001418 0.000602 0.000102 -0.000012 -0.000009 -0.000015 -0.000009 -0.000000 0.000000 0.000000 0.000000 0.000000 0.000000 0.000000 0.000000 0.000000 0.000000 
0.000000 0.000000 0.000000 0.000000 0.000000 0.000000 0.000000 0.000000 0.000000 0.000000 0.000000 0.000000 0.000013 0.000039 0.000068 0.000090 0.000097 0.000088 0.000066 0.000040 0.000018 0.000004 -0.000001 0.000000 0.000000 0.000000 0.000000 0.000000 0.000000 0.000000 0.000000 0.000000 0.000000 0.000000 0.000000 
