0.000000 0.000000 0.000000 0.000000 0.000000 0.000000 0.000000 0.000000 0.000000 0.000000 0.000000 0.000000 0.000000 0.000000 0.000000 0.000000 0.000000 0.000000 0.000000 0.000000 0.000000 0.000000 0.000000 0.000000 0.000000 0.000000 0.000000 0.000000 0.000000 0.000000 0.000000 0.000000 0.000000 0.000000 0.000000 
0.000000 0.000000 0.000000 0.000000 0.000000 0.000000 0.000000 0.000000 0.000000 0.000000 0.000000 0.000000 0.000000 0.000000 0.000000 0.000000 0.000000 0.000000 0.000000 0.000000 0.000000 0.000000 0.000000 0.000000 0.000000 0.000000 0.000000 0.000000 0.000000 0.000000 0.000000 0.000000 0.000000 0.000000 0.000000 
0.000000 0.000000 0.000000 0.000000 0.000000 0.000000 0.000000 0.000000 0.000000 0.000000 0.000000 0.000000 -0.000857 -0.001752 -0.002445 -0.002844 -0.002836 -0.002373 -0.001666 -0.001012 -0.000554 -0.000297 -0.000130 0.000000 0.000000 0.000000 0.000000 0.000000 0.000000 0.000000 0.000000 0.000000 0.000000 0.000000 0.000000 
0.000000 0.000000 0.000000 0.000000 0.000000 0.000000 0.000000 0.000000 0.000000 0.000000 -0.001477 -0.003223 -0.005672 -0.019301 -0.049981 -0.066555 -0.063116 -0.046665 -0.022985 -0.005634 0.000288 0.000082 -0.000060 -0.000083 -0.000117 0.000000 0.000000 0.000000 0.000000 0.000000 0.000000 0.000000 0.000000 0.000000 0.000000 
0.000000 0.000000 0.000000 0.000000 0.000000 0.000000 0.000000 0.000000 -0.000694 -0.002746 -0.005539 -0.028407 -0.082574 -0.112869 -0.099186 -0.055666 -0.008431 0.024106 0.042238 0.053904 0.062350 0.050019 0.023047 0.004090 0.000593 0.000115 -0.000037 0.000000 0.000000 0.000000 0.000000 0.000000 0.000000 0.000000 0.000000 
0.000000 0.000000 0.000000 0.000000 0.000000 0.000000 0.000000 -0.000896 -0.003105 -0.006900 -0.049736 -0.110705 -0.117095 -0.058874 0.028333 0.098128 0.140617 0.166165 0.179975 0.181667 0.172360 0.160614 0.121407 0.061110 0.014197 0.001417 0.000393 0.000018 0.000000 0.000000 0.000000 0.000000 0.000000 0.000000 0.000000 
0.000000 0.000000 0.000000 0.000000 0.000000 0.000000 -0.000713 -0.002566 -0.005844 -0.047581 -0.114629 -0.113413 -0.031540 0.060065 0.115996 0.151240 0.178227 0.200664 0.218925 0.232127 0.235973 0.227371 0.223029 0.174285 0.081176 0.017000 0.001772 0.000496 0.000003 0.000000 0.000000 0.000000 0.000000 0.000000 0.000000 
0.000000 0.000000 0.000000 0.000000 0.000000 -0.000371 -0.001562 -0.003738 -0.026818 -0.102883 -0.118300 -0.041720 0.046932 0.097709 0.130450 0.157337 0.180679 0.202867 0.223009 0.241627 0.255864 0.262765 0.256458 0.254288 0.187637 0.074205 0.010639 0.001786 0.000429 -0.000052 0.000000 0.000000 0.000000 0.000000 0.000000 
0.000000 0.000000 0.000000 0.000000 -0.000069 -0.000525 -0.001706 -0.004564 -0.056951 -0.097446 -0.035659 0.057088 0.109098 0.126461 0.134251 0.153425 0.176241 0.198113 0.219683 0.240250 0.258517 0.271391 0.279434 0.282904 0.262330 0.159633 0.041415 0.004523 0.001701 0.000324 -0.000108 0.000000 0.000000 0.000000 0.000000 
0.000000 0.000000 0.000000 -0.000038 0.000086 0.000295 0.012794 0.032377 -0.007438 0.007570 0.086467 0.155988 0.189411 0.211896 0.219827 0.203455 0.179522 0.192155 0.213141 0.233815 0.265319 0.298796 0.324612 0.334035 0.336366 0.256733 0.110071 0.017880 0.003477 0.001541 0.000225 -0.000092 0.000000 0.000000 0.000000 
0.000000 0.000000 0.000000 0.000195 0.001434 0.029988 0.092418 0.103101 0.018001 0.013242 0.066349 0.103539 0.139585 0.185391 0.238754 0.273244 0.264513 0.213291 0.215136 0.265968 0.322646 0.372306 0.409883 0.427291 0.438089 0.380401 0.229750 0.075376 0.024208 0.004238 0.001283 0.000075 0.000000 0.000000 0.000000 
0.000000 0.000000 0.000053 0.001069 0.032376 0.114455 0.161998 0.070643 -0.077139 -0.118168 -0.095378 -0.076897 -0.041173 0.024931 0.121798 0.231184 0.304847 0.307946 0.291181 0.340578 0.408832 0.466160 0.507059 0.527932 0.541843 0.497953 0.352761 0.174015 0.085432 0.032417 0.003441 0.000903 -0.000041 0.000000 0.000000 
0.000000 0.000000 0.000379 0.015934 0.108892 0.176500 0.114420 -0.060639 -0.219919 -0.217819 -0.164520 -0.137626 -0.108108 -0.070331 -0.014707 0.081822 0.223472 0.385099 0.444103 0.444868 0.499806 0.552006 0.588630 0.608818 0.626466 0.589927 0.451897 0.269121 0.170272 0.093600 0.027153 0.001442 0.000389 0.000000 0.000000 
0.000000 -0.000000 0.001269 0.067592 0.176424 0.144730 0.012021 -0.105099 -0.202868 -0.191019 -0.134911 -0.105230 -0.076508 -0.043110 -0.005626 0.036374 0.154151 0.391838 0.570591 0.570936 0.566166 0.607607 0.640735 0.660058 0.680499 0.642838 0.507489 0.337094 0.247956 0.168256 0.075889 0.010282 0.001182 0.000000 0.000000 
0.000000 0.000133 0.009331 0.126154 0.193869 0.087135 0.017162 -0.050512 -0.158287 -0.157179 -0.096331 -0.059762 -0.031044 0.000946 0.032399 0.074610 0.203989 0.407364 0.620656 0.665200 0.621180 0.646558 0.677623 0.695420 0.717889 0.666740 0.526344 0.368703 0.303990 0.231790 0.130359 0.036170 0.001419 0.000212 0.000000 
0.000000 0.000314 0.034892 0.177692 0.185919 0.101634 0.059645 0.021024 -0.088693 -0.114212 -0.061274 -0.011543 0.015734 0.020768 0.002147 0.021164 0.186553 0.390432 0.589238 0.709043 0.689335 0.682202 0.702096 0.720564 0.736374 0.658646 0.508887 0.379962 0.337782 0.277385 0.176615 0.066848 0.003080 0.000537 0.000000 
0.000000 0.000453 0.055455 0.191880 0.198205 0.149154 0.111178 0.083099 0.001517 -0.067466 -0.040710 -0.008322 -0.057557 -0.132252 -0.165102 -0.079499 0.160176 0.389032 0.560463 0.704920 0.732221 0.762479 0.765501 0.756851 0.730721 0.618217 0.469186 0.387982 0.354655 0.301843 0.208703 0.092245 0.008696 0.000861 0.000000 
0.000000 0.000488 0.064312 0.216311 0.239170 0.202708 0.167652 0.141168 0.108413 0.012571 -0.066731 -0.161030 -0.236571 -0.217080 -0.140051 0.015308 0.260430 0.440088 0.562928 0.640191 0.670735 0.757790 0.862839 0.853971 0.707026 0.544489 0.426373 0.389463 0.357786 0.308474 0.221338 0.101780 0.011183 0.001051 0.000000 
0.000000 0.000454 0.059572 0.235699 0.288830 0.258662 0.227541 0.201842 0.178138 0.087057 -0.159931 -0.316690 -0.270967 -0.126032 -0.048272 0.062917 0.295213 0.460671 0.563157 0.570603 0.527075 0.608781 0.794991 0.869464 0.713686 0.489853 0.408845 0.380350 0.348981 0.301718 0.214965 0.094718 0.007742 0.001022 0.000000 
0.000000 0.000275 0.039807 0.237037 0.338158 0.319393 0.289159 0.264331 0.225358 0.043891 -0.162481 -0.259193 -0.186634 -0.094301 -0.040272 0.063442 0.287520 0.455868 0.538837 0.481937 0.432356 0.490638 0.578316 0.669138 0.671216 0.544575 0.399991 0.360879 0.328765 0.277719 0.187537 0.071027 0.001707 0.000839 0.000000 
0.000000 0.000149 0.019038 0.201031 0.369693 0.376587 0.352255 0.327741 0.212983 0.004048 -0.117261 -0.082896 -0.040093 -0.028660 -0.007675 0.052919 0.241165 0.422302 0.499804 0.397638 0.313572 0.322662 0.340318 0.438066 0.595386 0.587715 0.435176 0.331154 0.295637 0.239165 0.140533 0.037137 -0.004293 0.000571 0.000000 
0.000000 0.000078 0.005811 0.132331 0.352754 0.425039 0.412215 0.383802 0.197308 0.009986 -0.035759 0.042111 0.071889 0.082544 0.082226 0.087893 0.201956 0.356068 0.356721 0.201479 0.124330 0.151289 0.203045 0.300604 0.491061 0.572548 0.462303 0.296418 0.248380 0.182185 0.077991 0.005284 -0.005036 0.000302 0.000000 
0.000000 0.000021 0.001044 0.065446 0.259649 0.434803 0.463959 0.416808 0.208303 0.052339 0.054262 0.125568 0.143066 0.157583 0.164123 0.143766 0.161018 0.221579 0.144305 0.021509 0.024364 0.073517 0.132568 0.212535 0.382497 0.524097 0.455409 0.267883 0.181090 0.103559 0.019117 -0.010231 -0.000827 0.000099 0.000000 
0.000000 -0.000000 0.000756 0.022203 0.145228 0.334280 0.471780 0.443781 0.240175 0.107336 0.135663 0.191649 0.206300 0.217357 0.222142 0.199815 0.136168 0.041261 -0.067890 -0.094367 -0.049893 0.000125 0.058401 0.133104 0.283654 0.452011 0.407108 0.215861 0.094920 0.023579 -0.014651 -0.011444 0.000599 0.000000 0.000000 
0.000000 0.000000 0.000379 0.004196 0.059891 0.192600 0.345854 0.403770 0.263591 0.152178 0.189254 0.240553 0.252580 0.257019 0.241645 0.180005 0.031947 -0.147927 -0.238267 -0.209949 -0.145807 -0.087654 -0.026653 0.048114 0.194460 0.367808 0.325631 0.126327 0.008833 -0.022735 -0.019019 -0.002386 0.000271 0.000000 0.000000 
0.000000 0.000000 0.000116 0.000973 0.013993 0.079831 0.192456 0.256317 0.150911 0.086812 0.149960 0.212474 0.216230 0.190060 0.125095 0.022495 -0.108374 -0.244748 -0.307237 -0.290182 -0.246118 -0.192071 -0.127681 -0.049860 0.108702 0.272863 0.226427 0.044107 -0.031954 -0.023452 -0.006164 0.000675 0.000042 0.000000 0.000000 
0.000000 0.000000 0.000000 0.000375 0.001556 0.018028 0.071945 0.123078 0.021347 -0.067648 -0.033939 0.037820 0.038270 0.010814 -0.052111 -0.133176 -0.212153 -0.269911 -0.298552 -0.301580 -0.286111 -0.250229 -0.194550 -0.113424 0.078555 0.221299 0.163621 0.007858 -0.020653 -0.005443 0.001134 0.000281 0.000000 0.000000 0.000000 
0.000000 0.000000 0.000000 0.000092 0.000554 0.001410 0.009784 0.029485 -0.055860 -0.190971 -0.213673 -0.139705 -0.133902 -0.153952 -0.195120 -0.242942 -0.273841 -0.272863 -0.267068 -0.269491 -0.263384 -0.236596 -0.184075 -0.087119 0.137295 0.227907 0.133415 0.010567 0.001118 0.002143 0.000633 0.000049 0.000000 0.000000 0.000000 
0.000000 0.000000 0.000000 0.000000 0.000129 0.000450 0.000442 -0.001197 -0.058469 -0.228914 -0.337355 -0.305505 -0.270357 -0.276433 -0.287310 -0.285593 -0.281283 -0.274328 -0.263210 -0.245592 -0.217747 -0.180009 -0.114224 0.053034 0.238758 0.237523 0.093750 0.009761 0.003718 0.001216 0.000171 0.000000 0.000000 0.000000 0.000000 
0.000000 0.000000 0.000000 0.000000 0.000000 0.000111 0.000121 -0.000779 -0.016845 -0.130154 -0.303932 -0.367245 -0.317817 -0.302060 -0.294825 -0.288895 -0.281675 -0.272082 -0.256783 -0.233007 -0.195822 -0.136028 -0.013666 0.197526 0.270053 0.163811 0.034384 0.005444 0.001991 0.000401 0.000000 0.000000 0.000000 0.000000 0.000000 
0.000000 0.000000 0.000000 0.000000 0.000000 0.000000 0.000054 -0.000286 -0.001973 -0.034434 -0.152772 -0.299703 -0.344683 -0.305987 -0.292501 -0.284719 -0.274794 -0.260568 -0.238407 -0.203608 -0.146361 -0.030202 0.165767 0.262945 0.189773 0.060967 0.007238 0.002740 0.000618 0.000000 0.000000 0.000000 0.000000 0.000000 0.000000 
0.000000 0.000000 0.000000 0.000000 0.000000 0.000000 0.000000 -0.000046 -0.000444 -0.002365 -0.033892 -0.128679 -0.232467 -0.284049 -0.273114 -0.257128 -0.240444 -0.216981 -0.178223 -0.105884 0.022159 0.177189 0.238017 0.174587 0.062367 0.007851 0.003033 0.000706 0.000000 0.000000 0.000000 0.000000 0.000000 0.000000 0.000000 
0.000000 0.000000 0.000000 0.000000 0.000000 0.000000 0.000000 0.000000 0.000023 -0.000301 -0.001428 -0.013404 -0.063118 -0.123524 -0.149032 -0.129193 -0.093930 -0.048052 0.018610 0.107183 0.180972 0.182501 0.113692 0.033006 0.005931 0.002510 0.000500 0.000000 0.000000 0.000000 0.000000 0.000000 0.000000 0.000000 0.000000 
0.000000 0.000000 0.000000 0.000000 0.000000 0.000000 0.000000 0.000000 0.000000 0.000000 -0.000002 -0.000323 -0.001031 -0.005931 -0.017739 -0.016761 0.007476 0.046859 0.079706 0.087685 0.062482 0.022480 0.006361 0.003267 0.001297 0.000000 0.000000 0.000000 0.000000 0.000000 0.000000 0.000000 0.000000 0.000000 0.000000 
0.000000 0.000000 0.000000 0.000000 0.000000 0.000000 0.000000 0.000000 0.000000 0.000000 0.000000 0.000000 0.000097 0.000194 0.000401 0.000909 0.001747 0.002720 0.003371 0.003377 0.002793 0.001858 0.000827 0.000000 0.000000 0.000000 0.000000 0.000000 0.000000 0.000000 0.000000 0.000000 0.000000 0.000000 0.000000 
