0.000000 0.000000 0.000000 0.000000 0.000000 0.000000 0.000000 0.000000 0.000000 0.000000 0.000000 0.000000 0.000000 0.000000 0.000000 0.000000 0.000030 -0.000010 0.000104 0.000000 0.000000 0.000000 0.000000 0.000000 0.000000 0.000000 0.000000 0.000000 0.000000 0.000000 0.000000 0.000000 0.000000 0.000000 0.000000 
0.000000 0.000000 0.000000 0.000000 0.000000 0.000000 0.000000 0.000000 0.000000 0.000000 0.000000 0.000000 -0.000673 -0.001193 -0.001383 -0.001186 -0.000571 0.000222 0.000723 0.000838 0.000664 0.000392 0.000124 0.000000 0.000000 0.000000 0.000000 0.000000 0.000000 0.000000 0.000000 0.000000 0.000000 0.000000 0.000000 
0.000000 0.000000 0.000000 0.000000 0.000000 0.000000 0.000000 0.000000 0.000000 -0.000057 -0.001305 -0.002627 -0.004023 -0.008048 -0.003830 0.025386 0.070833 0.109860 0.120576 0.098799 0.055036 0.014922 0.002158 0.000738 0.000203 -0.000020 0.000000 0.000000 0.000000 0.000000 0.000000 0.000000 0.000000 0.000000 0.000000 
0.000000 0.000000 0.000000 0.000000 0.000000 0.000000 0.000000 0.000000 -0.000763 -0.002705 -0.005041 -0.016800 -0.020944 0.024332 0.124778 0.250014 0.355754 0.419313 0.443250 0.420466 0.345133 0.226504 0.104057 0.022124 0.001662 0.000413 0.000015 0.000000 0.000000 0.000000 0.000000 0.000000 0.000000 0.000000 0.000000 
0.000000 0.000000 0.000000 0.000000 0.000000 0.000000 0.000000 -0.001358 -0.004288 -0.008634 -0.030829 -0.033436 0.042282 0.194818 0.353159 0.444190 0.490822 0.524534 0.559368 0.591945 0.601093 0.532427 0.366047 0.179741 0.046699 0.002718 0.000493 0.000053 0.000000 0.000000 0.000000 0.000000 0.000000 0.000000 0.000000 
0.000000 0.000000 0.000000 0.000000 0.000000 0.000000 -0.001948 -0.005933 -0.011442 -0.038751 -0.053944 0.020933 0.183424 0.334684 0.392366 0.421373 0.449774 0.476776 0.511514 0.548057 0.588362 0.622123 0.583858 0.421196 0.197619 0.044822 0.001750 0.000146 -0.000113 0.000000 0.000000 0.000000 0.000000 0.000000 0.000000 
0.000000 0.000000 0.000000 0.000000 0.000000 -0.002357 -0.007339 -0.014109 -0.035987 -0.074755 -0.031295 0.116225 0.277799 0.330132 0.354262 0.377018 0.400833 0.428753 0.460805 0.497912 0.539891 0.586245 0.626026 0.571234 0.389224 0.155179 0.020590 -0.000132 -0.000625 -0.000331 0.000000 0.000000 0.000000 0.000000 0.000000 
0.000000 0.000000 0.000000 0.000000 -0.002219 -0.007840 -0.016073 -0.033206 -0.120727 -0.200650 -0.160951 -0.029003 0.067912 0.163381 0.283051 0.332721 0.357599 0.385236 0.417287 0.454630 0.491980 0.524839 0.561919 0.582262 0.475940 0.268639 0.066474 -0.001419 -0.002166 -0.001501 -0.000479 0.000000 0.000000 0.000000 0.000000 
0.000000 0.000000 0.000000 -0.001351 -0.007112 -0.017300 -0.087314 -0.261788 -0.505175 -0.613185 -0.543810 -0.421014 -0.386140 -0.322969 -0.199268 0.006436 0.258870 0.343723 0.375858 0.384989 0.396933 0.422586 0.463261 0.509369 0.469183 0.297272 0.077935 -0.038610 -0.020718 -0.004302 -0.002165 -0.000526 0.000000 0.000000 0.000000 
0.000000 0.000000 -0.000178 -0.005039 -0.016563 -0.139227 -0.391094 -0.678020 -0.835905 -0.802297 -0.654795 -0.560021 -0.553619 -0.549416 -0.525096 -0.431011 -0.202133 0.150044 0.295146 0.309374 0.337961 0.373771 0.424393 0.475827 0.483232 0.337863 0.109404 -0.075462 -0.086500 -0.038792 -0.005789 -0.002128 -0.000009 0.000000 0.000000 
0.000000 0.000000 -0.002261 -0.010242 -0.131911 -0.431639 -0.734621 -0.859332 -0.868578 -0.739016 -0.545357 -0.472356 -0.473167 -0.503844 -0.556130 -0.603688 -0.558672 -0.332264 0.087251 0.285985 0.339211 0.388844 0.443028 0.497754 0.530586 0.404805 0.176291 -0.047548 -0.117047 -0.100858 -0.042039 -0.004791 -0.001266 0.000000 0.000000 
0.000000 0.000000 -0.004663 -0.063754 -0.368219 -0.725024 -0.828636 -0.827112 -0.798841 -0.671939 -0.488769 -0.428133 -0.416766 -0.422180 -0.451093 -0.530448 -0.652132 -0.649189 -0.282265 0.201673 0.343991 0.388431 0.440089 0.496262 0.539064 0.435785 0.231478 0.012329 -0.083037 -0.113912 -0.096941 -0.025497 -0.002942 0.000000 0.000000 
0.000000 -0.000936 -0.008176 -0.217711 -0.598386 -0.826383 -0.812734 -0.821069 -0.801686 -0.675916 -0.489480 -0.422956 -0.411694 -0.416460 -0.433392 -0.467369 -0.555506 -0.684399 -0.601610 -0.060498 0.317210 0.379719 0.435059 0.493412 0.532675 0.423857 0.220055 0.026104 -0.031596 -0.067137 -0.112097 -0.072565 -0.005559 -0.000835 0.000000 
0.000000 -0.001707 -0.034956 -0.372176 -0.765201 -0.849392 -0.836199 -0.818578 -0.804962 -0.690929 -0.507377 -0.418945 -0.406757 -0.411590 -0.427857 -0.447193 -0.504267 -0.602487 -0.727505 -0.367225 0.226040 0.374240 0.434629 0.495178 0.518284 0.388496 0.183109 0.003736 -0.020841 -0.017537 -0.071051 -0.100632 -0.019087 -0.001783 0.000000 
0.000000 -0.001877 -0.096668 -0.477495 -0.851918 -0.885604 -0.848938 -0.814659 -0.810987 -0.724964 -0.550631 -0.423112 -0.406075 -0.424823 -0.464867 -0.531263 -0.679180 -0.802502 -0.937046 -0.775987 -0.031091 0.328517 0.431497 0.499219 0.486364 0.328138 0.124939 -0.022093 -0.018670 -0.002854 -0.015489 -0.093409 -0.047924 -0.002616 0.000000 
0.000000 -0.001376 -0.135848 -0.547539 -0.911928 -0.905728 -0.863067 -0.821707 -0.810397 -0.762708 -0.622603 -0.464707 -0.440504 -0.490176 -0.544058 -0.618000 -0.784412 -0.931154 -1.068732 -1.114492 -0.488444 0.065358 0.282454 0.447884 0.417858 0.233894 0.047540 -0.027162 -0.014807 0.002427 0.016337 -0.061374 -0.065828 -0.003186 0.000000 
0.000319 -0.000215 -0.129682 -0.596549 -0.945162 -0.923290 -0.878082 -0.835316 -0.803681 -0.793022 -0.716956 -0.550897 -0.451172 -0.481571 -0.483902 -0.572039 -0.749965 -0.889183 -1.019475 -1.112663 -0.643663 -0.141992 0.017792 0.188420 0.221122 0.109719 -0.024536 -0.024520 -0.009919 0.009382 0.030133 -0.028434 -0.065739 -0.003349 -0.000229 
0.000177 0.001267 -0.082174 -0.594399 -0.962010 -0.940619 -0.896176 -0.852492 -0.814751 -0.801779 -0.754854 -0.633052 -0.508396 -0.485840 -0.472444 -0.544768 -0.722097 -0.858895 -0.975473 -1.017890 -0.592946 -0.149560 -0.168687 -0.166914 -0.145499 -0.085373 -0.039721 -0.019721 -0.001726 0.019160 0.041502 -0.005068 -0.052354 -0.002985 -0.000104 
0.000204 0.002349 -0.020367 -0.518585 -0.966983 -0.956178 -0.914310 -0.873031 -0.836170 -0.775249 -0.721100 -0.706376 -0.678973 -0.628139 -0.528325 -0.530376 -0.699352 -0.819910 -0.932607 -0.891100 -0.478130 -0.189637 -0.360666 -0.517589 -0.480288 -0.288423 -0.060990 -0.011777 0.008573 0.032179 0.055376 0.006762 -0.032985 -0.002332 -0.000178 
0.000000 0.002601 0.022954 -0.361076 -0.927552 -0.966952 -0.933538 -0.894365 -0.833060 -0.738756 -0.691467 -0.752140 -0.837840 -0.858459 -0.760325 -0.671445 -0.771995 -0.861476 -0.967323 -0.847901 -0.494124 -0.419918 -0.605185 -0.729712 -0.647511 -0.421812 -0.157382 -0.000614 0.024323 0.049557 0.069396 0.011351 -0.018219 -0.001652 0.000000 
0.000000 0.002179 0.030978 -0.157200 -0.765867 -0.965837 -0.947524 -0.911496 -0.811976 -0.711693 -0.695951 -0.792607 -0.902412 -0.998050 -1.033936 -0.958069 -1.011468 -1.127528 -1.150614 -0.950180 -0.627295 -0.622602 -0.701990 -0.753958 -0.712082 -0.508590 -0.243934 0.006231 0.044376 0.070558 0.075895 0.015713 -0.009850 -0.001083 0.000000 
0.000000 0.001426 0.013920 -0.018861 -0.448013 -0.880109 -0.949446 -0.910068 -0.793103 -0.695472 -0.717228 -0.829960 -0.936357 -1.033772 -1.113568 -1.113488 -1.147581 -1.240763 -1.124537 -0.823325 -0.606831 -0.622669 -0.677941 -0.729822 -0.729906 -0.553803 -0.292080 -0.011409 0.070348 0.089465 0.072810 0.009738 -0.004817 -0.000657 0.000000 
0.000000 0.000610 0.003912 0.025448 -0.150723 -0.572551 -0.873487 -0.891411 -0.777237 -0.691213 -0.736310 -0.853897 -0.958144 -1.053413 -1.139792 -1.181822 -1.139544 -1.020571 -0.807229 -0.605824 -0.535058 -0.586469 -0.643275 -0.697124 -0.714740 -0.554383 -0.299687 -0.012347 0.096059 0.099329 0.044661 -0.002332 -0.002105 -0.000306 0.000000 
0.000000 0.000000 0.001963 0.013639 -0.010443 -0.242257 -0.544526 -0.733217 -0.741339 -0.678326 -0.739800 -0.862432 -0.965354 -1.056624 -1.126355 -1.133263 -0.996038 -0.741436 -0.537831 -0.448332 -0.480892 -0.545016 -0.604131 -0.659281 -0.678523 -0.523356 -0.271307 0.013676 0.108139 0.067946 0.009768 -0.005883 -0.001273 0.000000 0.000000 
0.000000 0.000000 0.000770 0.002828 0.012131 -0.042437 -0.236777 -0.397654 -0.449533 -0.491573 -0.618923 -0.776239 -0.872306 -0.921184 -0.912973 -0.850149 -0.734210 -0.581650 -0.447728 -0.401862 -0.436726 -0.490721 -0.551543 -0.608525 -0.616031 -0.460087 -0.223711 0.025072 0.064378 0.014041 -0.006706 -0.002503 -0.000634 0.000000 0.000000 
0.000000 0.000000 0.000053 0.001278 0.002900 0.004740 -0.042465 -0.144363 -0.169369 -0.188178 -0.288679 -0.457426 -0.557642 -0.608202 -0.613780 -0.584471 -0.539227 -0.488644 -0.460338 -0.470435 -0.488473 -0.523972 -0.568681 -0.619235 -0.595868 -0.440092 -0.215949 -0.008933 0.003766 -0.008284 -0.003629 -0.001453 -0.000060 0.000000 0.000000 
0.000000 0.000000 0.000000 0.000281 0.001295 0.002275 0.002647 -0.007273 0.016917 0.029937 -0.025679 -0.189198 -0.301198 -0.368712 -0.400444 -0.405694 -0.404322 -0.442267 -0.494655 -0.535997 -0.569700 -0.607793 -0.649841 -0.688868 -0.608209 -0.432417 -0.191937 -0.030655 -0.010980 -0.004442 -0.001975 -0.000413 0.000000 0.000000 0.000000 
0.000000 0.000000 0.000000 0.000000 0.000308 0.001187 0.002290 0.005220 0.059780 0.143302 0.157694 0.047625 -0.099599 -0.185108 -0.249452 -0.315804 -0.379527 -0.439032 -0.495377 -0.549917 -0.605629 -0.659150 -0.706365 -0.695359 -0.561912 -0.343801 -0.106399 -0.013098 -0.005446 -0.002406 -0.000648 0.000000 0.000000 0.000000 0.000000 
0.000000 0.000000 0.000000 0.000000 0.000000 0.000358 0.001297 0.003014 0.021996 0.105171 0.172974 0.144652 -0.002820 -0.130155 -0.223120 -0.302438 -0.372457 -0.435345 -0.494091 -0.550445 -0.604505 -0.652651 -0.669786 -0.578951 -0.402147 -0.170794 -0.033512 -0.006418 -0.002784 -0.000778 0.000000 0.000000 0.000000 0.000000 0.000000 
0.000000 0.000000 0.000000 0.000000 0.000000 0.000000 0.000381 0.001553 0.004153 0.039826 0.121890 0.160500 0.092225 -0.065783 -0.191291 -0.279521 -0.354936 -0.423185 -0.483996 -0.539833 -0.589807 -0.604472 -0.535438 -0.383947 -0.186574 -0.053400 -0.007027 -0.002909 -0.000824 0.000000 0.000000 0.000000 0.000000 0.000000 0.000000 
0.000000 0.000000 0.000000 0.000000 0.000000 0.000000 0.000000 0.000393 0.001705 0.004919 0.040619 0.111321 0.143376 0.072606 -0.078948 -0.219306 -0.316583 -0.390347 -0.451860 -0.492969 -0.484253 -0.407698 -0.275053 -0.146609 -0.048580 -0.006737 -0.002696 -0.000686 0.000000 0.000000 0.000000 0.000000 0.000000 0.000000 0.000000 
0.000000 0.000000 0.000000 0.000000 0.000000 0.000000 0.000000 0.000000 0.000316 0.001521 0.003754 0.021909 0.072656 0.112905 0.097429 0.017597 -0.077922 -0.156818 -0.199625 -0.203379 -0.176977 -0.131765 -0.073975 -0.022356 -0.004467 -0.002021 -0.000526 0.000000 0.000000 0.000000 0.000000 0.000000 0.000000 0.000000 0.000000 
0.000000 0.000000 0.000000 0.000000 0.000000 0.000000 0.000000 0.000000 0.000000 -0.000064 0.000845 0.002167 0.004397 0.015631 0.042112 0.059615 0.053983 0.027063 -0.004621 -0.022213 -0.022360 -0.010667 -0.003798 -0.002268 -0.001053 0.000034 0.000000 0.000000 0.000000 0.000000 0.000000 0.000000 0.000000 0.000000 0.000000 
0.000000 0.000000 0.000000 0.000000 0.000000 0.000000 0.000000 0.000000 0.000000 0.000000 0.000000 0.000000 0.000600 0.001286 0.001903 0.002247 0.002106 0.001339 0.000269 -0.000599 -0.001006 -0.000949 -0.000532 0.000000 0.000000 0.000000 0.000000 0.000000 0.000000 0.000000 0.000000 0.000000 0.000000 0.000000 0.000000 
0.000000 0.000000 0.000000 0.000000 0.000000 0.000000 0.000000 0.000000 0.000000 0.000000 0.000000 0.000000 0.000000 0.000000 0.000000 0.000000 0.000257 0.000055 0.000107 0.000000 0.000000 0.000000 0.000000 0.000000 0.000000 0.000000 0.000000 0.000000 0.000000 0.000000 0.000000 0.000000 0.000000 0.000000 0.000000 
