-0.000000 -0.000000 -0.000000 -0.000000 -0.000000 -0.000000 -0.000000 -0.000000 -0.000000 -0.000000 -0.000000 -0.000000 -0.000000 -0.000000 -0.000000 -0.000000 -0.000000 -0.000000 -0.000000 -0.000000 -0.000000 -0.000000 -0.000000 -0.000000 -0.000000 -0.000000 -0.000000 -0.000000 -0.000000 -0.000000 -0.000000 -0.000000 -0.000000 -0.000000 -0.000000 
-0.000000 -0.000000 -0.000000 -0.000000 -0.000000 -0.000000 -0.000000 -0.000000 -0.000000 -0.000000 -0.000000 -0.000000 -0.000067 -0.000204 -0.000409 -0.000675 -0.000962 -0.001176 -0.001233 -0.001114 -0.000873 -0.000576 -0.000264 -0.000000 -0.000000 -0.000000 -0.000000 -0.000000 -0.000000 -0.000000 -0.000000 -0.000000 -0.000000 -0.000000 -0.000000 
-0.000000 -0.000000 -0.000000 -0.000000 -0.000000 -0.000000 -0.000000 -0.000000 -0.000000 -0.000000 -0.000051 -0.000209 -0.000600 -0.003025 -0.011868 -0.025393 -0.039211 -0.048371 -0.047449 -0.037557 -0.022020 -0.007341 -0.002117 -0.001128 -0.000484 -0.000000 -0.000000 -0.000000 -0.000000 -0.000000 -0.000000 -0.000000 -0.000000 -0.000000 -0.000000 
-0.000000 -0.000000 -0.000000 -0.000000 -0.000000 -0.000000 -0.000000 -0.000000 0.000011 -0.000045 -0.000276 -0.002978 -0.015866 -0.040997 -0.076141 -0.115120 -0.144582 -0.160818 -0.162765 -0.149372 -0.119064 -0.079710 -0.040089 -0.010989 -0.002177 -0.001020 -0.000246 -0.000000 -0.000000 -0.000000 -0.000000 -0.000000 -0.000000 -0.000000 -0.000000 
-0.000000 -0.000000 -0.000000 -0.000000 -0.000000 -0.000000 -0.000000 0.000032 0.000014 -0.000229 -0.004975 -0.023117 -0.057776 -0.107950 -0.157690 -0.189118 -0.206176 -0.217154 -0.225858 -0.229757 -0.219307 -0.182150 -0.123808 -0.066083 -0.021503 -0.003139 -0.001391 -0.000378 -0.000000 -0.000000 -0.000000 -0.000000 -0.000000 -0.000000 -0.000000 
-0.000000 -0.000000 -0.000000 -0.000000 -0.000000 -0.000000 0.000056 0.000104 -0.000011 -0.003632 -0.020981 -0.057912 -0.108377 -0.157014 -0.179816 -0.190881 -0.199877 -0.208473 -0.217590 -0.227268 -0.236648 -0.236391 -0.203479 -0.144529 -0.073913 -0.022130 -0.003476 -0.001592 -0.000468 -0.000000 -0.000000 -0.000000 -0.000000 -0.000000 -0.000000 
-0.000000 -0.000000 -0.000000 -0.000000 -0.000000 0.000066 0.000192 0.000237 -0.000947 -0.012876 -0.044374 -0.090612 -0.141521 -0.164088 -0.174554 -0.182425 -0.189704 -0.197373 -0.206392 -0.216587 -0.227987 -0.239144 -0.240374 -0.201261 -0.138718 -0.064015 -0.014395 -0.003610 -0.001711 -0.000478 -0.000000 -0.000000 -0.000000 -0.000000 -0.000000 
-0.000000 -0.000000 -0.000000 -0.000000 0.000061 0.000250 0.000444 0.000572 -0.002975 -0.023097 -0.060824 -0.111085 -0.144637 -0.158040 -0.167532 -0.174282 -0.180609 -0.187965 -0.196957 -0.207994 -0.223521 -0.250976 -0.274247 -0.266601 -0.211747 -0.132759 -0.047600 -0.008126 -0.003814 -0.001738 -0.000407 -0.000000 -0.000000 -0.000000 -0.000000 
-0.000000 -0.000000 -0.000000 0.000049 0.000271 0.000615 0.002512 0.006569 0.001831 -0.022434 -0.063185 -0.111798 -0.129997 -0.142160 -0.153004 -0.163689 -0.173834 -0.182237 -0.199013 -0.247594 -0.299709 -0.342391 -0.371646 -0.385336 -0.341942 -0.263233 -0.152433 -0.057389 -0.017775 -0.004101 -0.001647 -0.000284 -0.000000 -0.000000 -0.000000 
-0.000000 -0.000000 -0.000000 0.000234 0.000686 0.004853 0.013197 0.020558 0.013397 -0.013855 -0.057806 -0.097003 -0.111590 -0.122945 -0.134094 -0.146891 -0.162828 -0.201571 -0.277410 -0.349529 -0.409017 -0.454756 -0.484595 -0.501750 -0.476858 -0.403748 -0.299284 -0.176369 -0.090155 -0.030600 -0.004065 -0.001299 -0.000000 -0.000000 -0.000000 
-0.000000 -0.000000 0.000141 0.000556 0.005280 0.017321 0.029858 0.037386 0.027224 -0.002233 -0.048425 -0.080836 -0.093970 -0.104499 -0.115477 -0.129813 -0.174071 -0.280788 -0.389717 -0.471113 -0.531284 -0.573863 -0.601462 -0.617500 -0.603363 -0.532154 -0.432584 -0.309772 -0.212799 -0.112157 -0.031740 -0.003014 -0.000674 -0.000000 -0.000000 
-0.000000 -0.000000 0.000362 0.002953 0.017450 0.034906 0.047304 0.052863 0.038944 0.004808 -0.044518 -0.075134 -0.087435 -0.095688 -0.103429 -0.129800 -0.236693 -0.387918 -0.514269 -0.588809 -0.621568 -0.635316 -0.646113 -0.658463 -0.654555 -0.603555 -0.536185 -0.430365 -0.338960 -0.237543 -0.106900 -0.016636 -0.001702 -0.000000 -0.000000 
-0.000000 0.000106 0.000738 0.011785 0.033841 0.051961 0.060178 0.058380 0.040528 0.005958 -0.043797 -0.076104 -0.089098 -0.097839 -0.106628 -0.174122 -0.341895 -0.500705 -0.595039 -0.630655 -0.635306 -0.638407 -0.646269 -0.657536 -0.652264 -0.602030 -0.542402 -0.477624 -0.441991 -0.364398 -0.215279 -0.067512 -0.003463 -0.000438 -0.000000 
-0.000000 0.000253 0.002583 0.025174 0.050876 0.062614 0.062081 0.058727 0.042248 0.009059 -0.039789 -0.078082 -0.093016 -0.103119 -0.126850 -0.262528 -0.465182 -0.575826 -0.606562 -0.626922 -0.634950 -0.636580 -0.643128 -0.653004 -0.638769 -0.586522 -0.527157 -0.467444 -0.465325 -0.455860 -0.340939 -0.146385 -0.012958 -0.001035 -0.000000 
-0.000000 0.000418 0.008045 0.038795 0.062150 0.064585 0.061687 0.058291 0.045217 0.015854 -0.030850 -0.077987 -0.098750 -0.115243 -0.177120 -0.400039 -0.611757 -0.663022 -0.656695 -0.663111 -0.659601 -0.646158 -0.642668 -0.646558 -0.616046 -0.558080 -0.498087 -0.449592 -0.464131 -0.481080 -0.438843 -0.233030 -0.041731 -0.001697 -0.000000 
-0.000000 0.000589 0.015121 0.051204 0.066422 0.064500 0.060874 0.057197 0.049216 0.025146 -0.016364 -0.073246 -0.120100 -0.164517 -0.298497 -0.576242 -0.770278 -0.779639 -0.765547 -0.769896 -0.764839 -0.725371 -0.685409 -0.645551 -0.585319 -0.522289 -0.461529 -0.439500 -0.459872 -0.482572 -0.485259 -0.315955 -0.078360 -0.002381 -0.000000 
-0.000000 0.000727 0.020648 0.057637 0.067376 0.064154 0.060141 0.056470 0.052633 0.036285 -0.002120 -0.073919 -0.162377 -0.240069 -0.413787 -0.698415 -0.842865 -0.834487 -0.821437 -0.837399 -0.854792 -0.832551 -0.774784 -0.676636 -0.561913 -0.477218 -0.425893 -0.434201 -0.456247 -0.481360 -0.499264 -0.364842 -0.107353 -0.002929 -0.000000 
-0.000000 0.000773 0.022627 0.059618 0.067592 0.064038 0.059871 0.056228 0.053103 0.043179 0.001713 -0.076116 -0.184510 -0.276418 -0.451493 -0.721098 -0.847248 -0.837559 -0.822167 -0.838375 -0.874393 -0.875106 -0.817588 -0.699647 -0.564047 -0.446570 -0.417658 -0.432398 -0.454784 -0.481017 -0.501763 -0.381374 -0.118798 -0.003117 -0.000000 
-0.000000 0.000727 0.020648 0.057637 0.067376 0.064154 0.060141 0.056470 0.052633 0.036285 -0.002120 -0.073919 -0.162377 -0.240069 -0.413787 -0.698415 -0.842865 -0.834487 -0.821437 -0.837399 -0.854792 -0.832551 -0.774784 -0.676636 -0.561913 -0.477218 -0.425893 -0.434201 -0.456247 -0.481360 -0.499264 -0.364842 -0.107353 -0.002929 -0.000000 
-0.000000 0.000589 0.015121 0.051204 0.066422 0.064500 0.060874 0.057197 0.049216 0.025146 -0.016364 -0.073246 -0.120100 -0.164517 -0.298497 -0.576242 -0.770278 -0.779639 -0.765547 -0.769896 -0.764839 -0.725371 -0.685409 -0.645551 -0.585319 -0.522289 -0.461529 -0.439500 -0.459872 -0.482572 -0.485259 -0.315955 -0.078360 -0.002381 -0.000000 
-0.000000 0.000418 0.008045 0.038795 0.062150 0.064585 0.061687 0.058291 0.045217 0.015854 -0.030850 -0.077987 -0.098750 -0.115243 -0.177120 -0.400039 -0.611757 -0.663022 -0.656695 -0.663111 -0.659601 -0.646158 -0.642668 -0.646558 -0.616046 -0.558080 -0.498087 -0.449592 -0.464131 -0.481080 -0.438843 -0.233030 -0.041731 -0.001697 -0.000000 
-0.000000 0.000253 0.002583 0.025174 0.050876 0.062614 0.062081 0.058727 0.042248 0.009059 -0.039789 -0.078082 -0.093016 -0.103119 -0.126850 -0.262528 -0.465182 -0.575826 -0.606562 -0.626922 -0.634950 -0.636580 -0.643128 -0.653004 -0.638769 -0.586522 -0.527157 -0.467444 -0.465325 -0.455860 -0.340939 -0.146385 -0.012958 -0.001035 -0.000000 
-0.000000 0.000106 0.000738 0.011785 0.033841 0.051961 0.060178 0.058380 0.040528 0.005958 -0.043797 -0.076104 -0.089098 -0.097839 -0.106628 -0.174122 -0.341895 -0.500705 -0.595039 -0.630655 -0.635306 -0.638407 -0.646269 -0.657536 -0.652264 -0.602030 -0.542402 -0.477624 -0.441991 -0.364398 -0.215279 -0.067512 -0.003463 -0.000438 -0.000000 
-0.000000 -0.000000 0.000362 0.002953 0.017450 0.034906 0.047304 0.052863 0.038944 0.004808 -0.044518 -0.075134 -0.087435 -0.095688 -0.103429 -0.129800 -0.236693 -0.387918 -0.514269 -0.588809 -0.621568 -0.635316 -0.646113 -0.658463 -0.654555 -0.603555 -0.536185 -0.430365 -0.338960 -0.237543 -0.106900 -0.016636 -0.001702 -0.000000 -0.000000 
-0.000000 -0.000000 0.000141 0.000556 0.005280 0.017321 0.029858 0.037386 0.027224 -0.002233 -0.048425 -0.080836 -0.093970 -0.104499 -0.115477 -0.129813 -0.174071 -0.280788 -0.389717 -0.471113 -0.531284 -0.573863 -0.601462 -0.617500 -0.603363 -0.532154 -0.432584 -0.309772 -0.212799 -0.112157 -0.031740 -0.003014 -0.000674 -0.000000 -0.000000 
-0.000000 -0.000000 -0.000000 0.000234 0.000686 0.004853 0.013197 0.020558 0.013397 -0.013855 -0.057806 -0.097003 -0.111590 -0.122945 -0.134094 -0.146891 -0.162828 -0.201571 -0.277410 -0.349529 -0.409017 -0.454756 -0.484595 -0.501750 -0.476858 -0.403748 -0.299284 -0.176369 -0.090155 -0.030600 -0.004065 -0.001299 -0.000000 -0.000000 -0.000000 
-0.000000 -0.000000 -0.000000 0.000049 0.000271 0.000615 0.002512 0.006569 0.001831 -0.022434 -0.063185 -0.111798 -0.129997 -0.142160 -0.153004 -0.163689 -0.173834 -0.182237 -0.199013 -0.247594 -0.299709 -0.342391 -0.371646 -0.385336 -0.341942 -0.263233 -0.152433 -0.057389 -0.017775 -0.004101 -0.001647 -0.000284 -0.000000 -0.000000 -0.000000 
-0.000000 -0.000000 -0.000000 -0.000000 0.000061 0.000250 0.000444 0.000572 -0.002975 -0.023097 -0.060824 -0.111085 -0.144637 -0.158040 -0.167532 -0.174282 -0.180609 -0.187965 -0.196957 -0.207994 -0.223521 -0.250976 -0.274247 -0.266601 -0.211747 -0.132759 -0.047600 -0.008126 -0.003814 -0.001738 -0.000407 -0.000000 -0.000000 -0.000000 -0.000000 
-0.000000 -0.000000 -0.000000 -0.000000 -0.000000 0.000066 0.000192 0.000237 -0.000947 -0.012876 -0.044374 -0.090612 -0.141521 -0.164088 -0.174554 -0.182425 -0.189704 -0.197373 -0.206392 -0.216587 -0.227987 -0.239144 -0.240374 -0.201261 -0.138718 -0.064015 -0.014395 -0.003610 -0.001711 -0.000478 -0.000000 -0.000000 -0.000000 -0.000000 -0.000000 
-0.000000 -0.000000 -0.000000 -0.000000 -0.000000 -0.000000 0.000056 0.000104 -0.000011 -0.003632 -0.020981 -0.057912 -0.108377 -0.157014 -0.179816 -0.190881 -0.199877 -0.208473 -0.217590 -0.227268 -0.236648 -0.236391 -0.203479 -0.144529 -0.073913 -0.022130 -0.003476 -0.001592 -0.000468 -0.000000 -0.000000 -0.000000 -0.000000 -0.000000 -0.000000 
-0.000000 -0.000000 -0.000000 -0.000000 -0.000000 -0.000000 -0.000000 0.000032 0.000014 -0.000229 -0.004975 -0.023117 -0.057776 -0.107950 -0.157690 -0.189118 -0.206176 -0.217154 -0.225858 -0.229757 -0.219307 -0.182150 -0.123808 -0.066083 -0.021503 -0.003139 -0.001391 -0.000378 -0.000000 -0.000000 -0.000000 -0.000000 -0.000000 -0.000000 -0.000000 
-0.000000 -0.000000 -0.000000 -0.000000 -0.000000 -0.000000 -0.000000 -0.000000 0.000011 -0.000045 -0.000276 -0.002978 -0.015866 -0.040997 -0.076141 -0.115120 -0.144582 -0.160818 -0.162765 -0.149372 -0.119064 -0.079710 -0.040089 -0.010989 -0.002177 -0.001020 -0.000246 -0.000000 -0.000000 -0.000000 -0.000000 -0.000000 -0.000000 -0.000000 -0.000000 
-0.000000 -0.000000 -0.000000 -0.000000 -0.000000 -0.000000 -0.000000 -0.000000 -0.000000 -0.000000 -0.000051 -0.000209 -0.000600 -0.003025 -0.011868 -0.025393 -0.039211 -0.048371 -0.047449 -0.037557 -0.022020 -0.007341 -0.002117 -0.001128 -0.000484 -0.000000 -0.000000 -0.000000 -0.000000 -0.000000 -0.000000 -0.000000 -0.000000 -0.000000 -0.000000 
-0.000000 -0.000000 -0.000000 -0.000000 -0.000000 -0.000000 -0.000000 -0.000000 -0.000000 -0.000000 -0.000000 -0.000000 -0.000067 -0.000204 -0.000409 -0.000675 -0.000962 -0.001176 -0.001233 -0.001114 -0.000873 -0.000576 -0.000264 -0.000000 -0.000000 -0.000000 -0.000000 -0.000000 -0.000000 -0.000000 -0.000000 -0.000000 -0.000000 -0.000000 -0.000000 
-0.000000 -0.000000 -0.000000 -0.000000 -0.000000 -0.000000 -0.000000 -0.000000 -0.000000 -0.000000 -0.000000 -0.000000 -0.000000 -0.000000 -0.000000 -0.000000 -0.000000 -0.000000 -0.000000 -0.000000 -0.000000 -0.000000 -0.000000 -0.000000 -0.000000 -0.000000 -0.000000 -0.000000 -0.000000 -0.000000 -0.000000 -0.000000 -0.000000 -0.000000 -0.000000 
