0.000000 0.000000 0.000000 0.000000 0.000000 0.000000 0.000000 0.000000 0.000000 0.000000 0.000000 0.000000 0.000000 0.000000 0.000000 0.000000 0.000000 0.000000 0.000000 0.000000 0.000000 0.000000 0.000000 0.000000 0.000000 0.000000 0.000000 0.000000 0.000000 0.000000 0.000000 0.000000 0.000000 0.000000 0.000000 
0.000000 0.000000 0.000000 0.000000 0.000000 0.000000 0.000000 0.000000 0.000000 0.000000 0.000000 0.000000 0.000000 0.000000 0.000000 0.000000 0.000000 0.000000 0.000000 0.000000 0.000000 0.000000 0.000000 0.000000 0.000000 0.000000 0.000000 0.000000 0.000000 0.000000 0.000000 0.000000 0.000000 0.000000 0.000000 
0.000000 0.000000 0.000000 0.000000 0.000000 0.000000 0.000000 0.000000 0.000000 0.000000 0.000000 0.000000 -0.001021 -0.002214 -0.003263 -0.004017 -0.004288 -0.003946 -0.003195 -0.002312 -0.001505 -0.000864 -0.000346 0.000000 0.000000 0.000000 0.000000 0.000000 0.000000 0.000000 0.000000 0.000000 0.000000 0.000000 0.000000 
0.000000 0.000000 0.000000 0.000000 0.000000 0.000000 0.000000 0.000000 0.000000 0.000000 -0.001778 -0.004130 -0.007443 -0.022003 -0.054442 -0.075856 -0.078434 -0.066033 -0.042865 -0.022682 -0.010951 -0.004894 -0.002246 -0.001240 -0.000558 0.000000 0.000000 0.000000 0.000000 0.000000 0.000000 0.000000 0.000000 0.000000 0.000000 
0.000000 0.000000 0.000000 0.000000 0.000000 0.000000 0.000000 0.000000 -0.000827 -0.003438 -0.007250 -0.032389 -0.092973 -0.133465 -0.130417 -0.094484 -0.049970 -0.017203 0.001912 0.012825 0.021700 0.015792 0.001528 -0.003780 -0.001667 -0.000882 -0.000258 0.000000 0.000000 0.000000 0.000000 0.000000 0.000000 0.000000 0.000000 
0.000000 0.000000 0.000000 0.000000 0.000000 0.000000 0.000000 -0.001095 -0.004049 -0.009126 -0.056804 -0.129710 -0.149247 -0.093572 0.004037 0.088457 0.142372 0.174542 0.189785 0.186342 0.161778 0.127512 0.077387 0.027261 -0.000148 -0.001801 -0.001033 -0.000332 0.000000 0.000000 0.000000 0.000000 0.000000 0.000000 0.000000 
0.000000 0.000000 0.000000 0.000000 0.000000 0.000000 -0.000966 -0.003576 -0.008242 -0.055739 -0.138144 -0.147705 -0.056378 0.053753 0.125999 0.170937 0.203681 0.230332 0.251706 0.266894 0.269350 0.248688 0.210251 0.130478 0.041979 0.001528 -0.001832 -0.001130 -0.000460 0.000000 0.000000 0.000000 0.000000 0.000000 0.000000 
0.000000 0.000000 0.000000 0.000000 0.000000 -0.000628 -0.002540 -0.006008 -0.033152 -0.124263 -0.151328 -0.064451 0.045163 0.111176 0.150264 0.181199 0.207385 0.232730 0.255823 0.278330 0.296151 0.305237 0.288836 0.245141 0.143674 0.037322 -0.000909 -0.001797 -0.001227 -0.000512 0.000000 0.000000 0.000000 0.000000 0.000000 
0.000000 0.000000 0.000000 0.000000 -0.000279 -0.001395 -0.003712 -0.008583 -0.072531 -0.131551 -0.066592 0.046354 0.115266 0.139797 0.153278 0.174833 0.199111 0.222996 0.247569 0.271968 0.292254 0.298265 0.302624 0.287028 0.221041 0.099744 0.009901 -0.002337 -0.001545 -0.001127 -0.000503 0.000000 0.000000 0.000000 0.000000 
0.000000 0.000000 0.000000 -0.000162 -0.000608 -0.001348 0.009434 0.024393 -0.034796 -0.029838 0.064834 0.156593 0.195937 0.218387 0.225622 0.210492 0.192378 0.208103 0.225307 0.221297 0.237041 0.269470 0.304166 0.320272 0.284615 0.168185 0.035757 -0.010767 -0.006293 -0.001053 -0.000837 -0.000314 0.000000 0.000000 0.000000 
0.000000 0.000000 0.000000 -0.000238 0.000245 0.028624 0.091265 0.094777 -0.005428 -0.005303 0.071991 0.125322 0.162694 0.203514 0.249878 0.276676 0.263003 0.196616 0.166738 0.206063 0.273684 0.344638 0.405735 0.439966 0.431684 0.321258 0.150054 0.026389 0.002094 -0.005166 -0.000372 -0.000539 0.000000 0.000000 0.000000 
0.000000 0.000000 -0.000090 0.000336 0.033015 0.121113 0.170342 0.074469 -0.085289 -0.117591 -0.069806 -0.042236 -0.006436 0.056623 0.147751 0.247844 0.288793 0.234007 0.208184 0.286505 0.386737 0.473426 0.538598 0.577326 0.586927 0.488769 0.310703 0.147493 0.073207 0.027059 -0.001361 0.000233 -0.000271 0.000000 0.000000 
0.000000 0.000000 0.000117 0.016925 0.121385 0.195076 0.134916 -0.051583 -0.228323 -0.217273 -0.138049 -0.106148 -0.077315 -0.041295 0.012744 0.094980 0.175816 0.297090 0.369988 0.416133 0.506436 0.578241 0.630266 0.664562 0.680706 0.587712 0.420692 0.265584 0.189499 0.114134 0.037088 0.001061 0.000260 0.000000 0.000000 
0.000000 -0.000000 0.001115 0.078951 0.205443 0.171166 0.027994 -0.104495 -0.213645 -0.191453 -0.109743 -0.078042 -0.052462 -0.022706 0.011006 0.013810 0.079482 0.331284 0.537624 0.556959 0.575693 0.630003 0.677398 0.711485 0.730922 0.633432 0.464004 0.316971 0.268862 0.214661 0.125495 0.022973 0.001748 0.000000 0.000000 
0.000000 0.000190 0.011565 0.155594 0.229849 0.105870 0.025547 -0.050961 -0.170292 -0.158792 -0.072576 -0.034801 -0.012015 0.013803 0.030181 0.002822 0.115428 0.385855 0.621711 0.651148 0.621744 0.663816 0.709565 0.743951 0.758767 0.646469 0.476375 0.341715 0.301435 0.267242 0.210413 0.086448 0.004928 0.000476 0.000000 
0.000000 0.000514 0.046962 0.224905 0.215357 0.112288 0.064190 0.019435 -0.099724 -0.116650 -0.040689 0.015118 0.029951 0.012589 -0.062252 -0.159225 0.024335 0.290650 0.520886 0.629048 0.637123 0.676655 0.729669 0.769187 0.759455 0.624017 0.454954 0.351056 0.322535 0.288095 0.252426 0.162770 0.020562 0.001334 0.000000 
0.000000 0.000870 0.080387 0.245126 0.217159 0.158412 0.113155 0.079828 -0.010754 -0.074527 -0.025201 0.008665 -0.085703 -0.201177 -0.303950 -0.281149 0.054082 0.345494 0.538457 0.639900 0.623869 0.686713 0.742086 0.784063 0.727805 0.568403 0.416839 0.354976 0.332043 0.300188 0.260764 0.218729 0.052167 0.002365 0.000000 
0.000000 0.001110 0.098726 0.268822 0.254839 0.210799 0.168708 0.135869 0.095803 0.000712 -0.082068 -0.182923 -0.267404 -0.242070 -0.200105 -0.071378 0.277113 0.506563 0.663754 0.727644 0.688811 0.748228 0.830557 0.805102 0.644945 0.486527 0.381375 0.352889 0.331522 0.300433 0.258860 0.237514 0.076638 0.003181 0.000000 
0.000000 0.001152 0.096894 0.287644 0.305641 0.267266 0.228722 0.195916 0.165118 0.046760 -0.222374 -0.346401 -0.237110 -0.053283 -0.059456 0.003905 0.334717 0.545739 0.684313 0.691930 0.616587 0.723799 0.835084 0.789655 0.584375 0.408083 0.365512 0.342922 0.321918 0.293223 0.249754 0.232868 0.080776 0.003379 0.000000 
0.000000 0.000898 0.072266 0.291675 0.358810 0.330761 0.291883 0.259443 0.204676 -0.026250 -0.239146 -0.285097 -0.127615 0.014480 0.005681 0.051526 0.369035 0.583016 0.704495 0.644159 0.556439 0.614846 0.635887 0.616258 0.547807 0.428331 0.346922 0.324717 0.304168 0.272956 0.230042 0.208888 0.065207 0.002971 0.000000 
0.000000 0.000571 0.040259 0.255565 0.397670 0.392550 0.358516 0.325486 0.169263 -0.070902 -0.174356 -0.101606 -0.023807 0.022609 0.033921 0.064665 0.368817 0.609935 0.711543 0.546014 0.385663 0.367089 0.361335 0.429581 0.519867 0.470012 0.351380 0.299164 0.277309 0.244215 0.201617 0.164908 0.035466 0.002079 0.000000 
0.000000 0.000290 0.014507 0.177669 0.391774 0.448396 0.424857 0.383531 0.143520 -0.053702 -0.069332 0.039332 0.071290 0.080804 0.054547 -0.001767 0.195940 0.434857 0.444571 0.212213 0.108837 0.152181 0.215803 0.319787 0.459985 0.476669 0.365614 0.268831 0.241230 0.205598 0.163384 0.099331 0.009071 0.001111 0.000000 
0.000000 0.000076 0.002323 0.091631 0.300267 0.470690 0.486130 0.416229 0.157336 0.006968 0.040638 0.131017 0.145265 0.155660 0.145970 0.052842 0.078394 0.230339 0.151297 -0.011677 0.008993 0.075995 0.147680 0.241554 0.385997 0.460067 0.366478 0.240765 0.192320 0.156164 0.103808 0.036793 0.001728 0.000363 0.000000 
0.000000 -0.000000 0.000579 0.028846 0.172641 0.371702 0.508338 0.451158 0.203339 0.082429 0.140090 0.205417 0.216196 0.223606 0.225405 0.157076 0.049207 -0.018147 -0.113148 -0.128520 -0.053734 0.008366 0.080914 0.171110 0.313337 0.418132 0.337563 0.202511 0.136411 0.080970 0.033349 -0.003469 0.001142 0.000000 0.000000 
0.000000 0.000000 0.000087 0.003114 0.067007 0.210485 0.378444 0.424951 0.245271 0.147565 0.210848 0.266568 0.274955 0.276587 0.260166 0.178644 -0.052335 -0.282592 -0.349009 -0.253202 -0.148107 -0.070886 0.006564 0.098393 0.243824 0.360434 0.284510 0.134915 0.040153 -0.002891 -0.014461 -0.004839 0.000113 0.000000 0.000000 
0.000000 0.000000 -0.000070 0.000082 0.011114 0.080219 0.198314 0.263657 0.134094 0.091204 0.183639 0.248659 0.246426 0.211262 0.132171 0.005999 -0.181245 -0.393624 -0.447052 -0.377411 -0.287089 -0.195294 -0.100683 0.001059 0.161894 0.267494 0.175702 0.021098 -0.046664 -0.035080 -0.014484 -0.000153 -0.000230 0.000000 0.000000 
0.000000 0.000000 0.000000 -0.000170 -0.000064 0.012975 0.063659 0.108093 -0.017126 -0.089794 -0.025222 0.047287 0.038972 -0.002470 -0.085313 -0.185819 -0.276232 -0.348790 -0.409519 -0.417560 -0.379399 -0.309303 -0.221106 -0.113065 0.075224 0.158555 0.068881 -0.047791 -0.049902 -0.018536 -0.000951 -0.000445 0.000000 0.000000 0.000000 
0.000000 0.000000 0.000000 -0.000069 -0.000351 -0.000758 0.003823 0.016326 -0.093187 -0.238948 -0.237868 -0.163083 -0.167838 -0.198134 -0.247343 -0.295481 -0.315118 -0.308742 -0.309036 -0.341586 -0.349680 -0.316595 -0.244984 -0.124864 0.082982 0.128791 0.049132 -0.023256 -0.011253 -0.000976 -0.000641 -0.000209 0.000000 0.000000 0.000000 
0.000000 0.000000 0.000000 0.000000 -0.000157 -0.000672 -0.001946 -0.005603 -0.070200 -0.258578 -0.357745 -0.316110 -0.296356 -0.306374 -0.316107 -0.315230 -0.311542 -0.303179 -0.288453 -0.264919 -0.231834 -0.196411 -0.123202 0.057286 0.208011 0.182075 0.066085 0.002515 0.000090 -0.000487 -0.000299 0.000000 0.000000 0.000000 0.000000 
0.000000 0.000000 0.000000 0.000000 0.000000 -0.000239 -0.001015 -0.002973 -0.020103 -0.132998 -0.306975 -0.356494 -0.315145 -0.316256 -0.314293 -0.311141 -0.304269 -0.292838 -0.273270 -0.242412 -0.194817 -0.121219 0.023154 0.221860 0.256077 0.145464 0.025912 0.001938 0.000177 -0.000151 0.000000 0.000000 0.000000 0.000000 0.000000 
0.000000 0.000000 0.000000 0.000000 0.000000 0.000000 -0.000238 -0.001172 -0.003441 -0.032679 -0.137290 -0.274483 -0.314446 -0.295638 -0.300539 -0.296823 -0.287674 -0.271245 -0.243960 -0.200642 -0.131025 0.007777 0.208064 0.278651 0.189573 0.055408 0.004562 0.001237 0.000115 0.000000 0.000000 0.000000 0.000000 0.000000 0.000000 
0.000000 0.000000 0.000000 0.000000 0.000000 0.000000 0.000000 -0.000235 -0.000908 -0.002796 -0.026771 -0.096153 -0.171068 -0.218675 -0.231766 -0.242876 -0.235894 -0.211288 -0.165619 -0.077286 0.077221 0.244159 0.287549 0.192270 0.062211 0.006427 0.002087 0.000365 0.000000 0.000000 0.000000 0.000000 0.000000 0.000000 0.000000 
0.000000 0.000000 0.000000 0.000000 0.000000 0.000000 0.000000 0.000000 -0.000042 -0.000379 -0.001167 -0.006713 -0.029452 -0.048602 -0.038413 -0.004770 0.027371 0.070994 0.141123 0.229345 0.282173 0.243793 0.136237 0.035809 0.005645 0.002127 0.000348 0.000000 0.000000 0.000000 0.000000 0.000000 0.000000 0.000000 0.000000 
0.000000 0.000000 0.000000 0.000000 0.000000 0.000000 0.000000 0.000000 0.000000 0.000000 0.000093 0.000147 0.000517 0.002785 0.016043 0.049837 0.099011 0.146926 0.166679 0.146537 0.089486 0.028922 0.007493 0.003487 0.001253 0.000000 0.000000 0.000000 0.000000 0.000000 0.000000 0.000000 0.000000 0.000000 0.000000 
0.000000 0.000000 0.000000 0.000000 0.000000 0.000000 0.000000 0.000000 0.000000 0.000000 0.000000 0.000000 0.000308 0.000853 0.001707 0.002980 0.004471 0.005690 0.006018 0.005322 0.003965 0.002410 0.000986 0.000000 0.000000 0.000000 0.000000 0.000000 0.000000 0.000000 0.000000 0.000000 0.000000 0.000000 0.000000 
