0.000000 0.000000 0.000000 0.000000 0.000000 0.000000 0.000000 0.000000 0.000000 0.000000 0.000000 0.000000 0.000000 0.000000 0.000000 0.000000 0.000000 0.000000 0.000000 0.000000 0.000000 0.000000 0.000000 0.000000 0.000000 0.000000 0.000000 0.000000 0.000000 0.000000 0.000000 0.000000 0.000000 0.000000 0.000000 
0.000000 0.000000 0.000000 0.000000 0.000000 0.000000 0.000000 0.000000 0.000000 0.000000 0.000000 0.000000 0.000000 0.000000 0.000000 0.000000 0.000000 0.000000 0.000000 0.000000 0.000000 0.000000 0.000000 0.000000 0.000000 0.000000 0.000000 0.000000 0.000000 0.000000 0.000000 0.000000 0.000000 0.000000 0.000000 
0.000000 0.000000 0.000000 0.000000 0.000000 0.000000 0.000000 0.000000 0.000000 0.000000 0.000000 0.000000 -0.000243 -0.000488 -0.000642 -0.000629 -0.000400 0.000001 0.000404 0.000635 0.000637 0.000459 0.000208 0.000000 0.000000 0.000000 0.000000 0.000000 0.000000 0.000000 0.000000 0.000000 0.000000 0.000000 0.000000 
0.000000 0.000000 0.000000 0.000000 0.000000 0.000000 0.000000 0.000000 0.000000 0.000000 -0.000441 -0.001054 -0.001916 -0.005969 -0.015429 -0.020041 -0.014750 -0.001974 0.011099 0.016645 0.013064 0.005635 0.002233 0.001198 0.000450 0.000000 0.000000 0.000000 0.000000 0.000000 0.000000 0.000000 0.000000 0.000000 0.000000 
0.000000 0.000000 0.000000 0.000000 0.000000 0.000000 0.000000 0.000000 -0.000198 -0.000911 -0.002068 -0.010595 -0.036505 -0.061796 -0.068530 -0.049197 -0.011521 0.029442 0.064890 0.087933 0.091454 0.071784 0.038788 0.011120 0.002642 0.001099 0.000211 0.000000 0.000000 0.000000 0.000000 0.000000 0.000000 0.000000 0.000000 
0.000000 0.000000 0.000000 0.000000 0.000000 0.000000 0.000000 -0.000296 -0.001229 -0.003045 -0.022474 -0.066543 -0.107237 -0.117939 -0.082910 -0.023464 0.036971 0.089233 0.132377 0.166068 0.185701 0.180239 0.139085 0.078061 0.025023 0.004015 0.001592 0.000352 0.000000 0.000000 0.000000 0.000000 0.000000 0.000000 0.000000 
0.000000 0.000000 0.000000 0.000000 0.000000 0.000000 -0.000324 -0.001292 -0.003211 -0.024355 -0.081190 -0.140997 -0.155097 -0.112714 -0.043240 0.021355 0.076995 0.125581 0.168375 0.205588 0.235950 0.254461 0.243669 0.185968 0.098073 0.028284 0.004428 0.001739 0.000384 0.000000 0.000000 0.000000 0.000000 0.000000 0.000000 
0.000000 0.000000 0.000000 0.000000 0.000000 -0.000291 -0.001153 -0.002802 -0.014996 -0.074042 -0.151084 -0.183987 -0.153493 -0.082424 -0.015400 0.043479 0.095541 0.142203 0.184586 0.222891 0.257267 0.285102 0.299858 0.275372 0.196810 0.090043 0.018676 0.004160 0.001613 0.000329 0.000000 0.000000 0.000000 0.000000 0.000000 
0.000000 0.000000 0.000000 0.000000 -0.000188 -0.000883 -0.002207 -0.005389 -0.046206 -0.135759 -0.199036 -0.199916 -0.137740 -0.065862 -0.000526 0.055899 0.106046 0.151756 0.193702 0.232429 0.268823 0.306088 0.335629 0.339899 0.285430 0.176485 0.058569 0.008624 0.003676 0.001327 0.000189 0.000000 0.000000 0.000000 0.000000 
0.000000 0.000000 0.000000 -0.000110 -0.000600 -0.001522 -0.004105 -0.014497 -0.083929 -0.172535 -0.211537 -0.184237 -0.112413 -0.046765 0.011106 0.062896 0.113285 0.159968 0.203360 0.252545 0.306696 0.357766 0.397212 0.418111 0.383612 0.282441 0.137069 0.032559 0.008838 0.003022 0.000965 0.000090 0.000000 0.000000 0.000000 
0.000000 0.000000 0.000000 -0.000330 -0.000897 -0.001806 0.001332 -0.009585 -0.089855 -0.163246 -0.184368 -0.135087 -0.064392 -0.003143 0.046484 0.087806 0.126650 0.171137 0.233446 0.305676 0.373165 0.431780 0.476482 0.503801 0.487173 0.394435 0.244427 0.092306 0.031824 0.008893 0.002220 0.000524 0.000000 0.000000 0.000000 
0.000000 0.000000 -0.000104 -0.000404 0.000451 0.011236 0.031778 0.023433 -0.058240 -0.123155 -0.134473 -0.074746 -0.004323 0.056131 0.103040 0.137641 0.166587 0.213713 0.292472 0.380580 0.458395 0.522585 0.571371 0.600829 0.593328 0.503758 0.351606 0.177843 0.082578 0.031120 0.005641 0.001287 0.000125 0.000000 0.000000 
0.000000 0.000000 -0.000103 0.000538 0.015369 0.048162 0.082740 0.073492 -0.013328 -0.086544 -0.101921 -0.041612 0.030463 0.096648 0.152786 0.195499 0.237275 0.303332 0.385298 0.473422 0.552557 0.612029 0.656331 0.685383 0.683179 0.600501 0.451984 0.269778 0.156492 0.076049 0.019635 0.001675 0.000443 0.000000 0.000000 
0.000000 0.000000 0.000126 0.010121 0.049407 0.100505 0.133686 0.110774 0.012626 -0.065704 -0.085833 -0.027876 0.044877 0.113085 0.174392 0.232434 0.318754 0.425831 0.504440 0.561663 0.618609 0.668265 0.707855 0.735073 0.732142 0.650877 0.511627 0.346770 0.239738 0.142133 0.048922 0.003758 0.000789 0.000000 0.000000 
0.000000 0.000075 0.001689 0.033724 0.097360 0.147318 0.160541 0.140883 0.043179 -0.040674 -0.070990 -0.021899 0.051464 0.121304 0.183805 0.256167 0.391416 0.539999 0.614651 0.630165 0.656904 0.700141 0.737230 0.761925 0.750273 0.663209 0.526578 0.378410 0.305188 0.214631 0.091022 0.012099 -0.000372 0.000041 0.000000 
0.000000 0.000229 0.008167 0.065530 0.142270 0.174109 0.176799 0.168140 0.084823 -0.004075 -0.051013 -0.021120 0.050937 0.117676 0.173425 0.264514 0.440845 0.613035 0.696097 0.699244 0.694052 0.722140 0.751356 0.769891 0.739703 0.639556 0.503971 0.384321 0.339673 0.269241 0.141284 0.026488 -0.004553 0.000089 0.000000 
0.000000 0.000438 0.019199 0.098968 0.172634 0.190610 0.189087 0.182541 0.133481 0.044444 -0.019206 -0.026099 0.017794 0.066125 0.113249 0.228144 0.434207 0.607941 0.710614 0.732387 0.731923 0.761825 0.777782 0.764740 0.699659 0.586950 0.458585 0.385634 0.351997 0.295098 0.181498 0.041857 -0.008583 0.000090 0.000000 
0.000000 0.000638 0.029173 0.122602 0.190742 0.202541 0.199434 0.192367 0.177771 0.106208 0.018845 -0.055160 -0.064977 -0.018668 0.038206 0.171018 0.385301 0.543386 0.643844 0.676973 0.691117 0.750201 0.795434 0.755714 0.637421 0.507588 0.409740 0.378272 0.348464 0.298660 0.198500 0.051181 -0.011553 0.000040 0.000000 
0.000000 0.000713 0.033156 0.133770 0.201350 0.211775 0.208379 0.201303 0.193143 0.155189 0.039788 -0.074206 -0.120765 -0.083034 -0.018289 0.116564 0.332437 0.486857 0.581114 0.601355 0.593111 0.649922 0.711577 0.685143 0.571801 0.438674 0.383766 0.360221 0.332030 0.285479 0.190688 0.046594 -0.013719 0.000001 0.000000 
0.000000 0.000658 0.029712 0.130944 0.205570 0.218762 0.216210 0.209624 0.197090 0.138533 0.052819 -0.040472 -0.097074 -0.100980 -0.067909 0.050702 0.257351 0.414941 0.505455 0.509345 0.482375 0.501882 0.531132 0.533417 0.492570 0.429602 0.359939 0.331885 0.304012 0.256327 0.159443 0.028584 -0.013784 -0.000027 0.000000 
0.000000 0.000470 0.019721 0.112053 0.200241 0.222532 0.222375 0.216826 0.178376 0.103716 0.038810 -0.000581 -0.025982 -0.046841 -0.053621 0.002881 0.154232 0.306021 0.383399 0.359548 0.315515 0.321574 0.345235 0.392612 0.433116 0.416369 0.350094 0.293863 0.264145 0.211917 0.108385 0.005671 -0.011074 -0.000012 0.000000 
0.000000 0.000257 0.008274 0.077043 0.176474 0.220166 0.225724 0.219697 0.155003 0.078943 0.024215 0.008498 0.009311 0.009432 0.004929 0.009615 0.086748 0.199721 0.239394 0.194446 0.163885 0.190917 0.236405 0.300821 0.368914 0.379554 0.328734 0.248620 0.211189 0.149102 0.049060 -0.008014 -0.005816 -0.000002 0.000000 
0.000000 0.000088 0.001780 0.041167 0.127845 0.201619 0.223332 0.211054 0.136192 0.063504 0.019011 0.012716 0.016040 0.021557 0.025937 0.022824 0.046379 0.097146 0.103500 0.069376 0.075848 0.115602 0.163491 0.222826 0.296398 0.325754 0.287608 0.199617 0.141556 0.071567 0.006205 -0.011195 -0.001017 -0.000000 0.000000 
0.000000 -0.000000 0.000279 0.012957 0.069148 0.147458 0.202781 0.196354 0.123049 0.054889 0.017229 0.015406 0.019105 0.023235 0.025942 0.019659 0.002790 -0.019172 -0.043350 -0.040019 -0.003414 0.040053 0.087845 0.145023 0.217977 0.256282 0.223861 0.132569 0.058624 0.013900 -0.008607 -0.006259 0.000247 0.000000 0.000000 
0.000000 0.000000 -0.000033 0.001098 0.024220 0.077725 0.137489 0.157527 0.105686 0.044708 0.011370 0.011288 0.014485 0.015889 0.010439 -0.011748 -0.059561 -0.116964 -0.148948 -0.131595 -0.088616 -0.042432 0.007027 0.064184 0.136237 0.175408 0.142188 0.056858 0.006534 -0.008561 -0.007742 -0.000745 0.000187 0.000000 0.000000 
0.000000 0.000000 -0.000094 -0.000209 0.002519 0.023981 0.063846 0.083802 0.041048 -0.003173 -0.026197 -0.023479 -0.023167 -0.031958 -0.053580 -0.087984 -0.131117 -0.171802 -0.184000 -0.169163 -0.143683 -0.108951 -0.064027 -0.007292 0.067202 0.109789 0.088355 0.019472 -0.009830 -0.007087 -0.001520 0.000468 0.000083 0.000000 0.000000 
0.000000 0.000000 0.000000 -0.000275 -0.000533 0.001127 0.013459 0.021878 -0.022951 -0.074040 -0.103790 -0.106294 -0.107143 -0.116042 -0.133871 -0.157406 -0.177506 -0.185177 -0.180898 -0.169110 -0.150921 -0.123018 -0.081512 -0.023654 0.053265 0.090608 0.067010 0.007630 -0.004433 -0.000519 0.000786 0.000261 0.000000 0.000000 0.000000 
0.000000 0.000000 0.000000 -0.000107 -0.000482 -0.001034 -0.001967 -0.005098 -0.051404 -0.117955 -0.161156 -0.174494 -0.175666 -0.180075 -0.186564 -0.191989 -0.189709 -0.180851 -0.168694 -0.155285 -0.136310 -0.107301 -0.064220 -0.000999 0.071277 0.093044 0.055205 0.007353 0.001788 0.001231 0.000464 0.000073 0.000000 0.000000 0.000000 
0.000000 0.000000 0.000000 0.000000 -0.000182 -0.000713 -0.001662 -0.004025 -0.035098 -0.107668 -0.170856 -0.200668 -0.204635 -0.203887 -0.199426 -0.193304 -0.185798 -0.175700 -0.161842 -0.142929 -0.116725 -0.081267 -0.030798 0.041925 0.094700 0.088400 0.035379 0.004145 0.001769 0.000704 0.000128 0.000000 0.000000 0.000000 0.000000 
0.000000 0.000000 0.000000 0.000000 0.000000 -0.000261 -0.000941 -0.002259 -0.011795 -0.060007 -0.130446 -0.179558 -0.195206 -0.196769 -0.194351 -0.188490 -0.180079 -0.168296 -0.152396 -0.130211 -0.099329 -0.055488 0.007789 0.074569 0.092870 0.055781 0.012666 0.002251 0.000974 0.000249 0.000000 0.000000 0.000000 0.000000 0.000000 
0.000000 0.000000 0.000000 0.000000 0.000000 0.000000 -0.000278 -0.001080 -0.002711 -0.019699 -0.068944 -0.130167 -0.168740 -0.179328 -0.179946 -0.175844 -0.167111 -0.153579 -0.134273 -0.106676 -0.066980 -0.009640 0.055324 0.082779 0.059342 0.020597 0.002652 0.001158 0.000321 0.000000 0.000000 0.000000 0.000000 0.000000 0.000000 
0.000000 0.000000 0.000000 0.000000 0.000000 0.000000 0.000000 -0.000249 -0.001052 -0.002666 -0.018717 -0.058593 -0.104370 -0.136719 -0.146282 -0.144391 -0.135578 -0.119663 -0.094104 -0.055685 -0.004384 0.045922 0.064441 0.049949 0.019520 0.002595 0.001149 0.000332 0.000000 0.000000 0.000000 0.000000 0.000000 0.000000 0.000000 
0.000000 0.000000 0.000000 0.000000 0.000000 0.000000 0.000000 0.000000 -0.000166 -0.000799 -0.001894 -0.009034 -0.032121 -0.059878 -0.078494 -0.081189 -0.072206 -0.053991 -0.026802 0.006827 0.035154 0.043150 0.030208 0.009651 0.001802 0.000893 0.000223 0.000000 0.000000 0.000000 0.000000 0.000000 0.000000 0.000000 0.000000 
0.000000 0.000000 0.000000 0.000000 0.000000 0.000000 0.000000 0.000000 0.000000 0.000000 -0.000387 -0.000984 -0.001873 -0.005358 -0.013313 -0.018018 -0.014730 -0.004042 0.008344 0.015667 0.013838 0.005479 0.001580 0.000943 0.000451 0.000000 0.000000 0.000000 0.000000 0.000000 0.000000 0.000000 0.000000 0.000000 0.000000 
0.000000 0.000000 0.000000 0.000000 0.000000 0.000000 0.000000 0.000000 0.000000 0.000000 0.000000 0.000000 -0.000208 -0.000452 -0.000645 -0.000699 -0.000548 -0.000212 0.000167 0.000431 0.000517 0.000441 0.000243 0.000000 0.000000 0.000000 0.000000 0.000000 0.000000 0.000000 0.000000 0.000000 0.000000 0.000000 0.000000 
