-0.000000 -0.000000 -0.000000 -0.000000 -0.000000 -0.000000 -0.000000 -0.000000 -0.000000 -0.000000 -0.000000 -0.000000 -0.000000 -0.000000 -0.000000 -0.000000 -0.000000 -0.000000 -0.000000 -0.000000 -0.000000 -0.000000 -0.000000 -0.000000 -0.000000 -0.000000 -0.000000 -0.000000 -0.000000 -0.000000 -0.000000 -0.000000 -0.000000 -0.000000 -0.000000 
-0.000000 -0.000000 -0.000000 -0.000000 -0.000000 -0.000000 -0.000000 -0.000000 -0.000000 -0.000000 -0.000000 -0.000000 -0.000291 -0.000758 -0.001313 -0.001903 -0.002462 -0.002813 -0.002850 -0.002564 -0.002069 -0.001433 -0.000688 -0.000000 -0.000000 -0.000000 -0.000000 -0.000000 -0.000000 -0.000000 -0.000000 -0.000000 -0.000000 -0.000000 -0.000000 
-0.000000 -0.000000 -0.000000 -0.000000 -0.000000 -0.000000 -0.000000 -0.000000 -0.000000 -0.000000 -0.000439 -0.001264 -0.002823 -0.012355 -0.042746 -0.080287 -0.111114 -0.126967 -0.119588 -0.093437 -0.055367 -0.018717 -0.005415 -0.003058 -0.001403 -0.000000 -0.000000 -0.000000 -0.000000 -0.000000 -0.000000 -0.000000 -0.000000 -0.000000 -0.000000 
-0.000000 -0.000000 -0.000000 -0.000000 -0.000000 -0.000000 -0.000000 -0.000000 -0.000146 -0.000885 -0.002406 -0.017339 -0.073442 -0.153952 -0.235918 -0.306479 -0.351688 -0.372289 -0.368551 -0.337768 -0.275783 -0.193357 -0.103221 -0.030046 -0.006118 -0.003077 -0.000807 -0.000000 -0.000000 -0.000000 -0.000000 -0.000000 -0.000000 -0.000000 -0.000000 
-0.000000 -0.000000 -0.000000 -0.000000 -0.000000 -0.000000 -0.000000 -0.000231 -0.001052 -0.003262 -0.035248 -0.120722 -0.224060 -0.316866 -0.380507 -0.410667 -0.424837 -0.434580 -0.444772 -0.452111 -0.442926 -0.389611 -0.289520 -0.170393 -0.060466 -0.009201 -0.004350 -0.001297 -0.000000 -0.000000 -0.000000 -0.000000 -0.000000 -0.000000 -0.000000 
-0.000000 -0.000000 -0.000000 -0.000000 -0.000000 -0.000000 -0.000107 -0.000779 -0.002641 -0.034317 -0.129782 -0.243282 -0.323459 -0.365798 -0.378435 -0.382049 -0.385451 -0.391978 -0.402757 -0.418544 -0.437287 -0.449330 -0.418950 -0.333505 -0.194270 -0.064442 -0.010419 -0.005059 -0.001560 -0.000000 -0.000000 -0.000000 -0.000000 -0.000000 -0.000000 
-0.000000 -0.000000 -0.000000 -0.000000 -0.000000 0.000041 -0.000222 -0.001258 -0.017241 -0.105901 -0.224615 -0.300795 -0.336148 -0.344752 -0.344371 -0.343692 -0.344608 -0.350314 -0.360571 -0.376976 -0.398569 -0.424771 -0.445081 -0.416207 -0.330447 -0.176382 -0.043367 -0.010875 -0.005378 -0.001523 -0.000000 -0.000000 -0.000000 -0.000000 -0.000000 
-0.000000 -0.000000 -0.000000 -0.000000 0.000159 0.000309 0.000079 -0.001368 -0.048720 -0.156740 -0.234572 -0.266401 -0.280137 -0.293784 -0.309012 -0.311185 -0.312774 -0.318017 -0.328641 -0.345290 -0.374574 -0.433492 -0.490996 -0.512398 -0.463764 -0.335319 -0.135852 -0.023212 -0.011304 -0.005259 -0.001222 -0.000000 -0.000000 -0.000000 -0.000000 
-0.000000 -0.000000 -0.000000 0.000123 0.000555 0.001215 0.010416 0.029830 -0.020334 -0.095402 -0.133021 -0.141248 -0.148307 -0.159875 -0.187148 -0.231416 -0.278141 -0.294006 -0.319305 -0.410041 -0.509998 -0.593897 -0.658097 -0.702757 -0.685393 -0.587728 -0.373577 -0.142667 -0.045983 -0.011707 -0.004791 -0.000835 -0.000000 -0.000000 -0.000000 
-0.000000 -0.000000 -0.000000 0.000463 0.001543 0.020104 0.070423 0.108191 0.031354 -0.045817 -0.072798 -0.077599 -0.078208 -0.075874 -0.087019 -0.117990 -0.176819 -0.290429 -0.451887 -0.581481 -0.685402 -0.766259 -0.826562 -0.872246 -0.880462 -0.814435 -0.644547 -0.377397 -0.200693 -0.074864 -0.011189 -0.003690 -0.000000 -0.000000 -0.000000 
-0.000000 -0.000000 0.000170 0.000958 0.017688 0.073232 0.144497 0.136281 0.015090 -0.078903 -0.109091 -0.118921 -0.114695 -0.099387 -0.081179 -0.074344 -0.136507 -0.354523 -0.602182 -0.760953 -0.857826 -0.929813 -0.982680 -1.024512 -1.042005 -0.988989 -0.843908 -0.594233 -0.410622 -0.240576 -0.075826 -0.008200 -0.001951 -0.000000 -0.000000 
-0.000000 -0.000000 0.000259 0.006092 0.052554 0.122587 0.145076 0.081048 -0.067248 -0.163262 -0.191066 -0.202051 -0.201068 -0.191475 -0.171042 -0.156869 -0.266827 -0.486569 -0.722173 -0.907482 -0.981772 -1.012659 -1.039879 -1.074318 -1.101846 -1.076118 -0.976909 -0.756487 -0.588538 -0.447053 -0.228395 -0.040402 -0.004763 -0.000000 -0.000000 
-0.000000 -0.000030 0.000166 0.020319 0.073676 0.104509 0.075445 0.017490 -0.117063 -0.211988 -0.241177 -0.253206 -0.254267 -0.248559 -0.241701 -0.314484 -0.532624 -0.702698 -0.813198 -0.930187 -0.993951 -1.010238 -1.033856 -1.067495 -1.093371 -1.066446 -0.973088 -0.802157 -0.711104 -0.616494 -0.409718 -0.148512 -0.009227 -0.001266 -0.000000 
-0.000000 -0.000247 0.000278 0.021663 0.054318 0.039445 0.025775 -0.008650 -0.135638 -0.237088 -0.277735 -0.292663 -0.296107 -0.293352 -0.307187 -0.477787 -0.778144 -0.922234 -0.879930 -0.892325 -0.976228 -1.003731 -1.027313 -1.061146 -1.076636 -1.038227 -0.934505 -0.763526 -0.726727 -0.714692 -0.580907 -0.293555 -0.031143 -0.002866 -0.000000 
-0.000000 -0.000741 -0.004451 -0.006613 0.001851 -0.003905 -0.009067 -0.020487 -0.125382 -0.238190 -0.297683 -0.321443 -0.327793 -0.317024 -0.340181 -0.572218 -0.862991 -0.934805 -0.887082 -0.854333 -0.946978 -1.002110 -1.026918 -1.057221 -1.050637 -0.989251 -0.864016 -0.709830 -0.716125 -0.730124 -0.684932 -0.424119 -0.091184 -0.004504 -0.000000 
-0.000000 -0.001592 -0.024886 -0.063228 -0.042674 -0.035748 -0.035706 -0.038630 -0.092090 -0.208204 -0.297223 -0.330890 -0.311962 -0.249727 -0.268206 -0.547787 -0.817815 -0.822601 -0.818117 -0.755101 -0.836223 -0.974332 -1.041042 -1.055777 -1.012334 -0.916371 -0.767482 -0.681762 -0.700947 -0.720543 -0.719579 -0.531465 -0.159387 -0.006015 -0.000000 
-0.000000 -0.002732 -0.059285 -0.117172 -0.079051 -0.063214 -0.058369 -0.057180 -0.064202 -0.151175 -0.247186 -0.272250 -0.228367 -0.161141 -0.233407 -0.566553 -0.804810 -0.794012 -0.770174 -0.676713 -0.693562 -0.845775 -0.992907 -1.034763 -0.949575 -0.808533 -0.668881 -0.665031 -0.685718 -0.706902 -0.718726 -0.576412 -0.203428 -0.006999 -0.000000 
-0.000000 -0.003810 -0.094607 -0.165936 -0.114374 -0.090764 -0.080295 -0.075122 -0.072496 -0.083105 -0.123766 -0.138883 -0.130628 -0.141074 -0.270954 -0.627502 -0.859635 -0.858982 -0.836392 -0.746247 -0.658766 -0.699790 -0.793560 -0.882704 -0.840921 -0.691054 -0.638884 -0.651513 -0.671670 -0.693939 -0.705746 -0.577636 -0.209912 -0.007024 -0.000000 
-0.000000 -0.004464 -0.115231 -0.212492 -0.154665 -0.120319 -0.104606 -0.094999 -0.088458 -0.056192 0.002222 0.035051 -0.001310 -0.087463 -0.263334 -0.638961 -0.910835 -0.921431 -0.912949 -0.817899 -0.663051 -0.575630 -0.521619 -0.574559 -0.651722 -0.667810 -0.634823 -0.640318 -0.659265 -0.677482 -0.683257 -0.535076 -0.179663 -0.006251 -0.000000 
-0.000000 -0.004325 -0.107801 -0.253759 -0.208615 -0.157475 -0.134318 -0.119365 -0.105623 -0.048008 0.052963 0.139140 0.126917 0.059897 -0.080553 -0.431761 -0.788871 -0.843484 -0.839648 -0.694528 -0.492887 -0.360881 -0.274832 -0.306592 -0.506168 -0.649611 -0.658614 -0.630010 -0.646210 -0.658990 -0.643520 -0.449541 -0.123822 -0.004811 -0.000000 
-0.000000 -0.003535 -0.070557 -0.261006 -0.277316 -0.206949 -0.172970 -0.153583 -0.127932 -0.047769 0.067886 0.139257 0.143675 0.131507 0.082037 -0.148455 -0.482733 -0.623194 -0.623429 -0.465778 -0.289035 -0.206763 -0.174909 -0.200932 -0.394889 -0.603609 -0.670022 -0.623486 -0.628610 -0.630999 -0.560164 -0.314874 -0.062390 -0.003256 -0.000000 
-0.000000 -0.002391 -0.025868 -0.218630 -0.329405 -0.278987 -0.225131 -0.201973 -0.160032 -0.061971 0.056999 0.105014 0.104763 0.099335 0.082633 -0.027589 -0.287416 -0.503960 -0.518314 -0.354685 -0.218751 -0.175963 -0.156883 -0.163697 -0.309017 -0.547953 -0.659034 -0.622660 -0.598679 -0.566564 -0.413555 -0.190352 -0.019534 -0.001892 -0.000000 
-0.000000 -0.001104 -0.007803 -0.126011 -0.300721 -0.351856 -0.302851 -0.265768 -0.208906 -0.101076 0.019866 0.055110 0.053595 0.046781 0.034963 -0.014572 -0.178370 -0.364955 -0.402625 -0.264147 -0.180034 -0.150898 -0.132582 -0.134509 -0.246193 -0.495952 -0.627111 -0.599289 -0.530112 -0.413767 -0.247186 -0.084303 -0.005535 -0.000767 -0.000000 
-0.000000 -0.000000 -0.004127 -0.036307 -0.196968 -0.338386 -0.369278 -0.351929 -0.283372 -0.166639 -0.043443 -0.010225 -0.012051 -0.020517 -0.033350 -0.051083 -0.100711 -0.156070 -0.127873 -0.093781 -0.108399 -0.102301 -0.089751 -0.092548 -0.194496 -0.441111 -0.566838 -0.490050 -0.356206 -0.244061 -0.118483 -0.020860 -0.002635 -0.000000 -0.000000 
-0.000000 -0.000000 -0.001704 -0.007111 -0.070221 -0.214815 -0.334242 -0.384265 -0.355450 -0.252831 -0.131006 -0.089962 -0.088650 -0.090247 -0.086429 -0.062047 -0.003844 0.073290 0.143952 0.120452 0.077093 0.050000 0.037159 0.025173 -0.083802 -0.303772 -0.390167 -0.304110 -0.195097 -0.111382 -0.035323 -0.004093 -0.000995 -0.000000 -0.000000 
-0.000000 -0.000000 -0.000000 -0.003150 -0.009608 -0.070504 -0.186697 -0.295580 -0.330336 -0.267838 -0.164290 -0.108711 -0.100669 -0.081680 -0.042569 0.028905 0.141818 0.266964 0.284882 0.264588 0.246422 0.233447 0.222620 0.205310 0.051204 -0.162399 -0.238576 -0.155563 -0.081088 -0.031696 -0.005207 -0.001706 -0.000000 -0.000000 -0.000000 
-0.000000 -0.000000 -0.000000 -0.000684 -0.003915 -0.009351 -0.041136 -0.116377 -0.181674 -0.165995 -0.087090 -0.009301 0.008316 0.044521 0.107730 0.197743 0.288207 0.321692 0.342556 0.348024 0.348369 0.346852 0.340078 0.308605 0.095626 -0.089389 -0.127601 -0.054833 -0.018316 -0.005269 -0.002116 -0.000350 -0.000000 -0.000000 -0.000000 
-0.000000 -0.000000 -0.000000 -0.000000 -0.000962 -0.003838 -0.007578 -0.013364 -0.031182 -0.010176 0.065040 0.155366 0.199164 0.235240 0.278613 0.299323 0.316015 0.335591 0.357084 0.379250 0.397098 0.403786 0.394681 0.289230 0.067426 -0.065562 -0.053839 -0.010041 -0.005095 -0.002336 -0.000499 -0.000000 -0.000000 -0.000000 -0.000000 
-0.000000 -0.000000 -0.000000 -0.000000 -0.000000 -0.000981 -0.003177 -0.005483 -0.007300 0.015827 0.094320 0.195099 0.272379 0.292913 0.304377 0.317486 0.333551 0.351039 0.370740 0.388823 0.403876 0.407991 0.364165 0.170765 -0.002916 -0.053577 -0.019447 -0.004874 -0.002485 -0.000686 -0.000000 -0.000000 -0.000000 -0.000000 -0.000000 
-0.000000 -0.000000 -0.000000 -0.000000 -0.000000 -0.000000 -0.000810 -0.002149 -0.003147 0.002686 0.045348 0.135651 0.232710 0.297273 0.319942 0.333548 0.348671 0.364462 0.380641 0.393844 0.399459 0.361970 0.205259 0.036072 -0.038053 -0.025202 -0.004585 -0.002428 -0.000784 -0.000000 -0.000000 -0.000000 -0.000000 -0.000000 -0.000000 
-0.000000 -0.000000 -0.000000 -0.000000 -0.000000 -0.000000 -0.000000 -0.000461 -0.001146 -0.001119 0.010561 0.058800 0.141200 0.236310 0.303623 0.338684 0.357358 0.371242 0.380038 0.370655 0.310521 0.178045 0.042749 -0.022822 -0.020498 -0.003816 -0.002078 -0.000713 -0.000000 -0.000000 -0.000000 -0.000000 -0.000000 -0.000000 -0.000000 
-0.000000 -0.000000 -0.000000 -0.000000 -0.000000 -0.000000 -0.000000 -0.000000 -0.000202 -0.000342 0.000174 0.008256 0.045403 0.107233 0.174889 0.228856 0.258770 0.267311 0.247801 0.191152 0.100620 0.023288 -0.011779 -0.008793 -0.002215 -0.001387 -0.000415 -0.000000 -0.000000 -0.000000 -0.000000 -0.000000 -0.000000 -0.000000 -0.000000 
-0.000000 -0.000000 -0.000000 -0.000000 -0.000000 -0.000000 -0.000000 -0.000000 -0.000000 -0.000000 0.000099 0.000617 0.001962 0.009853 0.034978 0.064087 0.081650 0.079834 0.057112 0.026517 0.003788 -0.001601 -0.000769 -0.000828 -0.000534 -0.000000 -0.000000 -0.000000 -0.000000 -0.000000 -0.000000 -0.000000 -0.000000 -0.000000 -0.000000 
-0.000000 -0.000000 -0.000000 -0.000000 -0.000000 -0.000000 -0.000000 -0.000000 -0.000000 -0.000000 -0.000000 -0.000000 0.000302 0.000826 0.001500 0.002170 0.002574 0.002476 0.001899 0.001109 0.000419 -0.000001 -0.000113 -0.000000 -0.000000 -0.000000 -0.000000 -0.000000 -0.000000 -0.000000 -0.000000 -0.000000 -0.000000 -0.000000 -0.000000 
-0.000000 -0.000000 -0.000000 -0.000000 -0.000000 -0.000000 -0.000000 -0.000000 -0.000000 -0.000000 -0.000000 -0.000000 -0.000000 -0.000000 -0.000000 -0.000000 -0.000000 -0.000000 -0.000000 -0.000000 -0.000000 -0.000000 -0.000000 -0.000000 -0.000000 -0.000000 -0.000000 -0.000000 -0.000000 -0.000000 -0.000000 -0.000000 -0.000000 -0.000000 -0.000000 
