-0.000000 -0.000000 -0.000000 -0.000000 -0.000000 -0.000000 -0.000000 -0.000000 -0.000000 -0.000000 -0.000000 -0.000000 -0.000000 -0.000000 -0.000000 -0.000000 -0.000000 -0.000000 -0.000000 -0.000000 -0.000000 -0.000000 -0.000000 -0.000000 -0.000000 -0.000000 -0.000000 -0.000000 -0.000000 -0.000000 -0.000000 -0.000000 -0.000000 -0.000000 -0.000000 
-0.000000 -0.000000 -0.000000 -0.000000 -0.000000 -0.000000 -0.000000 -0.000000 -0.000000 -0.000000 -0.000000 -0.000000 0.000005 -0.000044 -0.000076 -0.000071 -0.000086 -0.000190 -0.000421 -0.000672 -0.000821 -0.000729 -0.000418 -0.000000 -0.000000 -0.000000 -0.000000 -0.000000 -0.000000 -0.000000 -0.000000 -0.000000 -0.000000 -0.000000 -0.000000 
-0.000000 -0.000000 -0.000000 -0.000000 -0.000000 -0.000000 -0.000000 -0.000000 -0.000000 -0.000000 -0.000238 -0.000761 -0.001564 -0.006283 -0.021479 -0.039077 -0.051810 -0.057697 -0.055259 -0.045625 -0.029929 -0.011380 -0.003827 -0.002399 -0.001152 -0.000000 -0.000000 -0.000000 -0.000000 -0.000000 -0.000000 -0.000000 -0.000000 -0.000000 -0.000000 
-0.000000 -0.000000 -0.000000 -0.000000 -0.000000 -0.000000 -0.000000 -0.000000 -0.000154 -0.000950 -0.002444 -0.014491 -0.061480 -0.129918 -0.198905 -0.261650 -0.307773 -0.328582 -0.318291 -0.277264 -0.216661 -0.150569 -0.081714 -0.024564 -0.005494 -0.002837 -0.000758 -0.000000 -0.000000 -0.000000 -0.000000 -0.000000 -0.000000 -0.000000 -0.000000 
-0.000000 -0.000000 -0.000000 -0.000000 -0.000000 -0.000000 -0.000000 -0.000428 -0.001675 -0.004421 -0.037000 -0.125317 -0.232486 -0.328860 -0.393674 -0.428017 -0.444221 -0.457931 -0.474559 -0.482559 -0.456584 -0.380688 -0.271726 -0.158350 -0.056646 -0.009047 -0.004324 -0.001282 -0.000000 -0.000000 -0.000000 -0.000000 -0.000000 -0.000000 -0.000000 
-0.000000 -0.000000 -0.000000 -0.000000 -0.000000 -0.000000 -0.000441 -0.001905 -0.004875 -0.040898 -0.152047 -0.285978 -0.351123 -0.365769 -0.370829 -0.373366 -0.381091 -0.395037 -0.414657 -0.440760 -0.470378 -0.481442 -0.441005 -0.350251 -0.199100 -0.065527 -0.010974 -0.005292 -0.001595 -0.000000 -0.000000 -0.000000 -0.000000 -0.000000 -0.000000 
-0.000000 -0.000000 -0.000000 -0.000000 -0.000000 -0.000317 -0.001562 -0.004090 -0.024962 -0.137526 -0.286590 -0.338074 -0.324464 -0.320310 -0.318080 -0.322064 -0.330035 -0.344410 -0.363451 -0.389690 -0.421853 -0.459929 -0.483090 -0.455627 -0.370637 -0.193910 -0.046832 -0.012005 -0.005839 -0.001618 -0.000000 -0.000000 -0.000000 -0.000000 -0.000000 
-0.000000 -0.000000 -0.000000 -0.000000 -0.000104 -0.000880 -0.002746 -0.007296 -0.077348 -0.237275 -0.314457 -0.288694 -0.270768 -0.273557 -0.279702 -0.285239 -0.294833 -0.308501 -0.327787 -0.353231 -0.391746 -0.464152 -0.539639 -0.569414 -0.533646 -0.396204 -0.156033 -0.026592 -0.012798 -0.005861 -0.001331 -0.000000 -0.000000 -0.000000 -0.000000 
-0.000000 -0.000000 -0.000000 0.000033 -0.000208 -0.001106 0.000417 -0.000367 -0.113920 -0.233108 -0.230532 -0.171958 -0.171272 -0.188596 -0.220385 -0.252445 -0.269787 -0.282885 -0.312929 -0.411801 -0.531339 -0.637197 -0.722331 -0.784797 -0.782649 -0.692894 -0.443453 -0.170151 -0.055273 -0.013498 -0.005464 -0.000947 -0.000000 -0.000000 -0.000000 
-0.000000 -0.000000 -0.000000 0.000184 0.000100 0.007921 0.035068 0.035307 -0.098592 -0.168314 -0.120470 -0.067442 -0.069322 -0.085366 -0.125818 -0.181881 -0.241375 -0.301400 -0.440289 -0.592178 -0.716163 -0.812297 -0.886531 -0.947328 -0.977234 -0.933477 -0.749893 -0.430729 -0.237213 -0.090234 -0.013039 -0.004256 -0.000000 -0.000000 -0.000000 
-0.000000 -0.000000 0.000163 0.000614 0.007948 0.043846 0.090296 0.073027 -0.087156 -0.153201 -0.094591 -0.056696 -0.052721 -0.054670 -0.069130 -0.109445 -0.207876 -0.430942 -0.633284 -0.768062 -0.865349 -0.936674 -0.992506 -1.044401 -1.087453 -1.068278 -0.931609 -0.642812 -0.451538 -0.281178 -0.090813 -0.009588 -0.002281 -0.000000 -0.000000 
-0.000000 -0.000000 0.000448 0.002955 0.035502 0.085225 0.122017 0.051216 -0.150879 -0.228640 -0.168366 -0.134567 -0.128692 -0.120080 -0.107271 -0.112796 -0.267198 -0.573049 -0.815743 -0.911048 -0.958013 -0.987950 -1.018103 -1.061367 -1.112075 -1.111835 -1.010400 -0.755981 -0.596358 -0.481238 -0.267177 -0.048767 -0.005625 -0.000000 -0.000000 
-0.000000 0.000120 0.000950 0.015939 0.063904 0.092657 0.078083 -0.019783 -0.220928 -0.300597 -0.239826 -0.201539 -0.196772 -0.190594 -0.181117 -0.220870 -0.447712 -0.726431 -0.929376 -0.985134 -0.961826 -0.973967 -1.000399 -1.042798 -1.095464 -1.094171 -0.992458 -0.763650 -0.660466 -0.607382 -0.449512 -0.177789 -0.010969 -0.001531 -0.000000 
-0.000000 0.000256 0.002421 0.033618 0.055311 0.040818 0.009409 -0.055430 -0.251999 -0.349943 -0.308648 -0.254991 -0.250056 -0.245783 -0.246296 -0.363769 -0.675896 -0.872537 -0.959607 -0.999511 -0.960828 -0.960750 -0.986381 -1.029959 -1.079471 -1.063051 -0.943536 -0.709748 -0.653967 -0.650827 -0.580223 -0.338521 -0.037962 -0.003507 -0.000000 
-0.000000 0.000349 0.005654 0.029762 0.005314 -0.020023 -0.040753 -0.066057 -0.242332 -0.375585 -0.368985 -0.303837 -0.287402 -0.255509 -0.221767 -0.383242 -0.726435 -0.816197 -0.853565 -0.965484 -0.961148 -0.950921 -0.980473 -1.026103 -1.057761 -1.011936 -0.856457 -0.640195 -0.637534 -0.645848 -0.629713 -0.465209 -0.113564 -0.005537 -0.000000 
-0.000000 0.000308 0.008876 0.005114 -0.052860 -0.065610 -0.077287 -0.088556 -0.188181 -0.350470 -0.413829 -0.335684 -0.221144 -0.126485 -0.099365 -0.384404 -0.746431 -0.765005 -0.783772 -0.889594 -0.902409 -0.930973 -0.994432 -1.034609 -1.025416 -0.925912 -0.730703 -0.604909 -0.618893 -0.632944 -0.631485 -0.549249 -0.198643 -0.007448 -0.000000 
-0.000000 0.000083 0.004863 -0.038519 -0.103373 -0.102594 -0.106691 -0.111255 -0.130339 -0.277644 -0.360275 -0.273333 -0.139725 -0.099684 -0.148578 -0.501309 -0.787099 -0.761775 -0.744702 -0.799973 -0.801983 -0.827458 -0.987191 -1.055220 -0.963128 -0.794801 -0.599521 -0.583977 -0.600732 -0.616996 -0.621165 -0.570862 -0.252225 -0.008729 -0.000000 
-0.000000 -0.000305 -0.004160 -0.081841 -0.149094 -0.136651 -0.132187 -0.130792 -0.129839 -0.133605 -0.159826 -0.194345 -0.200489 -0.186609 -0.201426 -0.545818 -0.821382 -0.810531 -0.801310 -0.839680 -0.748877 -0.679829 -0.823778 -0.936978 -0.856878 -0.636538 -0.559063 -0.567409 -0.584262 -0.602700 -0.607208 -0.564092 -0.262325 -0.008833 -0.000000 
-0.000000 -0.000730 -0.013870 -0.111497 -0.195076 -0.170749 -0.158145 -0.150620 -0.132681 -0.017372 0.019925 -0.067247 -0.183094 -0.223964 -0.247597 -0.569049 -0.877805 -0.879715 -0.890489 -0.911371 -0.762976 -0.605447 -0.562447 -0.599414 -0.638622 -0.606363 -0.551377 -0.554475 -0.570784 -0.586459 -0.587156 -0.531807 -0.227880 -0.007893 -0.000000 
-0.000000 -0.000960 -0.017322 -0.121030 -0.238435 -0.210925 -0.188867 -0.172889 -0.096959 0.010260 0.066901 0.058051 -0.011119 -0.101447 -0.185641 -0.485687 -0.875316 -0.912513 -0.939129 -0.884919 -0.624989 -0.402453 -0.273344 -0.271731 -0.468278 -0.600273 -0.580791 -0.544105 -0.558489 -0.569723 -0.559160 -0.470721 -0.161710 -0.006113 -0.000000 
-0.000000 -0.000936 -0.012210 -0.100734 -0.254196 -0.262791 -0.228451 -0.199805 -0.078728 0.010648 0.054786 0.072244 0.078399 0.056308 0.011134 -0.207666 -0.608494 -0.762751 -0.775123 -0.617795 -0.317424 -0.182731 -0.129246 -0.146046 -0.348850 -0.558377 -0.602741 -0.539974 -0.543748 -0.546468 -0.512759 -0.359572 -0.083364 -0.004145 -0.000000 
-0.000000 -0.000694 -0.005545 -0.072450 -0.218920 -0.308243 -0.281654 -0.224971 -0.096732 -0.017159 0.029534 0.047245 0.053451 0.050391 0.041997 -0.038795 -0.328318 -0.580701 -0.589251 -0.387442 -0.194511 -0.138112 -0.111175 -0.110233 -0.259321 -0.510059 -0.604249 -0.547073 -0.521996 -0.508688 -0.423166 -0.237019 -0.025494 -0.002383 -0.000000 
-0.000000 -0.000355 -0.002224 -0.034930 -0.143584 -0.285703 -0.334932 -0.275205 -0.143079 -0.062352 -0.013242 0.005853 0.008415 -0.000322 -0.017059 -0.053346 -0.238151 -0.442166 -0.441268 -0.265049 -0.154843 -0.117480 -0.092712 -0.087149 -0.200374 -0.464889 -0.586007 -0.539507 -0.482795 -0.418448 -0.293002 -0.111489 -0.006834 -0.000951 -0.000000 
-0.000000 -0.000000 -0.001219 -0.008357 -0.071150 -0.196097 -0.301474 -0.309943 -0.213285 -0.131586 -0.077749 -0.057691 -0.058277 -0.072204 -0.094483 -0.108316 -0.132132 -0.180050 -0.154290 -0.108750 -0.101195 -0.083200 -0.063289 -0.057981 -0.161203 -0.426416 -0.550340 -0.482923 -0.378368 -0.287072 -0.155769 -0.027385 -0.003166 -0.000000 -0.000000 
-0.000000 -0.000000 -0.000485 -0.001925 -0.020213 -0.087246 -0.198254 -0.249770 -0.192166 -0.154252 -0.125642 -0.113576 -0.113590 -0.113762 -0.098969 -0.053240 0.031513 0.097064 0.113835 0.075163 0.037895 0.022669 0.020813 0.017857 -0.099031 -0.352068 -0.450875 -0.359410 -0.243588 -0.149626 -0.047150 -0.004862 -0.001149 -0.000000 -0.000000 
-0.000000 -0.000000 -0.000000 -0.000742 -0.002310 -0.021304 -0.076172 -0.137749 -0.100965 -0.069477 -0.048366 -0.033880 -0.029511 -0.015780 0.021858 0.089606 0.183612 0.281359 0.283108 0.233814 0.193050 0.167397 0.155908 0.144471 -0.023134 -0.259094 -0.324447 -0.210022 -0.112793 -0.042843 -0.005966 -0.001897 -0.000000 -0.000000 -0.000000 
-0.000000 -0.000000 -0.000000 -0.000117 -0.000697 -0.001687 -0.010241 -0.031128 0.010519 0.062985 0.086366 0.109916 0.119832 0.142735 0.185926 0.245997 0.307030 0.332551 0.350929 0.349868 0.331471 0.312784 0.299991 0.272224 0.030891 -0.167314 -0.184803 -0.076901 -0.023670 -0.005661 -0.002178 -0.000346 -0.000000 -0.000000 -0.000000 
-0.000000 -0.000000 -0.000000 -0.000000 -0.000055 -0.000270 -0.000194 0.001266 0.046291 0.154823 0.220289 0.254533 0.277396 0.296273 0.318900 0.329830 0.340227 0.354167 0.370686 0.388877 0.405542 0.412712 0.407915 0.289790 0.029571 -0.112271 -0.077525 -0.011436 -0.005174 -0.002197 -0.000428 -0.000000 -0.000000 -0.000000 -0.000000 
-0.000000 -0.000000 -0.000000 -0.000000 -0.000000 0.000077 0.000393 0.001531 0.017696 0.106821 0.228647 0.293761 0.328138 0.343806 0.350293 0.357519 0.367601 0.380214 0.395991 0.413342 0.430880 0.444005 0.402688 0.163786 -0.042625 -0.089132 -0.027061 -0.004949 -0.002269 -0.000554 -0.000000 -0.000000 -0.000000 -0.000000 -0.000000 
-0.000000 -0.000000 -0.000000 -0.000000 -0.000000 -0.000000 0.000187 0.001044 0.003261 0.037262 0.136227 0.259536 0.329500 0.363922 0.381203 0.389609 0.399789 0.412292 0.427774 0.444494 0.460179 0.421982 0.215663 -0.002065 -0.083022 -0.042000 -0.005082 -0.002356 -0.000676 -0.000000 -0.000000 -0.000000 -0.000000 -0.000000 -0.000000 
-0.000000 -0.000000 -0.000000 -0.000000 -0.000000 -0.000000 -0.000000 0.000322 0.001361 0.004134 0.041422 0.132724 0.239541 0.336869 0.394677 0.426879 0.443990 0.458184 0.471110 0.461824 0.374984 0.180390 -0.004645 -0.072686 -0.040287 -0.004883 -0.002285 -0.000708 -0.000000 -0.000000 -0.000000 -0.000000 -0.000000 -0.000000 -0.000000 
-0.000000 -0.000000 -0.000000 -0.000000 -0.000000 -0.000000 -0.000000 -0.000000 0.000202 0.001247 0.003315 0.022128 0.085266 0.164660 0.233375 0.282424 0.313529 0.320799 0.284873 0.191307 0.057423 -0.036926 -0.054688 -0.020819 -0.003311 -0.001800 -0.000495 -0.000000 -0.000000 -0.000000 -0.000000 -0.000000 -0.000000 -0.000000 -0.000000 
-0.000000 -0.000000 -0.000000 -0.000000 -0.000000 -0.000000 -0.000000 -0.000000 -0.000000 -0.000000 0.000731 0.001981 0.004173 0.015859 0.045218 0.066856 0.068591 0.048875 0.012816 -0.019822 -0.028194 -0.011592 -0.002584 -0.001687 -0.000900 -0.000000 -0.000000 -0.000000 -0.000000 -0.000000 -0.000000 -0.000000 -0.000000 -0.000000 -0.000000 
-0.000000 -0.000000 -0.000000 -0.000000 -0.000000 -0.000000 -0.000000 -0.000000 -0.000000 -0.000000 -0.000000 -0.000000 0.000510 0.001165 0.001802 0.002180 0.002112 0.001533 0.000657 -0.000150 -0.000632 -0.000712 -0.000446 -0.000000 -0.000000 -0.000000 -0.000000 -0.000000 -0.000000 -0.000000 -0.000000 -0.000000 -0.000000 -0.000000 -0.000000 
-0.000000 -0.000000 -0.000000 -0.000000 -0.000000 -0.000000 -0.000000 -0.000000 -0.000000 -0.000000 -0.000000 -0.000000 -0.000000 -0.000000 -0.000000 -0.000000 -0.000000 -0.000000 -0.000000 -0.000000 -0.000000 -0.000000 -0.000000 -0.000000 -0.000000 -0.000000 -0.000000 -0.000000 -0.000000 -0.000000 -0.000000 -0.000000 -0.000000 -0.000000 -0.000000 
