0.000000 0.000000 0.000000 0.000000 0.000000 0.000000 0.000000 0.000000 0.000000 0.000000 0.000000 0.000000 0.000000 0.000000 0.000000 0.000000 0.000000 0.000000 0.000000 0.000000 0.000000 0.000000 0.000000 0.000000 0.000000 0.000000 0.000000 0.000000 0.000000 0.000000 0.000000 0.000000 0.000000 0.000000 0.000000 
0.000000 0.000000 0.000000 0.000000 0.000000 0.000000 0.000000 0.000000 0.000000 0.000000 0.000000 0.000000 0.000000 0.000000 0.000000 0.000000 0.000000 0.000000 0.000000 0.000000 0.000000 0.000000 0.000000 0.000000 0.000000 0.000000 0.000000 0.000000 0.000000 0.000000 0.000000 0.000000 0.000000 0.000000 0.000000 
0.000000 0.000000 0.000000 0.000000 0.000000 0.000000 0.000000 0.000000 0.000000 0.000000 0.000000 0.000000 -0.000301 -0.000485 -0.000488 -0.000337 -0.000072 0.000231 0.000460 0.000541 0.000482 0.000330 0.000149 0.000000 0.000000 0.000000 0.000000 0.000000 0.000000 0.000000 0.000000 0.000000 0.000000 0.000000 0.000000 
0.000000 0.000000 0.000000 0.000000 0.000000 0.000000 0.000000 0.000000 0.000000 0.000000 -0.000624 -0.001146 -0.001637 -0.004812 -0.009760 -0.008188 -0.002935 0.002078 0.005478 0.005235 0.003086 0.001894 0.001274 0.000719 0.000271 0.000000 0.000000 0.000000 0.000000 0.000000 0.000000 0.000000 0.000000 0.000000 0.000000 
0.000000 0.000000 0.000000 0.000000 0.000000 0.000000 0.000000 0.000000 -0.000358 -0.001218 -0.002098 -0.009254 -0.020492 -0.017358 -0.002543 0.016518 0.039434 0.059323 0.069406 0.065688 0.050039 0.029377 0.012725 0.003989 0.001491 0.000657 0.000131 0.000000 0.000000 0.000000 0.000000 0.000000 0.000000 0.000000 0.000000 
0.000000 0.000000 0.000000 0.000000 0.000000 0.000000 0.000000 -0.000484 -0.001505 -0.002909 -0.017579 -0.029843 -0.021240 -0.001756 0.026866 0.067524 0.109536 0.144054 0.166545 0.172791 0.156498 0.117779 0.070335 0.031005 0.009126 0.002302 0.001016 0.000212 0.000000 0.000000 0.000000 0.000000 0.000000 0.000000 0.000000 
0.000000 0.000000 0.000000 0.000000 0.000000 0.000000 -0.000441 -0.001440 -0.002897 -0.019255 -0.037764 -0.032934 -0.012125 0.014086 0.062263 0.110947 0.152440 0.187647 0.216704 0.237535 0.245260 0.228278 0.171349 0.099546 0.042640 0.011803 0.002807 0.001213 0.000289 0.000000 0.000000 0.000000 0.000000 0.000000 0.000000 
0.000000 0.000000 0.000000 0.000000 0.000000 -0.000297 -0.001130 -0.002381 -0.012840 -0.041482 -0.046843 -0.030421 -0.014871 0.032962 0.083312 0.127782 0.167159 0.202622 0.234243 0.260829 0.280362 0.286878 0.265989 0.191941 0.104737 0.040016 0.009340 0.003006 0.001271 0.000282 0.000000 0.000000 0.000000 0.000000 0.000000 
0.000000 0.000000 0.000000 0.000000 -0.000115 -0.000678 -0.001717 -0.003832 -0.030429 -0.053208 -0.042599 -0.035100 -0.002092 0.048196 0.092445 0.133480 0.172529 0.208310 0.241019 0.270344 0.295822 0.319733 0.328613 0.289742 0.193350 0.096269 0.030270 0.006323 0.003006 0.001177 0.000188 0.000000 0.000000 0.000000 0.000000 
0.000000 0.000000 0.000000 -0.000085 -0.000330 -0.000850 0.001073 -0.001522 -0.036229 -0.050954 -0.049771 -0.049437 0.003088 0.057979 0.108620 0.147913 0.177833 0.212032 0.246801 0.289544 0.338420 0.381403 0.406310 0.401215 0.313486 0.197176 0.091692 0.030443 0.009098 0.002811 0.000955 0.000099 0.000000 0.000000 0.000000 
0.000000 0.000000 0.000000 -0.000128 -0.000092 0.007355 0.020436 0.002787 -0.058883 -0.085362 -0.102744 -0.093072 -0.037043 0.025102 0.092950 0.155950 0.201412 0.225750 0.271625 0.339598 0.406712 0.463055 0.497769 0.505190 0.441177 0.314909 0.187976 0.090357 0.038930 0.010742 0.002261 0.000554 0.000000 0.000000 0.000000 
0.000000 0.000000 -0.000056 0.000145 0.010927 0.034624 0.035646 -0.025408 -0.108366 -0.148111 -0.180059 -0.161981 -0.107293 -0.040574 0.039374 0.126562 0.204917 0.269262 0.334017 0.418478 0.501123 0.565837 0.606197 0.617482 0.569779 0.436861 0.297402 0.177423 0.098130 0.039655 0.007114 0.001395 0.000137 0.000000 0.000000 
0.000000 0.000000 0.000080 0.006599 0.042046 0.057981 0.016698 -0.071654 -0.152492 -0.170584 -0.188236 -0.160176 -0.107832 -0.054620 0.002328 0.073355 0.172279 0.318902 0.447019 0.528893 0.603669 0.657414 0.689359 0.699212 0.659637 0.534346 0.403303 0.279756 0.184534 0.094999 0.026783 0.002291 0.000522 0.000000 0.000000 
0.000000 -0.000000 0.000635 0.031419 0.077590 0.055146 -0.006813 -0.064529 -0.116783 -0.129285 -0.145423 -0.117869 -0.065621 -0.013983 0.035937 0.081148 0.179241 0.378322 0.559263 0.630295 0.665281 0.705990 0.732808 0.740330 0.697647 0.574293 0.454836 0.356633 0.280532 0.176295 0.068142 0.006798 0.000985 0.000000 0.000000 
0.000000 0.000135 0.005396 0.067279 0.103356 0.054718 0.024157 -0.009220 -0.067159 -0.081237 -0.092992 -0.073217 -0.021218 0.030405 0.076028 0.125567 0.268509 0.463597 0.625377 0.692265 0.701803 0.731685 0.754973 0.757858 0.699325 0.577910 0.469011 0.387895 0.340441 0.261298 0.127878 0.023132 -0.000053 0.000074 0.000000 
0.000000 0.000380 0.021553 0.108725 0.126468 0.090699 0.072329 0.053147 -0.006723 -0.027417 -0.035461 -0.028308 0.018872 0.058704 0.079722 0.138995 0.331519 0.527462 0.659428 0.735921 0.742056 0.748024 0.760231 0.750166 0.667661 0.549852 0.456008 0.398860 0.367484 0.312036 0.194998 0.054777 -0.002334 0.000180 0.000000 
0.000000 0.000684 0.039469 0.139878 0.160848 0.140547 0.122628 0.108175 0.062148 0.026705 0.020694 0.003924 -0.004655 -0.010090 -0.010468 0.086535 0.321565 0.519636 0.645176 0.736840 0.771476 0.793672 0.782271 0.718046 0.606671 0.505292 0.433296 0.398975 0.375015 0.332539 0.239182 0.090262 -0.001534 0.000262 0.000000 
0.000000 0.000959 0.053279 0.177436 0.207708 0.191732 0.174269 0.159561 0.140461 0.090362 0.046935 -0.036729 -0.107165 -0.105020 -0.068204 0.069810 0.315810 0.486791 0.594723 0.655302 0.702472 0.775811 0.804374 0.698987 0.546129 0.452204 0.409533 0.389517 0.367949 0.332294 0.254918 0.116285 0.003654 0.000317 0.000000 
0.000000 0.001094 0.057095 0.208797 0.257229 0.243338 0.226435 0.211637 0.198180 0.146713 0.010871 -0.103288 -0.154159 -0.125103 -0.066298 0.074365 0.304846 0.460671 0.553523 0.559155 0.545102 0.607852 0.678183 0.656061 0.542883 0.430198 0.388804 0.370555 0.350086 0.317042 0.246567 0.121620 0.010220 0.000382 0.000000 
0.000000 0.001010 0.047336 0.222532 0.304578 0.295573 0.278996 0.264277 0.242198 0.136177 -0.001583 -0.104209 -0.128169 -0.112321 -0.072010 0.048331 0.255725 0.409165 0.483458 0.427436 0.360509 0.378578 0.448911 0.544838 0.557550 0.466784 0.367943 0.342487 0.322148 0.288696 0.218999 0.109902 0.012739 0.000368 0.000000 
0.000000 0.000748 0.029268 0.203015 0.339214 0.345890 0.331894 0.316748 0.248873 0.116974 0.006789 -0.044091 -0.056863 -0.059852 -0.046929 0.020999 0.156453 0.291697 0.338415 0.231604 0.158937 0.200500 0.287416 0.425820 0.533983 0.493545 0.374546 0.306079 0.284187 0.247772 0.177890 0.089139 0.011693 0.000340 0.000000 
0.000000 0.000435 0.011225 0.144402 0.334372 0.390388 0.382513 0.364905 0.250187 0.118780 0.032955 0.012509 0.013754 0.016722 0.029506 0.061014 0.131767 0.219038 0.211755 0.083648 0.046754 0.113352 0.199907 0.317369 0.465249 0.485753 0.380334 0.264296 0.235696 0.193120 0.137442 0.074251 0.008303 0.000236 0.000000 
0.000000 0.000159 0.002516 0.078483 0.262130 0.405295 0.427508 0.397616 0.265636 0.141169 0.072825 0.063130 0.065716 0.072456 0.083500 0.116701 0.156297 0.165347 0.079785 -0.029447 -0.019265 0.044058 0.122742 0.225990 0.379158 0.448155 0.364281 0.226591 0.174095 0.135976 0.109630 0.048644 0.003108 0.000097 0.000000 
0.000000 -0.000000 0.000953 0.025688 0.152975 0.326241 0.439204 0.424242 0.292828 0.175881 0.118514 0.111378 0.114227 0.118974 0.123026 0.140455 0.147496 0.054778 -0.092980 -0.139141 -0.091456 -0.029002 0.047514 0.145743 0.294166 0.390276 0.321022 0.175291 0.113754 0.113163 0.084183 0.024729 0.001233 0.000000 0.000000 
0.000000 0.000000 0.000246 0.003347 0.060260 0.191201 0.331593 0.393135 0.312185 0.207759 0.156082 0.150159 0.151852 0.151611 0.137782 0.095980 0.029031 -0.081731 -0.187073 -0.201482 -0.162842 -0.103364 -0.026929 0.070663 0.218175 0.320573 0.258204 0.137341 0.106554 0.095784 0.047827 0.006949 0.000571 0.000000 0.000000 
0.000000 0.000000 -0.000062 0.000482 0.010321 0.072593 0.179758 0.252909 0.206269 0.147903 0.122023 0.122924 0.117092 0.090383 0.032803 -0.055405 -0.151209 -0.206064 -0.207307 -0.185560 -0.163694 -0.126566 -0.061562 0.035224 0.193384 0.302806 0.257654 0.140158 0.094399 0.056378 0.015285 0.001599 0.000151 0.000000 0.000000 
0.000000 0.000000 0.000000 -0.000104 0.000577 0.011524 0.057224 0.108097 0.063122 -0.002156 -0.037027 -0.040079 -0.049616 -0.079935 -0.136176 -0.206805 -0.268642 -0.282370 -0.235451 -0.184286 -0.140308 -0.089940 -0.017922 0.083187 0.247648 0.319902 0.240506 0.108171 0.051329 0.017190 0.002660 0.000604 0.000000 0.000000 0.000000 
0.000000 0.000000 0.000000 -0.000099 -0.000177 0.000139 0.004163 0.016922 -0.037481 -0.131414 -0.190793 -0.206886 -0.215600 -0.236560 -0.268220 -0.298671 -0.307501 -0.292739 -0.265379 -0.213949 -0.152177 -0.082679 0.002248 0.118306 0.273533 0.286431 0.162205 0.044466 0.012838 0.003288 0.001049 0.000096 0.000000 0.000000 0.000000 
0.000000 0.000000 0.000000 0.000000 -0.000167 -0.000403 -0.000863 -0.002997 -0.047324 -0.165551 -0.268375 -0.312344 -0.319536 -0.324775 -0.324615 -0.315687 -0.302620 -0.284525 -0.259498 -0.225647 -0.175941 -0.101743 -0.003035 0.145221 0.245698 0.193285 0.067229 0.009030 0.003729 0.001369 0.000218 0.000000 0.000000 0.000000 0.000000 
0.000000 0.000000 0.000000 0.000000 0.000000 -0.000223 -0.000721 -0.001999 -0.015546 -0.095966 -0.221032 -0.304897 -0.327349 -0.326173 -0.319322 -0.308096 -0.292908 -0.271837 -0.243264 -0.203452 -0.148684 -0.071282 0.048137 0.186227 0.198597 0.102409 0.020406 0.004087 0.001560 0.000327 0.000000 0.000000 0.000000 0.000000 0.000000 
0.000000 0.000000 0.000000 0.000000 0.000000 0.000000 -0.000232 -0.001002 -0.003007 -0.029237 -0.114237 -0.224964 -0.293003 -0.306894 -0.301788 -0.290127 -0.272574 -0.247551 -0.212620 -0.163315 -0.092628 0.015777 0.146353 0.182466 0.112908 0.032640 0.004290 0.001614 0.000346 0.000000 0.000000 0.000000 0.000000 0.000000 0.000000 
0.000000 0.000000 0.000000 0.000000 0.000000 0.000000 0.000000 -0.000239 -0.001068 -0.003250 -0.028821 -0.098573 -0.181395 -0.241214 -0.257252 -0.248252 -0.227013 -0.194869 -0.147142 -0.075281 0.023626 0.120070 0.142162 0.093725 0.030210 0.003860 0.001433 0.000294 0.000000 0.000000 0.000000 0.000000 0.000000 0.000000 0.000000 
0.000000 0.000000 0.000000 0.000000 0.000000 0.000000 0.000000 0.000000 -0.000146 -0.000843 -0.002326 -0.013303 -0.052796 -0.102882 -0.136721 -0.140977 -0.121098 -0.083269 -0.029255 0.034999 0.084329 0.086991 0.051610 0.013854 0.002491 0.000983 0.000164 0.000000 0.000000 0.000000 0.000000 0.000000 0.000000 0.000000 0.000000 
0.000000 0.000000 0.000000 0.000000 0.000000 0.000000 0.000000 0.000000 0.000000 0.000000 -0.000391 -0.001125 -0.002364 -0.007743 -0.020537 -0.027630 -0.020986 -0.001885 0.019525 0.029319 0.022261 0.007991 0.002326 0.001189 0.000444 0.000000 0.000000 0.000000 0.000000 0.000000 0.000000 0.000000 0.000000 0.000000 0.000000 
0.000000 0.000000 0.000000 0.000000 0.000000 0.000000 0.000000 0.000000 0.000000 0.000000 0.000000 0.000000 -0.000182 -0.000433 -0.000635 -0.000645 -0.000379 0.000116 0.000607 0.000870 0.000836 0.000590 0.000270 0.000000 0.000000 0.000000 0.000000 0.000000 0.000000 0.000000 0.000000 0.000000 0.000000 0.000000 0.000000 
