0.000000 0.000000 0.000000 0.000000 0.000000 0.000000 0.000000 0.000000 0.000000 0.000000 0.000000 0.000000 0.000000 0.000000 0.000000 0.000000 0.000000 0.000000 0.000000 0.000000 0.000000 0.000000 0.000000 0.000000 0.000000 0.000000 0.000000 0.000000 0.000000 0.000000 0.000000 0.000000 0.000000 0.000000 0.000000 
0.000000 0.000000 0.000000 0.000000 0.000000 0.000000 0.000000 0.000000 0.000000 0.000000 0.000000 0.000000 0.000000 0.000000 0.000000 0.000000 0.000000 0.000000 0.000000 0.000000 0.000000 0.000000 0.000000 0.000000 0.000000 0.000000 0.000000 0.000000 0.000000 0.000000 0.000000 0.000000 0.000000 0.000000 0.000000 
0.000000 0.000000 0.000000 0.000000 0.000000 0.000000 0.000000 0.000000 0.000000 0.000000 0.000000 0.000000 -0.000515 -0.001006 -0.001366 -0.001581 -0.001615 -0.001430 -0.001104 -0.000761 -0.000480 -0.000281 -0.000119 0.000000 0.000000 0.000000 0.000000 0.000000 0.000000 0.000000 0.000000 0.000000 0.000000 0.000000 0.000000 
0.000000 0.000000 0.000000 0.000000 0.000000 0.000000 0.000000 0.000000 0.000000 0.000000 -0.000893 -0.001853 -0.003112 -0.009832 -0.024082 -0.032315 -0.034240 -0.031769 -0.024096 -0.016692 -0.010018 -0.003152 -0.000514 -0.000258 -0.000155 0.000000 0.000000 0.000000 0.000000 0.000000 0.000000 0.000000 0.000000 0.000000 0.000000 
0.000000 0.000000 0.000000 0.000000 0.000000 0.000000 0.000000 0.000000 -0.000434 -0.001614 -0.003079 -0.014437 -0.037672 -0.047434 -0.041982 -0.027611 -0.004936 0.015524 0.025989 0.024910 0.017574 0.005410 -0.002790 -0.002021 -0.000043 -0.000095 -0.000060 0.000000 0.000000 0.000000 0.000000 0.000000 0.000000 0.000000 0.000000 
0.000000 0.000000 0.000000 0.000000 0.000000 0.000000 0.000000 -0.000535 -0.001736 -0.003653 -0.024391 -0.047762 -0.045976 -0.026096 0.007663 0.054219 0.098216 0.132876 0.155264 0.160492 0.141550 0.103642 0.055523 0.016169 0.000389 0.000238 0.000007 -0.000074 0.000000 0.000000 0.000000 0.000000 0.000000 0.000000 0.000000 
0.000000 0.000000 0.000000 0.000000 0.000000 0.000000 -0.000381 -0.001316 -0.002890 -0.023532 -0.049899 -0.045643 -0.021373 0.007125 0.055419 0.101434 0.140506 0.174632 0.203776 0.226102 0.236265 0.221727 0.173579 0.099051 0.031746 0.003505 0.000500 0.000023 -0.000092 0.000000 0.000000 0.000000 0.000000 0.000000 0.000000 
0.000000 0.000000 0.000000 0.000000 0.000000 -0.000158 -0.000632 -0.001508 -0.013120 -0.046914 -0.050448 -0.029899 -0.015619 0.028471 0.073140 0.113079 0.149124 0.182814 0.213918 0.242340 0.265136 0.277111 0.262854 0.204538 0.112005 0.031607 0.003045 0.000574 -0.000026 -0.000118 0.000000 0.000000 0.000000 0.000000 0.000000 
0.000000 0.000000 0.000000 0.000000 0.000040 0.000016 -0.000199 -0.000825 -0.022988 -0.032030 -0.005173 0.005198 0.028979 0.059372 0.081749 0.113956 0.148844 0.182161 0.214269 0.244488 0.270794 0.288924 0.297694 0.273092 0.193504 0.088423 0.016002 0.001705 0.000550 -0.000052 -0.000136 0.000000 0.000000 0.000000 0.000000 
0.000000 0.000000 0.000000 -0.000004 0.000311 0.001059 0.013129 0.037009 0.034575 0.051857 0.065942 0.060703 0.100853 0.138272 0.162846 0.164367 0.155961 0.180112 0.209456 0.230869 0.261909 0.298792 0.327752 0.334403 0.273819 0.160181 0.046173 0.001547 -0.000671 0.000496 -0.000020 -0.000069 0.000000 0.000000 0.000000 
0.000000 0.000000 0.000000 0.000256 0.001634 0.026829 0.081729 0.104278 0.061038 0.042887 0.020192 0.014419 0.060678 0.115935 0.176220 0.222387 0.232820 0.196858 0.194212 0.244305 0.310393 0.375234 0.423325 0.445016 0.407993 0.287478 0.136204 0.027550 0.001050 -0.002407 0.000427 -0.000018 0.000000 0.000000 0.000000 
0.000000 0.000000 0.000063 0.001048 0.027744 0.097717 0.141715 0.083648 -0.010551 -0.063875 -0.115200 -0.118159 -0.072607 -0.004267 0.086627 0.186819 0.254699 0.257174 0.254135 0.327698 0.429863 0.517222 0.576954 0.603771 0.581377 0.455457 0.281111 0.122283 0.040211 0.003880 -0.003221 0.000421 -0.000040 0.000000 0.000000 
0.000000 0.000000 0.000358 0.013291 0.091250 0.153285 0.110827 -0.006916 -0.109211 -0.134498 -0.165795 -0.157244 -0.115685 -0.068008 -0.009173 0.073744 0.173422 0.313192 0.420451 0.482448 0.571131 0.641162 0.687404 0.712135 0.700889 0.590739 0.431808 0.260599 0.140806 0.046392 0.001129 -0.001566 0.000222 0.000000 0.000000 
0.000000 -0.000000 0.001112 0.055445 0.150924 0.139567 0.046586 -0.031877 -0.091839 -0.108336 -0.137219 -0.128934 -0.087691 -0.042506 0.004130 0.036317 0.125639 0.360875 0.577228 0.627124 0.645137 0.697437 0.737953 0.760863 0.749553 0.640814 0.494882 0.359105 0.262876 0.136533 0.032431 -0.003983 0.000679 0.000000 0.000000 
0.000000 0.000106 0.007598 0.106273 0.179979 0.111317 0.058905 0.009966 -0.056458 -0.072835 -0.093347 -0.092108 -0.051253 -0.006277 0.032654 0.061364 0.198845 0.432462 0.644575 0.711441 0.693713 0.728575 0.765598 0.785097 0.762153 0.649851 0.511964 0.396635 0.333527 0.234190 0.089527 0.007164 -0.000465 0.000139 0.000000 
0.000000 0.000263 0.028260 0.156924 0.192852 0.131597 0.094985 0.062521 -0.006217 -0.028592 -0.041004 -0.049959 -0.015364 0.013161 0.014113 0.041680 0.237746 0.465376 0.640660 0.749145 0.742550 0.748372 0.775978 0.787765 0.740780 0.619132 0.493206 0.409890 0.365570 0.291974 0.155088 0.032069 -0.002864 0.000369 0.000000 
0.000000 0.000409 0.046462 0.184907 0.215604 0.172176 0.136567 0.110647 0.054398 0.014473 0.007573 -0.023810 -0.060323 -0.090243 -0.114901 -0.029675 0.233223 0.464080 0.621086 0.747289 0.774893 0.794916 0.804406 0.775471 0.687058 0.566983 0.462793 0.409550 0.374710 0.315148 0.199471 0.064006 -0.000287 0.000629 0.000000 
0.000000 0.000509 0.058108 0.221051 0.255001 0.216237 0.181691 0.156406 0.128332 0.070695 0.018206 -0.086500 -0.186337 -0.189674 -0.149606 -0.001755 0.272096 0.470233 0.605193 0.692862 0.731055 0.790873 0.844965 0.774932 0.619274 0.498109 0.430272 0.399079 0.367232 0.314897 0.214429 0.081840 0.004407 0.000833 0.000000 
0.000000 0.000573 0.059442 0.248966 0.299362 0.262339 0.229690 0.204479 0.182183 0.117655 -0.043264 -0.178161 -0.223899 -0.171677 -0.117175 0.021751 0.278463 0.460671 0.579907 0.611769 0.595978 0.654425 0.747923 0.730935 0.597019 0.459255 0.404801 0.377713 0.346831 0.298041 0.204433 0.081451 0.007873 0.000903 0.000000 
0.000000 0.000493 0.046582 0.256977 0.345067 0.312970 0.279713 0.254715 0.221458 0.090271 -0.074729 -0.180154 -0.168761 -0.127384 -0.100592 0.010771 0.245255 0.425723 0.527171 0.499001 0.441911 0.463232 0.528083 0.594609 0.586280 0.486452 0.380072 0.345641 0.314726 0.264191 0.171706 0.066287 0.007911 0.000818 0.000000 
0.000000 0.000381 0.028021 0.229271 0.378925 0.363281 0.332199 0.306174 0.219376 0.055282 -0.073598 -0.101516 -0.078998 -0.061096 -0.050346 0.010550 0.180542 0.347254 0.426757 0.347814 0.263370 0.280653 0.343084 0.453554 0.547104 0.505776 0.382295 0.303607 0.270248 0.216143 0.123133 0.044110 0.004699 0.000615 0.000000 
0.000000 0.000247 0.011755 0.167109 0.374281 0.410450 0.384427 0.353874 0.212990 0.049500 -0.040165 -0.025090 -0.001993 0.016374 0.029012 0.047791 0.150535 0.281124 0.305528 0.180963 0.112364 0.158895 0.234143 0.339020 0.470792 0.486927 0.379828 0.254921 0.213040 0.152222 0.071057 0.026051 0.001597 0.000354 0.000000 
0.000000 0.000094 0.002928 0.094451 0.300480 0.432403 0.434422 0.388876 0.222684 0.069228 0.009998 0.035891 0.055091 0.075566 0.091590 0.097525 0.137098 0.196481 0.149449 0.034756 0.024108 0.080740 0.152777 0.244881 0.379513 0.439752 0.353580 0.207405 0.139347 0.079377 0.033007 0.009651 0.000906 0.000127 0.000000 
0.000000 -0.000000 0.001260 0.036469 0.188686 0.366002 0.456860 0.421770 0.252782 0.109360 0.066609 0.090845 0.109082 0.127527 0.143170 0.143626 0.129531 0.072225 -0.039378 -0.094310 -0.059649 -0.000480 0.069584 0.156808 0.285962 0.369327 0.296078 0.142639 0.060355 0.028743 0.010849 0.000703 0.000756 0.000000 0.000000 
0.000000 0.000000 0.000546 0.007204 0.085914 0.239808 0.375321 0.412292 0.283680 0.151366 0.114831 0.137236 0.153806 0.167863 0.170319 0.142425 0.055599 -0.076020 -0.188217 -0.201871 -0.151342 -0.089977 -0.019076 0.067731 0.195734 0.284487 0.214923 0.072604 0.012425 0.000480 -0.001378 0.000257 0.000293 0.000000 0.000000 
0.000000 0.000000 0.000115 0.001456 0.020656 0.108368 0.237677 0.308049 0.222561 0.129307 0.110426 0.136636 0.146336 0.138998 0.104063 0.035374 -0.071327 -0.193976 -0.257089 -0.245818 -0.210947 -0.162873 -0.096248 -0.008597 0.128524 0.218570 0.159839 0.031102 -0.011670 -0.006715 -0.001532 0.000696 0.000033 0.000000 0.000000 
0.000000 0.000000 0.000000 0.000468 0.002412 0.024673 0.095104 0.170904 0.114893 0.025276 -0.003843 0.020095 0.024828 0.007885 -0.039858 -0.111512 -0.191230 -0.253478 -0.266859 -0.250723 -0.223578 -0.180773 -0.115643 -0.024303 0.124712 0.191654 0.120584 0.006681 -0.009965 -0.002284 0.000934 0.000221 0.000000 0.000000 0.000000 
0.000000 0.000000 0.000000 0.000069 0.000799 0.002454 0.013931 0.045818 0.008037 -0.094420 -0.151127 -0.140073 -0.137042 -0.153949 -0.191709 -0.239995 -0.270156 -0.260819 -0.243507 -0.230404 -0.206403 -0.162972 -0.095518 0.008166 0.157820 0.183621 0.091402 0.005935 0.000782 0.001379 0.000407 0.000016 0.000000 0.000000 0.000000 
0.000000 0.000000 0.000000 0.000000 0.000158 0.000826 0.001593 0.001621 -0.033056 -0.157705 -0.268529 -0.295693 -0.288617 -0.293966 -0.299587 -0.289831 -0.275870 -0.258376 -0.235813 -0.206124 -0.165244 -0.112920 -0.034106 0.104924 0.208272 0.172107 0.059787 0.006022 0.002210 0.000675 0.000062 0.000000 0.000000 0.000000 0.000000 
0.000000 0.000000 0.000000 0.000000 0.000000 0.000177 0.000577 0.000433 -0.009251 -0.087556 -0.228300 -0.317495 -0.324214 -0.316406 -0.304097 -0.289607 -0.272584 -0.252029 -0.225228 -0.188749 -0.138511 -0.066791 0.048884 0.185704 0.202201 0.107842 0.020686 0.003214 0.001062 0.000188 0.000000 0.000000 0.000000 0.000000 0.000000 
0.000000 0.000000 0.000000 0.000000 0.000000 0.000000 0.000149 0.000187 -0.000700 -0.020939 -0.103342 -0.224469 -0.295233 -0.300343 -0.292793 -0.278694 -0.259646 -0.234536 -0.200686 -0.153801 -0.085784 0.022738 0.155600 0.195175 0.125042 0.036917 0.004283 0.001490 0.000285 0.000000 0.000000 0.000000 0.000000 0.000000 0.000000 
0.000000 0.000000 0.000000 0.000000 0.000000 0.000000 0.000000 0.000046 -0.000058 -0.001186 -0.020083 -0.083738 -0.166583 -0.227077 -0.242304 -0.235953 -0.215732 -0.183692 -0.135822 -0.061975 0.042830 0.144410 0.166897 0.111644 0.037022 0.004604 0.001664 0.000345 0.000000 0.000000 0.000000 0.000000 0.000000 0.000000 0.000000 
0.000000 0.000000 0.000000 0.000000 0.000000 0.000000 0.000000 0.000000 0.000045 -0.000091 -0.000792 -0.007293 -0.037281 -0.078916 -0.104256 -0.100198 -0.077681 -0.039470 0.015115 0.079128 0.123768 0.117066 0.068790 0.019036 0.003472 0.001378 0.000240 0.000000 0.000000 0.000000 0.000000 0.000000 0.000000 0.000000 0.000000 
0.000000 0.000000 0.000000 0.000000 0.000000 0.000000 0.000000 0.000000 0.000000 0.000000 0.000035 -0.000148 -0.000577 -0.002697 -0.007433 -0.005704 0.008587 0.031962 0.050830 0.053446 0.036583 0.013011 0.003801 0.001897 0.000713 0.000000 0.000000 0.000000 0.000000 0.000000 0.000000 0.000000 0.000000 0.000000 0.000000 
0.000000 0.000000 0.000000 0.000000 0.000000 0.000000 0.000000 0.000000 0.000000 0.000000 0.000000 0.000000 0.000087 0.000179 0.000327 0.000657 0.001185 0.001777 0.002150 0.002114 0.001713 0.001112 0.000485 0.000000 0.000000 0.000000 0.000000 0.000000 0.000000 0.000000 0.000000 0.000000 0.000000 0.000000 0.000000 
