0.000000 0.000000 0.000000 0.000000 0.000000 0.000000 0.000000 0.000000 0.000000 0.000000 0.000000 0.000000 0.000000 0.000000 0.000000 0.000000 0.000010 0.000156 0.000072 0.000000 0.000000 0.000000 0.000000 0.000000 0.000000 0.000000 0.000000 0.000000 0.000000 0.000000 0.000000 0.000000 0.000000 0.000000 0.000000 
0.000000 0.000000 0.000000 0.000000 0.000000 0.000000 0.000000 0.000000 0.000000 0.000000 0.000000 0.000000 0.000065 0.000355 0.000904 0.001730 0.002673 0.003401 0.003553 0.003115 0.002335 0.001473 0.000648 0.000000 0.000000 0.000000 0.000000 0.000000 0.000000 0.000000 0.000000 0.000000 0.000000 0.000000 0.000000 
0.000000 0.000000 0.000000 0.000000 0.000000 0.000000 0.000000 0.000000 0.000000 -0.000033 -0.000208 -0.000137 0.000493 0.004997 0.024791 0.060491 0.100695 0.128729 0.129751 0.102972 0.059189 0.018940 0.004617 0.002189 0.000854 -0.000021 0.000000 0.000000 0.000000 0.000000 0.000000 0.000000 0.000000 0.000000 0.000000 
0.000000 0.000000 0.000000 0.000000 0.000000 0.000000 0.000000 0.000000 -0.000263 -0.000700 -0.000837 0.001122 0.021137 0.073805 0.156420 0.249067 0.318402 0.358956 0.370465 0.348067 0.284285 0.192111 0.095191 0.024522 0.003588 0.001414 0.000293 0.000000 0.000000 0.000000 0.000000 0.000000 0.000000 0.000000 0.000000 
0.000000 0.000000 0.000000 0.000000 0.000000 0.000000 0.000000 -0.000442 -0.001256 -0.001949 -0.001461 0.022887 0.091190 0.201174 0.310137 0.375673 0.413856 0.441643 0.464512 0.480131 0.471623 0.406084 0.283040 0.148973 0.044776 0.004681 0.001569 0.000345 0.000000 0.000000 0.000000 0.000000 0.000000 0.000000 0.000000 
0.000000 0.000000 0.000000 0.000000 0.000000 0.000000 -0.000639 -0.001824 -0.003125 -0.007098 0.008007 0.072736 0.187767 0.298093 0.350286 0.382658 0.409931 0.434430 0.457463 0.479309 0.498733 0.503207 0.444142 0.315406 0.157679 0.041925 0.003763 0.001286 0.000283 0.000000 0.000000 0.000000 0.000000 0.000000 0.000000 
0.000000 0.000000 0.000000 0.000000 0.000000 -0.000724 -0.002360 -0.004364 -0.010077 -0.012053 0.031679 0.135573 0.257392 0.311021 0.344597 0.372142 0.396613 0.419838 0.442762 0.465484 0.487456 0.507222 0.511599 0.431620 0.289717 0.124730 0.021350 0.002245 0.000735 0.000165 0.000000 0.000000 0.000000 0.000000 0.000000 
0.000000 0.000000 0.000000 0.000000 -0.000706 -0.002703 -0.005586 -0.011144 -0.037920 -0.049425 0.006191 0.121230 0.205418 0.266406 0.324709 0.357365 0.381255 0.404039 0.426833 0.449757 0.470397 0.482325 0.492197 0.470704 0.358720 0.206343 0.060648 0.003224 0.000736 0.000160 0.000036 0.000000 0.000000 0.000000 0.000000 
0.000000 0.000000 0.000000 -0.000501 -0.002742 -0.006756 -0.032634 -0.099363 -0.192472 -0.225403 -0.164608 -0.057325 0.000417 0.069282 0.154675 0.255181 0.350684 0.388638 0.407275 0.404375 0.399982 0.403733 0.414155 0.424436 0.345820 0.210790 0.064335 -0.016934 -0.008030 -0.000639 -0.000231 -0.000035 0.000000 0.000000 0.000000 
0.000000 0.000000 0.000010 -0.002261 -0.007336 -0.058303 -0.171553 -0.320603 -0.441270 -0.463236 -0.393084 -0.311272 -0.257335 -0.183998 -0.085146 0.039541 0.186174 0.317560 0.342812 0.332102 0.334623 0.348240 0.367579 0.385469 0.341999 0.209393 0.052281 -0.065367 -0.055732 -0.018543 -0.001470 -0.000353 0.000022 0.000000 0.000000 
0.000000 0.000000 -0.001267 -0.005385 -0.061465 -0.216891 -0.416456 -0.588787 -0.706774 -0.720898 -0.645008 -0.580467 -0.532153 -0.465090 -0.367965 -0.229375 -0.065774 0.089841 0.235456 0.294101 0.321904 0.353855 0.383715 0.406021 0.382039 0.245987 0.073723 -0.080670 -0.110845 -0.066893 -0.019649 -0.001178 -0.000259 0.000000 0.000000 
0.000000 0.000000 -0.003159 -0.033758 -0.205970 -0.463940 -0.680179 -0.847555 -0.921665 -0.861455 -0.735994 -0.661045 -0.625280 -0.598304 -0.565316 -0.496550 -0.389418 -0.193865 0.076982 0.283847 0.350837 0.382324 0.409206 0.430867 0.416341 0.286932 0.118554 -0.049758 -0.117520 -0.109357 -0.059275 -0.010083 -0.000702 0.000000 0.000000 
0.000000 -0.000901 -0.006610 -0.132556 -0.420397 -0.720740 -0.892377 -0.940700 -0.941464 -0.872269 -0.744387 -0.663176 -0.627816 -0.605233 -0.592350 -0.611301 -0.618154 -0.455331 -0.123588 0.214778 0.359033 0.393299 0.421007 0.443210 0.423388 0.290646 0.123601 -0.030331 -0.085241 -0.106084 -0.090553 -0.036165 -0.001518 -0.000196 0.000000 
0.000000 -0.002074 -0.026663 -0.282777 -0.663433 -0.897808 -0.933717 -0.937662 -0.938167 -0.875530 -0.751167 -0.654268 -0.617188 -0.595306 -0.593429 -0.639013 -0.664642 -0.594677 -0.345976 0.068660 0.340912 0.401552 0.430556 0.452367 0.413928 0.272490 0.106486 -0.036967 -0.068609 -0.077320 -0.092090 -0.058574 -0.006567 -0.000413 0.000000 
0.000000 -0.003386 -0.085462 -0.453636 -0.843898 -0.937752 -0.931793 -0.918575 -0.923111 -0.875535 -0.764699 -0.647217 -0.600652 -0.577213 -0.594405 -0.672063 -0.723623 -0.736384 -0.633809 -0.218482 0.226639 0.379955 0.433328 0.452932 0.381231 0.229743 0.069613 -0.049132 -0.058391 -0.061625 -0.070718 -0.062057 -0.017554 -0.000560 0.000000 
0.000000 -0.004720 -0.158932 -0.604666 -0.913571 -0.934699 -0.919647 -0.899929 -0.898295 -0.873719 -0.788591 -0.656414 -0.574665 -0.568419 -0.652316 -0.775286 -0.860832 -0.930504 -0.942131 -0.613449 -0.107511 0.175815 0.322965 0.399045 0.317125 0.161475 0.015800 -0.047711 -0.050087 -0.051126 -0.053060 -0.048141 -0.022127 -0.000552 0.000000 
-0.000097 -0.005778 -0.218095 -0.688535 -0.922863 -0.922530 -0.903179 -0.880403 -0.866616 -0.863275 -0.801447 -0.668013 -0.576575 -0.620269 -0.744410 -0.865976 -0.931268 -0.990083 -1.023381 -0.814939 -0.360047 -0.082375 0.045343 0.153425 0.162818 0.070506 -0.033927 -0.043233 -0.042890 -0.041882 -0.040105 -0.030271 -0.015248 -0.000344 -0.000024 
-0.000258 -0.006092 -0.239940 -0.704906 -0.909074 -0.904774 -0.883779 -0.860381 -0.842386 -0.821987 -0.766394 -0.708866 -0.690127 -0.714752 -0.774297 -0.835544 -0.894131 -0.949761 -0.981370 -0.808131 -0.383372 -0.178663 -0.208171 -0.202908 -0.147647 -0.071992 -0.042721 -0.038828 -0.036025 -0.032817 -0.028431 -0.011735 -0.000504 0.000030 0.000014 
-0.000079 -0.005446 -0.211235 -0.662221 -0.883650 -0.882975 -0.863208 -0.840001 -0.814368 -0.745454 -0.719851 -0.775533 -0.841159 -0.829505 -0.803180 -0.804706 -0.856469 -0.903402 -0.931646 -0.742395 -0.370542 -0.272763 -0.423110 -0.514548 -0.443897 -0.251279 -0.060426 -0.034108 -0.028754 -0.023000 -0.015635 0.008469 0.013679 0.000361 0.000036 
0.000000 -0.004165 -0.148962 -0.560558 -0.837576 -0.855343 -0.839728 -0.818446 -0.755388 -0.682208 -0.694108 -0.812639 -0.914975 -0.947671 -0.935546 -0.915159 -0.932033 -0.957852 -0.984587 -0.774808 -0.479221 -0.471894 -0.607923 -0.685261 -0.599679 -0.391767 -0.152842 -0.028911 -0.019735 -0.011463 0.001928 0.030609 0.019367 0.000492 0.000000 
0.000000 -0.002762 -0.076605 -0.406309 -0.742262 -0.818915 -0.811297 -0.789526 -0.693104 -0.636877 -0.688617 -0.819733 -0.909723 -0.980956 -1.030709 -1.046698 -1.076965 -1.126715 -1.096826 -0.843650 -0.593532 -0.597599 -0.662280 -0.710919 -0.669684 -0.490830 -0.247442 -0.030185 -0.008360 0.002955 0.028710 0.048124 0.014249 0.000434 0.000000 
0.000000 -0.001535 -0.021900 -0.243445 -0.562329 -0.747682 -0.773352 -0.739788 -0.637729 -0.601223 -0.682418 -0.805730 -0.887010 -0.958107 -1.020102 -1.055382 -1.093604 -1.130977 -1.011171 -0.733923 -0.571498 -0.594680 -0.646758 -0.698919 -0.698641 -0.549412 -0.310406 -0.058462 0.006715 0.027101 0.060456 0.045897 0.004614 0.000275 0.000000 
0.000000 -0.000590 -0.004546 -0.107152 -0.342572 -0.576174 -0.701051 -0.680602 -0.585220 -0.564888 -0.663302 -0.777475 -0.855893 -0.924421 -0.984204 -1.023823 -1.010803 -0.937335 -0.770662 -0.576654 -0.529405 -0.574612 -0.627378 -0.680949 -0.700833 -0.570782 -0.338587 -0.075289 0.031904 0.065754 0.066223 0.026023 0.000740 0.000106 0.000000 
0.000000 0.000000 -0.001815 -0.023839 -0.157327 -0.354420 -0.510307 -0.565899 -0.522959 -0.516802 -0.623154 -0.734922 -0.811619 -0.876100 -0.922132 -0.928367 -0.852529 -0.699412 -0.541687 -0.466706 -0.500538 -0.552864 -0.606872 -0.661055 -0.685982 -0.562667 -0.331352 -0.050676 0.072060 0.074270 0.041139 0.005636 0.000181 0.000000 0.000000 
0.000000 0.000000 -0.000578 -0.002681 -0.040505 -0.152289 -0.293650 -0.360560 -0.341670 -0.375900 -0.506342 -0.633640 -0.703050 -0.742464 -0.747887 -0.717160 -0.646870 -0.528125 -0.422408 -0.417417 -0.462075 -0.516784 -0.574895 -0.629990 -0.644650 -0.510736 -0.273308 -0.008963 0.069351 0.042349 0.010467 -0.000041 -0.000018 0.000000 0.000000 
0.000000 0.000000 0.000033 -0.000776 -0.002915 -0.033020 -0.105494 -0.169328 -0.149334 -0.167901 -0.279425 -0.417549 -0.487156 -0.524776 -0.531191 -0.510834 -0.472136 -0.431478 -0.424928 -0.441756 -0.469234 -0.509865 -0.558713 -0.610251 -0.603595 -0.463564 -0.231416 -0.003835 0.028854 0.007397 -0.000602 -0.000327 -0.000042 0.000000 0.000000 
0.000000 0.000000 0.000000 -0.000072 -0.000540 -0.001374 -0.012547 -0.034293 -0.003037 0.009632 -0.068583 -0.215791 -0.293352 -0.339364 -0.361389 -0.365601 -0.371994 -0.409922 -0.454611 -0.489602 -0.520503 -0.558188 -0.602459 -0.648077 -0.598555 -0.435712 -0.192764 -0.016069 -0.001507 -0.002013 -0.000808 -0.000162 0.000000 0.000000 0.000000 
0.000000 0.000000 0.000000 0.000000 0.000016 0.000037 0.000478 0.002309 0.043352 0.102828 0.079944 -0.043683 -0.156139 -0.218612 -0.268271 -0.319519 -0.368563 -0.416290 -0.463921 -0.512477 -0.562764 -0.611829 -0.659677 -0.675411 -0.573652 -0.366504 -0.121491 -0.011176 -0.003968 -0.001510 -0.000366 0.000000 0.000000 0.000000 0.000000 
0.000000 0.000000 0.000000 0.000000 0.000000 0.000168 0.000710 0.001989 0.016859 0.075202 0.107643 0.040404 -0.102265 -0.195321 -0.263289 -0.322264 -0.375865 -0.426456 -0.476271 -0.526398 -0.577449 -0.628391 -0.666331 -0.615846 -0.454751 -0.212565 -0.041249 -0.005995 -0.002361 -0.000601 0.000000 0.000000 0.000000 0.000000 0.000000 
0.000000 0.000000 0.000000 0.000000 0.000000 0.000000 0.000286 0.001164 0.003032 0.027469 0.072566 0.070950 -0.024730 -0.165232 -0.256615 -0.322943 -0.381438 -0.435777 -0.487642 -0.538935 -0.589324 -0.625922 -0.598847 -0.465692 -0.251285 -0.072899 -0.007872 -0.003024 -0.000764 0.000000 0.000000 0.000000 0.000000 0.000000 0.000000 
0.000000 0.000000 0.000000 0.000000 0.000000 0.000000 0.000000 0.000324 0.001260 0.003240 0.023949 0.051155 0.031762 -0.063033 -0.198141 -0.302647 -0.376900 -0.437081 -0.491393 -0.538534 -0.561295 -0.522186 -0.394791 -0.224731 -0.073227 -0.008672 -0.003190 -0.000781 0.000000 0.000000 0.000000 0.000000 0.000000 0.000000 0.000000 
0.000000 0.000000 0.000000 0.000000 0.000000 0.000000 0.000000 0.000000 0.000255 0.000991 0.002090 0.010801 0.024431 0.007657 -0.059168 -0.163363 -0.260422 -0.333653 -0.377735 -0.385810 -0.344835 -0.254837 -0.137196 -0.038329 -0.006195 -0.002633 -0.000603 0.000000 0.000000 0.000000 0.000000 0.000000 0.000000 0.000000 0.000000 
0.000000 0.000000 0.000000 0.000000 0.000000 0.000000 0.000000 0.000000 0.000000 -0.000010 0.000536 0.001079 0.001598 0.003681 0.000182 -0.023822 -0.066393 -0.110215 -0.131300 -0.117794 -0.074794 -0.026073 -0.006844 -0.003484 -0.001452 0.000019 0.000000 0.000000 0.000000 0.000000 0.000000 0.000000 0.000000 0.000000 0.000000 
0.000000 0.000000 0.000000 0.000000 0.000000 0.000000 0.000000 0.000000 0.000000 0.000000 0.000000 0.000000 0.000255 0.000352 0.000140 -0.000495 -0.001543 -0.002713 -0.003461 -0.003485 -0.002905 -0.001999 -0.000941 0.000000 0.000000 0.000000 0.000000 0.000000 0.000000 0.000000 0.000000 0.000000 0.000000 0.000000 0.000000 
0.000000 0.000000 0.000000 0.000000 0.000000 0.000000 0.000000 0.000000 0.000000 0.000000 0.000000 0.000000 0.000000 0.000000 0.000000 0.000000 0.000018 -0.000115 -0.000123 0.000000 0.000000 0.000000 0.000000 0.000000 0.000000 0.000000 0.000000 0.000000 0.000000 0.000000 0.000000 0.000000 0.000000 0.000000 0.000000 
