0.000000 0.000000 0.000000 0.000000 0.000000 0.000000 0.000000 0.000000 0.000000 0.000000 0.000000 0.000000 0.000000 0.000000 0.000000 0.000000 0.000000 0.000000 0.000000 0.000000 0.000000 0.000000 0.000000 0.000000 0.000000 0.000000 0.000000 0.000000 0.000000 0.000000 0.000000 0.000000 0.000000 0.000000 0.000000 
0.000000 0.000000 0.000000 0.000000 0.000000 0.000000 0.000000 0.000000 0.000000 0.000000 0.000000 0.000000 0.000000 0.000000 0.000083 0.000263 0.000539 0.000850 0.001051 0.001059 0.000832 0.000500 0.000184 -0.000000 0.000000 0.000000 0.000000 0.000000 0.000000 0.000000 0.000000 0.000000 0.000000 0.000000 0.000000 
0.000000 0.000000 0.000000 0.000000 0.000000 0.000000 0.000000 0.000000 0.000000 0.000000 0.000000 -0.000110 -0.000176 -0.000035 0.002138 0.010859 0.024319 0.038640 0.047279 0.045833 0.032366 0.013825 0.003393 0.001055 0.000234 -0.000101 0.000000 0.000000 0.000000 0.000000 0.000000 0.000000 0.000000 0.000000 0.000000 
0.000000 0.000000 0.000000 0.000000 0.000000 0.000000 0.000000 0.000000 0.000000 -0.000099 -0.000338 -0.000583 0.000650 0.007876 0.024636 0.053908 0.090266 0.133762 0.172915 0.197021 0.193429 0.150814 0.090606 0.032205 0.004276 0.000532 -0.000163 -0.000145 0.000000 0.000000 0.000000 0.000000 0.000000 0.000000 0.000000 
0.000000 0.000000 0.000000 0.000000 0.000000 0.000000 0.000000 0.000000 -0.000166 -0.000622 -0.001193 -0.001503 0.001859 0.013608 0.036657 0.074531 0.122932 0.174897 0.224688 0.271082 0.308509 0.316968 0.269136 0.170653 0.071702 0.012761 0.000780 -0.000181 -0.000205 0.000000 0.000000 0.000000 0.000000 0.000000 0.000000 
0.000000 0.000000 0.000000 0.000000 0.000000 0.000000 0.000000 -0.000302 -0.000927 -0.001851 -0.004839 -0.009729 -0.012647 -0.005124 0.024245 0.072841 0.123815 0.172183 0.219596 0.267278 0.313889 0.357264 0.381377 0.333565 0.213104 0.085071 0.013735 0.000541 -0.000287 -0.000219 0.000000 0.000000 0.000000 0.000000 0.000000 
0.000000 0.000000 0.000000 0.000000 0.000000 0.000000 -0.000398 -0.001231 -0.002392 -0.005577 -0.017125 -0.033444 -0.041408 -0.026239 0.018570 0.066692 0.113490 0.159607 0.205926 0.252948 0.301052 0.348380 0.392412 0.415377 0.344629 0.202714 0.066887 0.005677 -0.000173 -0.000458 -0.000179 0.000000 0.000000 0.000000 0.000000 
0.000000 0.000000 0.000000 0.000000 0.000000 -0.000406 -0.001403 -0.002756 -0.005423 -0.022215 -0.055976 -0.087168 -0.094492 -0.061584 -0.005493 0.053033 0.101753 0.146712 0.192329 0.238982 0.286276 0.332485 0.371732 0.405599 0.400086 0.291116 0.137844 0.025969 -0.000774 -0.001008 -0.000600 -0.000149 0.000000 0.000000 0.000000 
0.000000 0.000000 0.000000 0.000000 -0.000288 -0.001370 -0.003000 -0.013234 -0.036368 -0.078972 -0.130242 -0.160404 -0.158742 -0.116772 -0.067340 -0.010008 0.055214 0.127831 0.179353 0.221380 0.242410 0.257773 0.278865 0.309365 0.336208 0.271792 0.138710 0.012306 -0.023358 -0.007792 -0.001697 -0.000644 -0.000107 0.000000 0.000000 
0.000000 0.000000 0.000000 0.000000 -0.001067 -0.002841 -0.019852 -0.047571 -0.077404 -0.118692 -0.160826 -0.184083 -0.169960 -0.128743 -0.086803 -0.042213 0.005993 0.069961 0.138319 0.153489 0.144822 0.144459 0.156593 0.186058 0.219564 0.196679 0.080226 -0.052044 -0.101059 -0.054594 -0.015395 -0.001866 -0.000537 0.000000 0.000000 
0.000000 0.000000 0.000000 -0.000538 -0.001967 -0.018500 -0.046458 -0.065638 -0.075995 -0.109773 -0.148017 -0.169204 -0.147894 -0.107831 -0.069171 -0.033784 0.000248 0.026166 0.027751 0.035608 0.027841 0.024980 0.040928 0.074026 0.112203 0.110465 0.001981 -0.133068 -0.201797 -0.147812 -0.066299 -0.014909 -0.001411 -0.000290 0.000000 
0.000000 0.000000 0.000000 -0.001035 -0.009472 -0.037978 -0.050998 -0.041173 -0.039810 -0.070562 -0.103354 -0.120581 -0.095041 -0.054538 -0.017903 0.011674 0.025497 -0.010755 -0.080159 -0.103191 -0.072333 -0.041276 -0.003091 0.041715 0.083076 0.081754 -0.038962 -0.196971 -0.287366 -0.244561 -0.150035 -0.054997 -0.006874 -0.000765 0.000000 
0.000000 0.000000 -0.000275 -0.001565 -0.024683 -0.035043 -0.017537 0.008959 0.017000 -0.010796 -0.045511 -0.064925 -0.039907 0.001177 0.039228 0.070201 0.059326 -0.030326 -0.136332 -0.174000 -0.115379 -0.047226 -0.001195 0.045720 0.086526 0.078660 -0.048426 -0.212295 -0.321110 -0.307824 -0.229761 -0.113503 -0.027182 -0.001507 -0.000155 
0.000000 0.000000 -0.000458 -0.005118 -0.025711 -0.005767 0.037973 0.067067 0.074321 0.046930 0.011366 -0.009594 0.010228 0.051533 0.090948 0.117188 0.075001 -0.026868 -0.109562 -0.156416 -0.124663 -0.043078 0.010590 0.056949 0.094369 0.065953 -0.072591 -0.233116 -0.328132 -0.320523 -0.276050 -0.171289 -0.055958 -0.003911 -0.000326 
0.000000 0.000000 -0.000478 -0.011263 -0.005713 0.045081 0.094790 0.116796 0.123915 0.103062 0.070618 0.046940 0.055369 0.096039 0.134883 0.149331 0.078142 -0.012096 -0.060924 -0.111063 -0.120822 -0.042558 0.023434 0.069835 0.095957 0.031202 -0.118939 -0.262476 -0.324212 -0.314121 -0.284071 -0.204560 -0.079867 -0.008761 -0.000439 
0.000000 0.000000 -0.000324 -0.009007 0.029604 0.098225 0.142130 0.157931 0.163317 0.154803 0.129697 0.106110 0.101277 0.138830 0.189079 0.209165 0.156906 0.099845 0.069478 0.014929 -0.054377 -0.031440 0.029559 0.074363 0.072987 -0.033808 -0.183642 -0.290470 -0.309909 -0.299298 -0.273691 -0.210068 -0.087173 -0.010055 -0.000401 
0.000000 0.000000 -0.000006 0.001285 0.067941 0.142775 0.180062 0.192581 0.197303 0.198167 0.185316 0.169538 0.172880 0.224813 0.311531 0.367828 0.354820 0.327136 0.303994 0.246724 0.126712 0.073238 0.076423 0.070428 0.003291 -0.128459 -0.246478 -0.295014 -0.290306 -0.278868 -0.253510 -0.194362 -0.074614 -0.003637 -0.000153 
0.000000 0.000000 0.000382 0.013961 0.098094 0.176383 0.210934 0.222518 0.227094 0.230374 0.234544 0.255110 0.298105 0.359610 0.447688 0.519964 0.523536 0.489835 0.462237 0.412208 0.295597 0.211540 0.149438 0.036066 -0.102528 -0.220215 -0.273576 -0.274397 -0.265741 -0.251941 -0.224265 -0.162541 -0.044498 0.009998 0.000268 
0.000000 0.000000 0.000686 0.022827 0.115890 0.199195 0.235768 0.248283 0.253332 0.259288 0.293790 0.356768 0.421280 0.482196 0.545504 0.600900 0.615436 0.585722 0.552671 0.494784 0.371671 0.248064 0.122806 -0.047408 -0.186473 -0.242686 -0.251547 -0.245045 -0.234723 -0.217843 -0.184998 -0.113903 -0.000748 0.023744 0.000673 
0.000000 0.000000 0.000785 0.022809 0.119491 0.210976 0.253972 0.269627 0.276123 0.297745 0.362761 0.440074 0.505899 0.564203 0.605123 0.643467 0.661464 0.621900 0.554269 0.457471 0.301975 0.153818 0.034066 -0.081459 -0.173559 -0.206012 -0.210540 -0.207059 -0.195810 -0.173303 -0.132132 -0.044580 0.048085 0.028499 0.000883 
0.000000 0.000000 0.000678 0.014861 0.106893 0.209190 0.262977 0.285563 0.296224 0.344163 0.423949 0.499521 0.561844 0.612090 0.641736 0.669993 0.697583 0.663419 0.550476 0.416617 0.247547 0.116363 0.039591 -0.031354 -0.109802 -0.156127 -0.162639 -0.157734 -0.144471 -0.115200 -0.060101 0.041840 0.081159 0.020758 0.000846 
0.000000 0.000000 0.000437 0.005727 0.076301 0.187703 0.259122 0.292528 0.316375 0.384847 0.470398 0.541406 0.600173 0.643966 0.669819 0.688225 0.728861 0.731716 0.623394 0.456730 0.285592 0.171836 0.104602 0.036513 -0.038516 -0.095586 -0.103676 -0.093727 -0.075618 -0.037177 0.039664 0.116059 0.078638 0.007685 0.000617 
0.000000 0.000000 0.000175 0.002130 0.038339 0.138227 0.234591 0.285514 0.327039 0.409615 0.498958 0.567764 0.624033 0.664302 0.688061 0.699251 0.723756 0.758543 0.696010 0.525750 0.351398 0.251237 0.183188 0.114313 0.040997 -0.019194 -0.026391 -0.011636 0.016057 0.071967 0.140941 0.128360 0.047419 0.002399 0.000295 
0.000000 0.000000 0.000000 0.001079 0.010419 0.074581 0.174476 0.252278 0.314720 0.411131 0.506307 0.576312 0.632129 0.670667 0.691637 0.696381 0.689803 0.700004 0.679190 0.570812 0.447393 0.357351 0.281303 0.209075 0.135798 0.076624 0.072905 0.097181 0.140511 0.175474 0.164403 0.085590 0.013636 0.001300 0.000000 
0.000000 0.000000 0.000000 0.000371 0.002407 0.023037 0.090578 0.177957 0.259927 0.371210 0.480185 0.558222 0.615758 0.653159 0.667428 0.659686 0.627724 0.583320 0.559763 0.536782 0.513537 0.466926 0.402979 0.331759 0.258517 0.204239 0.202375 0.213531 0.212303 0.179802 0.104214 0.029289 0.002621 0.000529 0.000000 
0.000000 0.000000 0.000000 0.000000 0.000963 0.003686 0.025645 0.081388 0.160761 0.276546 0.397291 0.485638 0.546151 0.584471 0.593334 0.575530 0.533140 0.469516 0.421804 0.446383 0.472833 0.470957 0.442590 0.390818 0.321197 0.266834 0.244438 0.218693 0.169089 0.096321 0.032044 0.003928 0.001134 0.000000 0.000000 
0.000000 0.000000 0.000000 0.000000 0.000170 0.001440 0.004118 0.017095 0.054236 0.141480 0.263565 0.362925 0.427326 0.471373 0.482240 0.463595 0.426834 0.388715 0.369977 0.355313 0.367612 0.377049 0.364100 0.321032 0.251955 0.205617 0.169147 0.119462 0.061290 0.020012 0.004187 0.001568 0.000234 0.000000 0.000000 
0.000000 0.000000 0.000000 0.000000 0.000000 0.000302 0.001616 0.003996 0.008547 0.039489 0.120103 0.215630 0.286707 0.337990 0.362011 0.366440 0.368503 0.364222 0.351247 0.329637 0.299656 0.264182 0.230318 0.178236 0.114504 0.078398 0.049408 0.023772 0.007439 0.003713 0.001651 0.000372 0.000000 0.000000 0.000000 
0.000000 0.000000 0.000000 0.000000 0.000000 0.000000 0.000342 0.001533 0.003695 0.010612 0.048593 0.121085 0.197570 0.256705 0.305345 0.333351 0.344173 0.341901 0.329577 0.307486 0.275050 0.230059 0.168509 0.094327 0.048448 0.025309 0.013769 0.006187 0.003054 0.001459 0.000389 0.000000 0.000000 0.000000 0.000000 
0.000000 0.000000 0.000000 0.000000 0.000000 0.000000 0.000000 0.000286 0.001293 0.003213 0.012954 0.052133 0.116902 0.183619 0.237380 0.278913 0.300538 0.303998 0.293300 0.269147 0.231039 0.175261 0.105503 0.052892 0.025156 0.012025 0.004995 0.002287 0.001120 0.000323 0.000000 0.000000 0.000000 0.000000 0.000000 
0.000000 0.000000 0.000000 0.000000 0.000000 0.000000 0.000000 0.000000 0.000150 0.000951 0.002464 0.009554 0.038224 0.085820 0.134884 0.177594 0.208476 0.221422 0.214026 0.186188 0.139974 0.085505 0.042932 0.020201 0.007641 0.002855 0.001559 0.000757 0.000167 0.000000 0.000000 0.000000 0.000000 0.000000 0.000000 
0.000000 0.000000 0.000000 0.000000 0.000000 0.000000 0.000000 0.000000 0.000000 0.000053 0.000496 0.001445 0.003220 0.013315 0.035255 0.061188 0.080676 0.090773 0.085739 0.066228 0.039527 0.019434 0.006001 0.001187 0.000999 0.000871 0.000394 0.000082 0.000000 0.000000 0.000000 0.000000 0.000000 0.000000 0.000000 
0.000000 0.000000 0.000000 0.000000 0.000000 0.000000 0.000000 0.000000 0.000000 0.000000 0.000000 0.000098 0.000510 0.001087 0.000823 0.000266 0.001565 0.002151 0.000404 -0.001900 -0.003457 -0.002391 -0.000150 0.000562 0.000314 0.000097 0.000000 0.000000 0.000000 0.000000 0.000000 0.000000 0.000000 0.000000 0.000000 
0.000000 0.000000 0.000000 0.000000 0.000000 0.000000 0.000000 0.000000 0.000000 0.000000 0.000000 0.000000 0.000000 0.000000 0.000099 0.000245 0.000346 0.000366 0.000339 0.000260 0.000196 0.000119 0.000045 0.000000 0.000000 0.000000 0.000000 0.000000 0.000000 0.000000 0.000000 0.000000 0.000000 0.000000 0.000000 
0.000000 0.000000 0.000000 0.000000 0.000000 0.000000 0.000000 0.000000 0.000000 0.000000 0.000000 0.000000 0.000000 0.000000 0.000000 0.000000 0.000000 0.000000 0.000000 0.000000 0.000000 0.000000 0.000000 0.000000 0.000000 0.000000 0.000000 0.000000 0.000000 0.000000 0.000000 0.000000 0.000000 0.000000 0.000000 
