0.000000 0.000000 0.000000 0.000000 0.000000 0.000000 0.000000 0.000000 0.000000 0.000000 0.000000 0.000000 0.000000 0.000000 0.000000 0.000000 0.000267 0.000168 0.000279 0.000000 0.000000 0.000000 0.000000 0.000000 0.000000 0.000000 0.000000 0.000000 0.000000 0.000000 0.000000 0.000000 0.000000 0.000000 0.000000 
0.000000 0.000000 0.000000 0.000000 0.000000 0.000000 0.000000 0.000000 0.000000 0.000000 0.000000 0.000000 -0.000281 -0.000234 0.000339 0.001485 0.003056 0.004491 0.005019 0.004546 0.003458 0.002177 0.000927 0.000000 0.000000 0.000000 0.000000 0.000000 0.000000 0.000000 0.000000 0.000000 0.000000 0.000000 0.000000 
0.000000 0.000000 0.000000 0.000000 0.000000 0.000000 0.000000 0.000000 0.000000 -0.000091 -0.000944 -0.001585 -0.001671 -0.000063 0.021713 0.077533 0.151824 0.214093 0.230508 0.192854 0.114519 0.035790 0.007595 0.003488 0.001361 0.000023 0.000000 0.000000 0.000000 0.000000 0.000000 0.000000 0.000000 0.000000 0.000000 
0.000000 0.000000 0.000000 0.000000 0.000000 0.000000 0.000000 0.000000 -0.000696 -0.002255 -0.003761 -0.010189 0.000479 0.070770 0.200549 0.345347 0.448828 0.509174 0.541679 0.540294 0.485512 0.356059 0.186588 0.048122 0.006210 0.002496 0.000521 0.000000 0.000000 0.000000 0.000000 0.000000 0.000000 0.000000 0.000000 
0.000000 0.000000 0.000000 0.000000 0.000000 0.000000 0.000000 -0.001331 -0.003938 -0.007349 -0.023196 -0.010914 0.081378 0.244898 0.399079 0.466377 0.492489 0.509532 0.530125 0.560830 0.603671 0.605698 0.488526 0.283196 0.089421 0.008561 0.002894 0.000705 0.000000 0.000000 0.000000 0.000000 0.000000 0.000000 0.000000 
0.000000 0.000000 0.000000 0.000000 0.000000 0.000000 -0.001959 -0.005755 -0.010612 -0.033108 -0.038454 0.044038 0.229295 0.386051 0.422694 0.434052 0.444482 0.453976 0.471906 0.493450 0.521841 0.568832 0.605368 0.514916 0.294692 0.083825 0.006851 0.002407 0.000535 0.000000 0.000000 0.000000 0.000000 0.000000 0.000000 
0.000000 0.000000 0.000000 0.000000 0.000000 -0.002351 -0.007351 -0.013847 -0.033372 -0.066557 -0.018816 0.157283 0.340664 0.375815 0.382975 0.388197 0.394144 0.404468 0.419414 0.439989 0.466780 0.501208 0.551854 0.582579 0.470703 0.234728 0.043251 0.004076 0.001344 0.000206 0.000000 0.000000 0.000000 0.000000 0.000000 
0.000000 0.000000 0.000000 0.000000 -0.002250 -0.008041 -0.016393 -0.033251 -0.118055 -0.198500 -0.131618 0.044415 0.138714 0.217400 0.315214 0.344780 0.351965 0.362170 0.376789 0.396958 0.416494 0.432910 0.460420 0.517299 0.508757 0.353184 0.122113 0.006721 0.001522 0.000183 -0.000074 0.000000 0.000000 0.000000 0.000000 
0.000000 0.000000 0.000000 -0.001416 -0.007484 -0.018195 -0.090126 -0.265100 -0.506136 -0.600200 -0.487449 -0.330747 -0.301855 -0.246855 -0.136764 0.046661 0.263592 0.323729 0.330901 0.310439 0.304449 0.318564 0.352111 0.398607 0.444627 0.356846 0.156344 -0.006463 -0.009281 -0.000805 -0.000657 -0.000214 0.000000 0.000000 0.000000 
0.000000 0.000000 -0.000145 -0.005501 -0.017918 -0.145215 -0.400511 -0.682266 -0.851861 -0.803565 -0.612826 -0.498910 -0.495464 -0.489606 -0.459770 -0.364694 -0.153520 0.134291 0.223314 0.222176 0.247239 0.282598 0.330070 0.377790 0.432699 0.380284 0.187887 -0.027726 -0.056398 -0.021790 -0.002289 -0.000871 -0.000027 0.000000 0.000000 
0.000000 0.000000 -0.002624 -0.011559 -0.139984 -0.448670 -0.749086 -0.890803 -0.926654 -0.781645 -0.544859 -0.459858 -0.465189 -0.493148 -0.531845 -0.556946 -0.517302 -0.333531 0.032727 0.215426 0.278474 0.331599 0.381778 0.428438 0.480860 0.449229 0.265078 0.015172 -0.085350 -0.062582 -0.023301 -0.002016 -0.000515 0.000000 0.000000 
0.000000 0.000000 -0.005717 -0.070472 -0.391944 -0.750965 -0.871892 -0.900916 -0.888895 -0.732588 -0.499012 -0.426342 -0.426884 -0.445062 -0.480431 -0.560347 -0.688781 -0.644714 -0.254879 0.196208 0.327584 0.360632 0.396069 0.436978 0.487172 0.476665 0.323879 0.089724 -0.042680 -0.072418 -0.052624 -0.013006 -0.001104 0.000000 0.000000 
0.000000 -0.001326 -0.010576 -0.239952 -0.640791 -0.874405 -0.875675 -0.890702 -0.885513 -0.733526 -0.494890 -0.409808 -0.410348 -0.429465 -0.464634 -0.569094 -0.682356 -0.685947 -0.483076 0.012171 0.310031 0.350222 0.386655 0.428248 0.474845 0.455445 0.298073 0.087855 0.010655 -0.023553 -0.051134 -0.034196 -0.001896 -0.000254 0.000000 
0.000000 -0.002664 -0.043097 -0.420506 -0.819084 -0.901487 -0.880620 -0.871199 -0.880410 -0.751011 -0.516329 -0.393817 -0.391755 -0.410984 -0.463211 -0.585170 -0.622590 -0.608826 -0.609754 -0.238119 0.236033 0.341955 0.381056 0.423861 0.464382 0.418914 0.246249 0.043168 0.004778 0.016939 -0.013762 -0.032086 -0.007222 -0.000464 0.000000 
0.000000 -0.003611 -0.122356 -0.556385 -0.900982 -0.915392 -0.876601 -0.844752 -0.873097 -0.789955 -0.574041 -0.391680 -0.373090 -0.388387 -0.464718 -0.589441 -0.621522 -0.688575 -0.775505 -0.550249 0.041904 0.302705 0.373777 0.423304 0.448783 0.360947 0.168561 -0.006844 -0.005900 0.012111 0.023911 -0.000623 -0.013579 -0.000434 0.000000 
0.000000 -0.004056 -0.188281 -0.646312 -0.936172 -0.917310 -0.872972 -0.832579 -0.850029 -0.828955 -0.668727 -0.433465 -0.337665 -0.352752 -0.487984 -0.621390 -0.687167 -0.830848 -0.955992 -0.868775 -0.315752 0.082413 0.242654 0.383857 0.406188 0.264605 0.064622 -0.026537 -0.015087 0.003853 0.030490 0.041029 -0.003243 -0.000099 0.000000 
0.000085 -0.003854 -0.210990 -0.693571 -0.947941 -0.916912 -0.870388 -0.828942 -0.807795 -0.841622 -0.758253 -0.514433 -0.325390 -0.365348 -0.544230 -0.675693 -0.751283 -0.880140 -0.999136 -0.971806 -0.502448 -0.127403 -0.008844 0.158657 0.236340 0.121526 -0.033915 -0.036113 -0.022670 -0.002202 0.027705 0.069241 0.022930 0.000547 -0.000020 
0.000001 -0.003007 -0.186816 -0.687991 -0.947895 -0.916895 -0.871101 -0.828903 -0.794427 -0.785846 -0.754474 -0.639224 -0.507580 -0.479062 -0.585991 -0.647950 -0.732196 -0.858895 -0.965374 -0.914708 -0.479398 -0.156338 -0.169503 -0.160742 -0.145880 -0.101306 -0.060045 -0.043310 -0.026802 -0.004564 0.027387 0.088524 0.052288 0.001289 0.000072 
0.000032 -0.001944 -0.130164 -0.620024 -0.939309 -0.916209 -0.872475 -0.832286 -0.791088 -0.703757 -0.668158 -0.735051 -0.797041 -0.743198 -0.686355 -0.644091 -0.719546 -0.828953 -0.931433 -0.814587 -0.400986 -0.205390 -0.341744 -0.495614 -0.507151 -0.323123 -0.092580 -0.047302 -0.028204 -0.002584 0.032909 0.107548 0.069450 0.001705 0.000020 
0.000000 -0.001098 -0.070700 -0.483183 -0.898735 -0.912499 -0.875408 -0.836664 -0.758863 -0.652531 -0.621963 -0.746573 -0.910289 -0.986653 -0.983749 -0.917029 -0.911731 -0.961782 -1.037571 -0.844644 -0.499465 -0.446203 -0.595775 -0.702494 -0.659221 -0.472500 -0.209029 -0.048068 -0.023621 0.005260 0.050670 0.129828 0.065283 0.001639 0.000000 
0.000000 -0.000606 -0.028058 -0.298278 -0.771004 -0.900176 -0.874502 -0.836392 -0.720559 -0.622425 -0.635910 -0.776389 -0.895559 -1.008129 -1.106684 -1.132366 -1.155837 -1.241455 -1.225444 -0.943442 -0.627691 -0.623147 -0.684109 -0.725694 -0.711132 -0.565677 -0.316862 -0.054030 -0.013753 0.019720 0.090696 0.142895 0.040528 0.001255 0.000000 
0.000000 -0.000346 -0.006788 -0.148090 -0.522889 -0.828230 -0.864997 -0.818665 -0.690584 -0.605482 -0.659864 -0.801819 -0.906686 -1.001261 -1.087478 -1.130662 -1.164272 -1.234424 -1.107275 -0.797279 -0.607560 -0.623502 -0.669041 -0.711773 -0.724414 -0.614129 -0.382292 -0.089623 0.004701 0.055206 0.144281 0.118751 0.012167 0.000752 0.000000 
0.000000 -0.000186 -0.001507 -0.056403 -0.273139 -0.595321 -0.800416 -0.790973 -0.667661 -0.598089 -0.674705 -0.809634 -0.909736 -0.999921 -1.081828 -1.141636 -1.112870 -1.019022 -0.825587 -0.616953 -0.554601 -0.597459 -0.644626 -0.689372 -0.713104 -0.621485 -0.403454 -0.104903 0.043678 0.126537 0.148519 0.063391 0.002050 0.000298 0.000000 
0.000000 0.000000 -0.000774 -0.012140 -0.113455 -0.336198 -0.556098 -0.669416 -0.632446 -0.581538 -0.669999 -0.803278 -0.900365 -0.985407 -1.050269 -1.069116 -0.964564 -0.745911 -0.560043 -0.477116 -0.511232 -0.565552 -0.614982 -0.660942 -0.686188 -0.600375 -0.382546 -0.053717 0.122610 0.146332 0.092188 0.014122 0.000680 0.000000 0.000000 
0.000000 0.000000 -0.000380 -0.001706 -0.030242 -0.138972 -0.318350 -0.430796 -0.426387 -0.442152 -0.568545 -0.724045 -0.814235 -0.866880 -0.874726 -0.837609 -0.748112 -0.580383 -0.420672 -0.390586 -0.438522 -0.498476 -0.556343 -0.603901 -0.617181 -0.511302 -0.277568 0.026964 0.128719 0.089332 0.025002 0.000571 0.000128 0.000000 0.000000 
0.000000 0.000000 0.000012 -0.000796 -0.002924 -0.033998 -0.121588 -0.228832 -0.229353 -0.230864 -0.332099 -0.497011 -0.588118 -0.637523 -0.645611 -0.614475 -0.550908 -0.472891 -0.425437 -0.419549 -0.431245 -0.463288 -0.502037 -0.542725 -0.543884 -0.438558 -0.218493 0.032044 0.062204 0.019439 0.000051 -0.000174 -0.000034 0.000000 0.000000 
0.000000 0.000000 0.000000 -0.000221 -0.001100 -0.002823 -0.019869 -0.062639 -0.061876 -0.048716 -0.113552 -0.280013 -0.377948 -0.430691 -0.443353 -0.422583 -0.395115 -0.422274 -0.463626 -0.484782 -0.496809 -0.517907 -0.546227 -0.577559 -0.552141 -0.426324 -0.190591 -0.004124 0.002911 -0.001947 -0.000717 -0.000157 0.000000 0.000000 0.000000 
0.000000 0.000000 0.000000 0.000000 -0.000342 -0.001072 -0.001922 -0.002953 0.027083 0.094936 0.095090 -0.028487 -0.160366 -0.223823 -0.264607 -0.316352 -0.368171 -0.415966 -0.460600 -0.503756 -0.547151 -0.582523 -0.614902 -0.627702 -0.561459 -0.382130 -0.132012 -0.013021 -0.004601 -0.001630 -0.000373 0.000000 0.000000 0.000000 0.000000 
0.000000 0.000000 0.000000 0.000000 0.000000 -0.000289 -0.000677 -0.000689 0.010305 0.074328 0.140425 0.105048 -0.043598 -0.155049 -0.235517 -0.302307 -0.360036 -0.411060 -0.458431 -0.503832 -0.547710 -0.588404 -0.617701 -0.591750 -0.463556 -0.227698 -0.047096 -0.007185 -0.002767 -0.000673 0.000000 0.000000 0.000000 0.000000 0.000000 
0.000000 0.000000 0.000000 0.000000 0.000000 0.000000 -0.000159 -0.000143 0.000636 0.022431 0.082814 0.118694 0.049396 -0.098719 -0.205332 -0.280683 -0.343882 -0.400385 -0.450152 -0.496742 -0.539573 -0.569612 -0.559992 -0.458966 -0.260062 -0.080651 -0.009441 -0.003652 -0.000921 0.000000 0.000000 0.000000 0.000000 0.000000 0.000000 
0.000000 0.000000 0.000000 0.000000 0.000000 0.000000 0.000000 -0.000017 0.000183 0.001394 0.021559 0.065984 0.082608 0.016950 -0.115757 -0.231006 -0.312640 -0.375345 -0.428229 -0.472342 -0.495943 -0.475391 -0.375860 -0.227249 -0.079874 -0.010339 -0.003925 -0.000956 0.000000 0.000000 0.000000 0.000000 0.000000 0.000000 0.000000 
0.000000 0.000000 0.000000 0.000000 0.000000 0.000000 0.000000 0.000000 -0.000002 0.000251 0.000947 0.009091 0.033673 0.043799 0.005329 -0.082897 -0.172356 -0.246679 -0.296694 -0.318044 -0.301028 -0.238652 -0.138946 -0.042146 -0.007489 -0.003284 -0.000781 0.000000 0.000000 0.000000 0.000000 0.000000 0.000000 0.000000 0.000000 
0.000000 0.000000 0.000000 0.000000 0.000000 0.000000 0.000000 0.000000 0.000000 -0.000046 0.000086 0.000308 0.000713 0.003675 0.007251 -0.003634 -0.035048 -0.077171 -0.106512 -0.105165 -0.072525 -0.027564 -0.007903 -0.004201 -0.001813 0.000008 0.000000 0.000000 0.000000 0.000000 0.000000 0.000000 0.000000 0.000000 0.000000 
0.000000 0.000000 0.000000 0.000000 0.000000 0.000000 0.000000 0.000000 0.000000 0.000000 0.000000 0.000000 0.000011 -0.000050 -0.000288 -0.000855 -0.001793 -0.002931 -0.003754 -0.003877 -0.003330 -0.002357 -0.001138 0.000000 0.000000 0.000000 0.000000 0.000000 0.000000 0.000000 0.000000 0.000000 0.000000 0.000000 0.000000 
0.000000 0.000000 0.000000 0.000000 0.000000 0.000000 0.000000 0.000000 0.000000 0.000000 0.000000 0.000000 0.000000 0.000000 0.000000 0.000000 0.000045 -0.000123 -0.000094 0.000000 0.000000 0.000000 0.000000 0.000000 0.000000 0.000000 0.000000 0.000000 0.000000 0.000000 0.000000 0.000000 0.000000 0.000000 0.000000 
