0.000000 0.000000 0.000000 0.000000 0.000000 0.000000 0.000000 0.000000 0.000000 0.000000 0.000000 0.000000 0.000000 0.000000 0.000000 0.000000 0.000000 0.000000 0.000000 0.000000 0.000000 0.000000 0.000000 0.000000 0.000000 0.000000 0.000000 0.000000 0.000000 0.000000 0.000000 0.000000 0.000000 0.000000 0.000000 
0.000000 0.000000 0.000000 0.000000 0.000000 0.000000 0.000000 0.000000 0.000000 0.000000 0.000000 0.000000 -0.000120 -0.000256 -0.000349 -0.000308 -0.000083 0.000305 0.000730 0.000960 0.000936 0.000694 0.000355 0.000000 0.000000 0.000000 0.000000 0.000000 0.000000 0.000000 0.000000 0.000000 0.000000 0.000000 0.000000 
0.000000 0.000000 0.000000 0.000000 0.000000 0.000000 0.000000 0.000000 0.000000 0.000000 -0.000163 -0.000448 -0.000950 -0.002421 -0.005654 -0.008876 -0.004863 0.004160 0.013870 0.017322 0.012210 0.005545 0.002224 0.001219 0.000485 0.000000 0.000000 0.000000 0.000000 0.000000 0.000000 0.000000 0.000000 0.000000 0.000000 
0.000000 0.000000 0.000000 0.000000 0.000000 0.000000 0.000000 0.000000 -0.000033 -0.000184 -0.000614 -0.002955 -0.015939 -0.033618 -0.029762 -0.005114 0.038519 0.081841 0.111497 0.121030 0.100734 0.072450 0.034930 0.008357 0.001925 0.000742 0.000117 0.000000 0.000000 0.000000 0.000000 0.000000 0.000000 0.000000 0.000000 
0.000000 0.000000 0.000000 0.000000 0.000000 0.000000 0.000000 0.000104 0.000208 -0.000100 -0.007948 -0.035502 -0.063904 -0.055311 -0.005314 0.052860 0.103373 0.149094 0.195076 0.238435 0.254196 0.218920 0.143584 0.071150 0.020213 0.002310 0.000697 0.000055 0.000000 0.000000 0.000000 0.000000 0.000000 0.000000 0.000000 
0.000000 0.000000 0.000000 0.000000 0.000000 0.000000 0.000317 0.000880 0.001106 -0.007921 -0.043846 -0.085225 -0.092657 -0.040818 0.020023 0.065610 0.102594 0.136651 0.170749 0.210925 0.262791 0.308243 0.285703 0.196097 0.087246 0.021304 0.001687 0.000270 -0.000077 0.000000 0.000000 0.000000 0.000000 0.000000 0.000000 
0.000000 0.000000 0.000000 0.000000 0.000000 0.000441 0.001562 0.002746 -0.000417 -0.035068 -0.090296 -0.122017 -0.078083 -0.009409 0.040753 0.077287 0.106691 0.132187 0.158145 0.188867 0.228451 0.281654 0.334932 0.301474 0.198254 0.076172 0.010241 0.000194 -0.000393 -0.000187 0.000000 0.000000 0.000000 0.000000 0.000000 
0.000000 0.000000 0.000000 0.000000 0.000428 0.001905 0.004090 0.007296 0.000367 -0.035307 -0.073027 -0.051216 0.019783 0.055430 0.066057 0.088556 0.111255 0.130792 0.150620 0.172889 0.199805 0.224971 0.275205 0.309943 0.249770 0.137749 0.031128 -0.001266 -0.001531 -0.001044 -0.000322 0.000000 0.000000 0.000000 0.000000 
0.000000 0.000000 0.000000 0.000154 0.001675 0.004875 0.024962 0.077348 0.113920 0.098592 0.087156 0.150879 0.220928 0.251999 0.242332 0.188181 0.130339 0.129839 0.132681 0.096959 0.078728 0.096732 0.143079 0.213285 0.192166 0.100965 -0.010519 -0.046291 -0.017696 -0.003261 -0.001361 -0.000202 0.000000 0.000000 0.000000 
0.000000 0.000000 0.000000 0.000950 0.004421 0.040898 0.137526 0.237275 0.233108 0.168314 0.153201 0.228640 0.300597 0.349943 0.375585 0.350470 0.277644 0.133605 0.017372 -0.010260 -0.010648 0.017159 0.062352 0.131586 0.154252 0.069477 -0.062985 -0.154823 -0.106821 -0.037262 -0.004134 -0.001247 0.000000 0.000000 0.000000 
0.000000 0.000000 0.000238 0.002444 0.037000 0.152047 0.286590 0.314457 0.230532 0.120470 0.094591 0.168366 0.239826 0.308648 0.368985 0.413829 0.360275 0.159826 -0.019925 -0.066901 -0.054786 -0.029534 0.013242 0.077749 0.125642 0.048366 -0.086366 -0.220289 -0.228647 -0.136227 -0.041422 -0.003315 -0.000731 0.000000 0.000000 
0.000000 0.000000 0.000761 0.014491 0.125317 0.285978 0.338074 0.288694 0.171958 0.067442 0.056696 0.134567 0.201539 0.254991 0.303837 0.335684 0.273333 0.194345 0.067247 -0.058051 -0.072244 -0.047245 -0.005853 0.057691 0.113576 0.033880 -0.109916 -0.254533 -0.293761 -0.259536 -0.132724 -0.022128 -0.001981 0.000000 0.000000 
0.000000 -0.000005 0.001564 0.061480 0.232486 0.351123 0.324464 0.270768 0.171272 0.069322 0.052721 0.128692 0.196772 0.250056 0.287402 0.221144 0.139725 0.200489 0.183094 0.011119 -0.078399 -0.053451 -0.008415 0.058277 0.113590 0.029511 -0.119832 -0.277396 -0.328138 -0.329500 -0.239541 -0.085266 -0.004173 -0.000510 0.000000 
0.000000 0.000044 0.006283 0.129918 0.328860 0.365769 0.320310 0.273557 0.188596 0.085366 0.054670 0.120080 0.190594 0.245783 0.255509 0.126485 0.099684 0.186609 0.223964 0.101447 -0.056308 -0.050391 0.000322 0.072204 0.113762 0.015780 -0.142735 -0.296273 -0.343806 -0.363922 -0.336869 -0.164660 -0.015859 -0.001165 0.000000 
0.000000 0.000076 0.021479 0.198905 0.393674 0.370829 0.318080 0.279702 0.220385 0.125818 0.069130 0.107271 0.181117 0.246296 0.221767 0.099365 0.148578 0.201426 0.247597 0.185641 -0.011134 -0.041997 0.017059 0.094483 0.098969 -0.021858 -0.185926 -0.318900 -0.350293 -0.381203 -0.394677 -0.233375 -0.045218 -0.001802 0.000000 
0.000000 0.000071 0.039077 0.261650 0.428017 0.373366 0.322064 0.285239 0.252445 0.181881 0.109445 0.112796 0.220870 0.363769 0.383242 0.384404 0.501309 0.545818 0.569049 0.485687 0.207666 0.038795 0.053346 0.108316 0.053240 -0.089606 -0.245997 -0.329830 -0.357519 -0.389609 -0.426879 -0.282424 -0.066856 -0.002180 0.000000 
0.000000 0.000086 0.051810 0.307773 0.444221 0.381091 0.330035 0.294833 0.269787 0.241375 0.207876 0.267198 0.447712 0.675896 0.726435 0.746431 0.787099 0.821382 0.877805 0.875316 0.608494 0.328318 0.238151 0.132132 -0.031513 -0.183612 -0.307030 -0.340227 -0.367601 -0.399789 -0.443990 -0.313529 -0.068591 -0.002112 0.000000 
0.000000 0.000190 0.057697 0.328582 0.457931 0.395037 0.344410 0.308501 0.282885 0.301400 0.430942 0.573049 0.726431 0.872537 0.816197 0.765005 0.761775 0.810531 0.879715 0.912513 0.762751 0.580701 0.442166 0.180050 -0.097064 -0.281359 -0.332551 -0.354167 -0.380214 -0.412292 -0.458184 -0.320799 -0.048875 -0.001533 0.000000 
0.000000 0.000421 0.055259 0.318291 0.474559 0.414657 0.363451 0.327787 0.312929 0.440289 0.633284 0.815743 0.929376 0.959607 0.853565 0.783772 0.744702 0.801310 0.890489 0.939129 0.775123 0.589251 0.441268 0.154290 -0.113835 -0.283108 -0.350929 -0.370686 -0.395991 -0.427774 -0.471110 -0.284873 -0.012816 -0.000657 0.000000 
0.000000 0.000672 0.045625 0.277264 0.482559 0.440760 0.389690 0.353231 0.411801 0.592178 0.768062 0.911048 0.985134 0.999511 0.965484 0.889594 0.799973 0.839680 0.911371 0.884919 0.617795 0.387442 0.265049 0.108750 -0.075163 -0.233814 -0.349868 -0.388877 -0.413342 -0.444494 -0.461824 -0.191307 0.019822 0.000150 0.000000 
0.000000 0.000821 0.029929 0.216661 0.456584 0.470378 0.421853 0.391746 0.531339 0.716163 0.865349 0.958013 0.961826 0.960828 0.961148 0.902409 0.801983 0.748877 0.762976 0.624989 0.317424 0.194511 0.154843 0.101195 -0.037895 -0.193050 -0.331471 -0.405542 -0.430880 -0.460179 -0.374984 -0.057423 0.028194 0.000632 0.000000 
0.000000 0.000729 0.011380 0.150569 0.380688 0.481442 0.459929 0.464152 0.637197 0.812297 0.936674 0.987950 0.973967 0.960750 0.950921 0.930973 0.827458 0.679829 0.605447 0.402453 0.182731 0.138112 0.117480 0.083200 -0.022669 -0.167397 -0.312784 -0.412712 -0.444005 -0.421982 -0.180390 0.036926 0.011592 0.000712 0.000000 
0.000000 0.000418 0.003827 0.081714 0.271726 0.441005 0.483090 0.539639 0.722331 0.886531 0.992506 1.018103 1.000399 0.986381 0.980473 0.994432 0.987191 0.823778 0.562447 0.273344 0.129246 0.111175 0.092712 0.063289 -0.020813 -0.155908 -0.299991 -0.407915 -0.402688 -0.215663 0.004645 0.054688 0.002584 0.000446 0.000000 
0.000000 0.000000 0.002399 0.024564 0.158350 0.350251 0.455627 0.569414 0.784797 0.947328 1.044401 1.061367 1.042798 1.029959 1.026103 1.034609 1.055220 0.936978 0.599414 0.271731 0.146046 0.110233 0.087149 0.057981 -0.017857 -0.144471 -0.272224 -0.289790 -0.163786 0.002065 0.072686 0.020819 0.001687 0.000000 0.000000 
0.000000 0.000000 0.001152 0.005494 0.056646 0.199100 0.370637 0.533646 0.782649 0.977234 1.087453 1.112075 1.095464 1.079471 1.057761 1.025416 0.963128 0.856878 0.638622 0.468278 0.348850 0.259321 0.200374 0.161203 0.099031 0.023134 -0.030891 -0.029571 0.042625 0.083022 0.040287 0.003311 0.000900 0.000000 0.000000 
0.000000 0.000000 0.000000 0.002837 0.009047 0.065527 0.193910 0.396204 0.692894 0.933477 1.068278 1.111835 1.094171 1.063051 1.011936 0.925912 0.794801 0.636538 0.606363 0.600273 0.558377 0.510059 0.464889 0.426416 0.352068 0.259094 0.167314 0.112271 0.089132 0.042000 0.004883 0.001800 0.000000 0.000000 0.000000 
0.000000 0.000000 0.000000 0.000758 0.004324 0.010974 0.046832 0.156033 0.443453 0.749893 0.931609 1.010400 0.992458 0.943536 0.856457 0.730703 0.599521 0.559063 0.551377 0.580791 0.602741 0.604249 0.586007 0.550340 0.450875 0.324447 0.184803 0.077525 0.027061 0.005082 0.002285 0.000495 0.000000 0.000000 0.000000 
0.000000 0.000000 0.000000 0.000000 0.001282 0.005292 0.012005 0.026592 0.170151 0.430729 0.642812 0.755981 0.763650 0.709748 0.640195 0.604909 0.583977 0.567409 0.554475 0.544105 0.539974 0.547073 0.539507 0.482923 0.359410 0.210022 0.076901 0.011436 0.004949 0.002356 0.000708 0.000000 0.000000 0.000000 0.000000 
0.000000 0.000000 0.000000 0.000000 0.000000 0.001595 0.005839 0.012798 0.055273 0.237213 0.451538 0.596358 0.660466 0.653967 0.637534 0.618893 0.600732 0.584262 0.570784 0.558489 0.543748 0.521996 0.482795 0.378368 0.243588 0.112793 0.023670 0.005174 0.002269 0.000676 0.000000 0.000000 0.000000 0.000000 0.000000 
0.000000 0.000000 0.000000 0.000000 0.000000 0.000000 0.001618 0.005861 0.013498 0.090234 0.281178 0.481238 0.607382 0.650827 0.645848 0.632944 0.616996 0.602700 0.586459 0.569723 0.546468 0.508688 0.418448 0.287072 0.149626 0.042843 0.005661 0.002197 0.000554 0.000000 0.000000 0.000000 0.000000 0.000000 0.000000 
0.000000 0.000000 0.000000 0.000000 0.000000 0.000000 0.000000 0.001331 0.005464 0.013039 0.090813 0.267177 0.449512 0.580223 0.629713 0.631485 0.621165 0.607208 0.587156 0.559160 0.512759 0.423166 0.293002 0.155769 0.047150 0.005966 0.002178 0.000428 0.000000 0.000000 0.000000 0.000000 0.000000 0.000000 0.000000 
0.000000 0.000000 0.000000 0.000000 0.000000 0.000000 0.000000 0.000000 0.000947 0.004256 0.009588 0.048767 0.177789 0.338521 0.465209 0.549249 0.570862 0.564092 0.531807 0.470721 0.359572 0.237019 0.111489 0.027385 0.004862 0.001897 0.000346 0.000000 0.000000 0.000000 0.000000 0.000000 0.000000 0.000000 0.000000 
0.000000 0.000000 0.000000 0.000000 0.000000 0.000000 0.000000 0.000000 0.000000 0.000000 0.002281 0.005625 0.010969 0.037962 0.113564 0.198643 0.252225 0.262325 0.227880 0.161710 0.083364 0.025494 0.006834 0.003166 0.001149 0.000000 0.000000 0.000000 0.000000 0.000000 0.000000 0.000000 0.000000 0.000000 0.000000 
0.000000 0.000000 0.000000 0.000000 0.000000 0.000000 0.000000 0.000000 0.000000 0.000000 0.000000 0.000000 0.001531 0.003507 0.005537 0.007448 0.008729 0.008833 0.007893 0.006113 0.004145 0.002383 0.000951 0.000000 0.000000 0.000000 0.000000 0.000000 0.000000 0.000000 0.000000 0.000000 0.000000 0.000000 0.000000 
0.000000 0.000000 0.000000 0.000000 0.000000 0.000000 0.000000 0.000000 0.000000 0.000000 0.000000 0.000000 0.000000 0.000000 0.000000 0.000000 0.000000 0.000000 0.000000 0.000000 0.000000 0.000000 0.000000 0.000000 0.000000 0.000000 0.000000 0.000000 0.000000 0.000000 0.000000 0.000000 0.000000 0.000000 0.000000 
