-0.000000 -0.000000 -0.000000 -0.000000 -0.000000 -0.000000 -0.000000 -0.000000 -0.000000 -0.000000 -0.000000 -0.000000 -0.000000 -0.000000 -0.000000 -0.000000 -0.000000 -0.000000 -0.000000 -0.000000 -0.000000 -0.000000 -0.000000 -0.000000 -0.000000 -0.000000 -0.000000 -0.000000 -0.000000 -0.000000 -0.000000 -0.000000 -0.000000 -0.000000 -0.000000 
-0.000000 -0.000000 -0.000000 -0.000000 -0.000000 -0.000000 -0.000000 -0.000000 -0.000000 -0.000000 -0.000000 -0.000000 -0.000472 -0.001151 -0.001866 -0.002512 -0.003018 -0.003268 -0.003220 -0.002880 -0.002351 -0.001652 -0.000804 -0.000000 -0.000000 -0.000000 -0.000000 -0.000000 -0.000000 -0.000000 -0.000000 -0.000000 -0.000000 -0.000000 -0.000000 
-0.000000 -0.000000 -0.000000 -0.000000 -0.000000 -0.000000 -0.000000 -0.000000 -0.000000 -0.000000 -0.000924 -0.002417 -0.004852 -0.018257 -0.057712 -0.101174 -0.131874 -0.143446 -0.130973 -0.101245 -0.060694 -0.021228 -0.006437 -0.003674 -0.001677 -0.000000 -0.000000 -0.000000 -0.000000 -0.000000 -0.000000 -0.000000 -0.000000 -0.000000 -0.000000 
-0.000000 -0.000000 -0.000000 -0.000000 -0.000000 -0.000000 -0.000000 -0.000000 -0.000441 -0.002148 -0.005057 -0.028885 -0.110966 -0.216526 -0.307254 -0.373225 -0.412943 -0.429879 -0.421569 -0.382175 -0.310217 -0.220187 -0.120361 -0.035987 -0.007456 -0.003721 -0.000966 -0.000000 -0.000000 -0.000000 -0.000000 -0.000000 -0.000000 -0.000000 -0.000000 
-0.000000 -0.000000 -0.000000 -0.000000 -0.000000 -0.000000 -0.000000 -0.000828 -0.003091 -0.007664 -0.060781 -0.188269 -0.317476 -0.401005 -0.434884 -0.445600 -0.455482 -0.470075 -0.489852 -0.506680 -0.501534 -0.444817 -0.338343 -0.205595 -0.074650 -0.011407 -0.005314 -0.001569 -0.000000 -0.000000 -0.000000 -0.000000 -0.000000 -0.000000 -0.000000 
-0.000000 -0.000000 -0.000000 -0.000000 -0.000000 -0.000000 -0.000883 -0.003355 -0.007941 -0.062908 -0.209969 -0.350637 -0.395127 -0.380381 -0.372293 -0.374588 -0.383859 -0.400630 -0.423943 -0.454060 -0.487227 -0.509700 -0.483177 -0.399050 -0.241618 -0.081740 -0.012960 -0.006166 -0.001855 -0.000000 -0.000000 -0.000000 -0.000000 -0.000000 -0.000000 
-0.000000 -0.000000 -0.000000 -0.000000 -0.000000 -0.000767 -0.003030 -0.006903 -0.037608 -0.182910 -0.339080 -0.372992 -0.331493 -0.315252 -0.312618 -0.317887 -0.328146 -0.345946 -0.369065 -0.400120 -0.436755 -0.477984 -0.509526 -0.488963 -0.407399 -0.225997 -0.055411 -0.013282 -0.006439 -0.001795 -0.000000 -0.000000 -0.000000 -0.000000 -0.000000 
-0.000000 -0.000000 -0.000000 -0.000000 -0.000511 -0.002386 -0.005627 -0.012904 -0.111542 -0.292504 -0.359346 -0.306203 -0.268294 -0.265531 -0.270102 -0.277205 -0.289787 -0.307234 -0.330994 -0.361290 -0.405305 -0.480938 -0.554940 -0.588281 -0.552652 -0.418999 -0.172512 -0.028005 -0.013365 -0.006106 -0.001398 -0.000000 -0.000000 -0.000000 -0.000000 
-0.000000 -0.000000 -0.000000 -0.000268 -0.001735 -0.004407 -0.012719 -0.035459 -0.176581 -0.287778 -0.259145 -0.169067 -0.160751 -0.172567 -0.201386 -0.233231 -0.257826 -0.279015 -0.316845 -0.422522 -0.538642 -0.638668 -0.718839 -0.777421 -0.775405 -0.687986 -0.443740 -0.160574 -0.051202 -0.013281 -0.005394 -0.000941 -0.000000 -0.000000 -0.000000 
-0.000000 -0.000000 -0.000000 -0.001133 -0.003528 -0.015813 -0.013120 -0.018992 -0.153513 -0.203135 -0.122094 -0.048305 -0.045719 -0.057154 -0.095913 -0.152108 -0.212840 -0.291100 -0.447553 -0.589450 -0.703349 -0.793278 -0.865667 -0.924351 -0.949499 -0.904297 -0.726055 -0.404934 -0.211257 -0.080183 -0.012257 -0.004038 -0.000000 -0.000000 -0.000000 
-0.000000 -0.000000 -0.000588 -0.002381 -0.018454 -0.020541 0.035272 0.029838 -0.115811 -0.155318 -0.061895 -0.014138 -0.008451 -0.009689 -0.026095 -0.069374 -0.179182 -0.407473 -0.609206 -0.749462 -0.846844 -0.923634 -0.985621 -1.039920 -1.073845 -1.046368 -0.905237 -0.610678 -0.411185 -0.247242 -0.079610 -0.008751 -0.002097 -0.000000 -0.000000 
-0.000000 -0.000000 -0.001459 -0.013241 -0.036936 0.011146 0.086557 0.038905 -0.145083 -0.209915 -0.128151 -0.095457 -0.092300 -0.086480 -0.074351 -0.082890 -0.245206 -0.527858 -0.753213 -0.878586 -0.946956 -0.988653 -1.028380 -1.075970 -1.117843 -1.113714 -1.012364 -0.745065 -0.562566 -0.439022 -0.231673 -0.041984 -0.005015 -0.000000 -0.000000 
-0.000000 -0.000416 -0.002963 -0.041290 -0.038258 0.041822 0.076579 -0.006969 -0.207947 -0.280074 -0.201537 -0.167463 -0.166898 -0.165482 -0.163531 -0.235326 -0.458013 -0.671408 -0.835990 -0.925220 -0.959358 -0.986378 -1.022247 -1.068499 -1.108796 -1.103183 -1.005144 -0.778446 -0.659616 -0.581135 -0.399628 -0.150435 -0.009495 -0.001322 -0.000000 
-0.000000 -0.001049 -0.011740 -0.071268 -0.035588 0.027839 0.025055 -0.036571 -0.234516 -0.327669 -0.272981 -0.226345 -0.226735 -0.228706 -0.247493 -0.413563 -0.699457 -0.841262 -0.872937 -0.910967 -0.954799 -0.982207 -1.017013 -1.062785 -1.093727 -1.073579 -0.960277 -0.730467 -0.673592 -0.659535 -0.546429 -0.287967 -0.031542 -0.002942 -0.000000 
-0.000000 -0.001826 -0.037781 -0.105740 -0.048084 -0.014280 -0.023480 -0.044201 -0.220187 -0.352510 -0.337974 -0.279916 -0.272875 -0.254036 -0.267537 -0.490745 -0.779399 -0.858292 -0.858940 -0.886358 -0.955760 -0.988086 -1.019231 -1.059745 -1.068726 -1.022214 -0.876107 -0.665079 -0.665342 -0.675203 -0.630723 -0.402151 -0.090569 -0.004528 -0.000000 
-0.000000 -0.002745 -0.067695 -0.139459 -0.075145 -0.058196 -0.061311 -0.068571 -0.162263 -0.325721 -0.386502 -0.316140 -0.227051 -0.149241 -0.184737 -0.474928 -0.753781 -0.777424 -0.789200 -0.787509 -0.860193 -0.981429 -1.049181 -1.062566 -1.030744 -0.937490 -0.753917 -0.635485 -0.652640 -0.669148 -0.662384 -0.492534 -0.154727 -0.005918 -0.000000 
-0.000000 -0.003648 -0.095126 -0.177484 -0.116488 -0.096770 -0.093553 -0.094239 -0.108132 -0.249099 -0.335500 -0.247946 -0.130935 -0.097303 -0.206874 -0.541677 -0.774798 -0.769534 -0.749371 -0.678619 -0.685125 -0.836882 -1.000284 -1.053935 -0.969159 -0.809696 -0.629833 -0.620010 -0.640037 -0.659126 -0.665188 -0.527340 -0.192231 -0.006739 -0.000000 
-0.000000 -0.004225 -0.111213 -0.216587 -0.163486 -0.134822 -0.123235 -0.118102 -0.115145 -0.109974 -0.118857 -0.136908 -0.147530 -0.165339 -0.281121 -0.613681 -0.848147 -0.858982 -0.847880 -0.760068 -0.648600 -0.675525 -0.776658 -0.884680 -0.845830 -0.664185 -0.596235 -0.608533 -0.628729 -0.649882 -0.656633 -0.526985 -0.193306 -0.006608 -0.000000 
-0.000000 -0.004308 -0.108112 -0.249253 -0.215518 -0.174179 -0.154644 -0.143187 -0.123593 0.003758 0.073875 0.005815 -0.105874 -0.171268 -0.310565 -0.649615 -0.922472 -0.945910 -0.952126 -0.830215 -0.650789 -0.564556 -0.507110 -0.550454 -0.615478 -0.628673 -0.594806 -0.600091 -0.619725 -0.637843 -0.638504 -0.487075 -0.162138 -0.005751 -0.000000 
-0.000000 -0.003755 -0.084786 -0.258799 -0.273760 -0.221497 -0.191942 -0.171968 -0.087332 0.043938 0.111159 0.100935 0.043190 -0.032834 -0.160589 -0.480058 -0.829790 -0.888661 -0.891680 -0.686681 -0.472350 -0.361539 -0.267878 -0.276348 -0.456676 -0.602922 -0.620297 -0.593744 -0.611287 -0.623915 -0.603099 -0.407201 -0.108688 -0.004324 -0.000000 
-0.000000 -0.002828 -0.047753 -0.219221 -0.317790 -0.281860 -0.238786 -0.205598 -0.062624 0.049142 0.088495 0.087587 0.083545 0.062704 0.003270 -0.220091 -0.549429 -0.699707 -0.668468 -0.443590 -0.274130 -0.214973 -0.177383 -0.188266 -0.357118 -0.553236 -0.628434 -0.592507 -0.599165 -0.600634 -0.523965 -0.279500 -0.052477 -0.002853 -0.000000 
-0.000000 -0.001792 -0.016809 -0.156255 -0.303989 -0.346465 -0.300306 -0.234045 -0.076338 0.020855 0.049548 0.047794 0.043393 0.032120 0.006020 -0.108773 -0.370354 -0.584932 -0.521056 -0.319083 -0.223262 -0.194917 -0.175184 -0.171155 -0.289229 -0.504847 -0.618079 -0.595725 -0.575918 -0.542638 -0.383542 -0.165385 -0.016177 -0.001612 -0.000000 
-0.000000 -0.000789 -0.005359 -0.077404 -0.224346 -0.341317 -0.370038 -0.286199 -0.122241 -0.030067 -0.005894 -0.005679 -0.012558 -0.028186 -0.052466 -0.112756 -0.266692 -0.396245 -0.366123 -0.250089 -0.205368 -0.182867 -0.165407 -0.158459 -0.244647 -0.462138 -0.590836 -0.578111 -0.515547 -0.396980 -0.221718 -0.069379 -0.004582 -0.000640 -0.000000 
-0.000000 -0.000000 -0.002681 -0.020101 -0.123003 -0.252179 -0.342647 -0.330753 -0.196053 -0.104034 -0.077709 -0.076856 -0.085193 -0.103261 -0.122341 -0.124930 -0.118773 -0.114782 -0.100393 -0.122809 -0.150915 -0.148559 -0.136875 -0.130859 -0.207147 -0.419468 -0.540867 -0.480506 -0.350289 -0.226858 -0.099681 -0.016150 -0.002111 -0.000000 -0.000000 
-0.000000 -0.000000 -0.001033 -0.004105 -0.038142 -0.130850 -0.234798 -0.265585 -0.174853 -0.124510 -0.118844 -0.123760 -0.125906 -0.120307 -0.093869 -0.032494 0.056050 0.126240 0.133757 0.074438 0.018466 -0.015817 -0.028888 -0.030404 -0.111320 -0.298298 -0.378534 -0.299902 -0.184754 -0.094907 -0.027475 -0.003210 -0.000761 -0.000000 -0.000000 
-0.000000 -0.000000 -0.000000 -0.001646 -0.004715 -0.036606 -0.105601 -0.152123 -0.078907 -0.028721 -0.024673 -0.031391 -0.027057 -0.006959 0.038296 0.109208 0.197345 0.267635 0.261043 0.226371 0.192397 0.167024 0.155623 0.150801 0.029919 -0.154337 -0.223630 -0.144300 -0.068078 -0.024359 -0.003961 -0.001267 -0.000000 -0.000000 -0.000000 
-0.000000 -0.000000 -0.000000 -0.000307 -0.001628 -0.003483 -0.017439 -0.043456 0.025041 0.103985 0.122145 0.117497 0.124225 0.148143 0.189869 0.243063 0.289983 0.306701 0.318005 0.317000 0.309112 0.300693 0.297356 0.284290 0.102527 -0.066735 -0.107907 -0.044559 -0.013661 -0.003939 -0.001511 -0.000230 -0.000000 -0.000000 -0.000000 
-0.000000 -0.000000 -0.000000 -0.000000 -0.000291 -0.000983 -0.001120 0.000714 0.060280 0.189183 0.255482 0.263190 0.266601 0.283297 0.302025 0.308819 0.315130 0.324808 0.337336 0.351774 0.365508 0.374924 0.379346 0.297090 0.090647 -0.045476 -0.045820 -0.007792 -0.003786 -0.001650 -0.000324 -0.000000 -0.000000 -0.000000 -0.000000 
-0.000000 -0.000000 -0.000000 -0.000000 -0.000000 -0.000114 0.000001 0.001319 0.023177 0.135765 0.269182 0.319606 0.320596 0.323765 0.327232 0.331215 0.337718 0.346672 0.358605 0.372431 0.387454 0.400850 0.375739 0.191212 0.013638 -0.046891 -0.017513 -0.003625 -0.001794 -0.000473 -0.000000 -0.000000 -0.000000 -0.000000 -0.000000 
-0.000000 -0.000000 -0.000000 -0.000000 -0.000000 -0.000000 0.000079 0.000965 0.003686 0.048419 0.169339 0.295182 0.342934 0.344892 0.349803 0.356320 0.363720 0.373113 0.385187 0.399127 0.413396 0.389305 0.230928 0.049439 -0.034507 -0.025046 -0.003577 -0.001859 -0.000602 -0.000000 -0.000000 -0.000000 -0.000000 -0.000000 -0.000000 
-0.000000 -0.000000 -0.000000 -0.000000 -0.000000 -0.000000 -0.000000 0.000305 0.001500 0.004903 0.052855 0.164216 0.276000 0.351081 0.375281 0.385217 0.395017 0.406737 0.418104 0.413624 0.351848 0.202618 0.050188 -0.025489 -0.023076 -0.003230 -0.001720 -0.000611 -0.000000 -0.000000 -0.000000 -0.000000 -0.000000 -0.000000 -0.000000 
-0.000000 -0.000000 -0.000000 -0.000000 -0.000000 -0.000000 -0.000000 -0.000000 0.000227 0.001456 0.003961 0.028463 0.108702 0.202260 0.271220 0.307807 0.323805 0.324901 0.297040 0.223353 0.110059 0.017664 -0.020414 -0.011514 -0.002014 -0.001278 -0.000390 -0.000000 -0.000000 -0.000000 -0.000000 -0.000000 -0.000000 -0.000000 -0.000000 
-0.000000 -0.000000 -0.000000 -0.000000 -0.000000 -0.000000 -0.000000 -0.000000 -0.000000 -0.000000 0.000897 0.002422 0.005162 0.020995 0.063501 0.099749 0.111166 0.096313 0.059741 0.019549 -0.004442 -0.004330 -0.000917 -0.000864 -0.000574 -0.000000 -0.000000 -0.000000 -0.000000 -0.000000 -0.000000 -0.000000 -0.000000 -0.000000 -0.000000 
-0.000000 -0.000000 -0.000000 -0.000000 -0.000000 -0.000000 -0.000000 -0.000000 -0.000000 -0.000000 -0.000000 -0.000000 0.000675 0.001565 0.002464 0.003151 0.003361 0.002931 0.002039 0.001053 0.000290 -0.000128 -0.000190 -0.000000 -0.000000 -0.000000 -0.000000 -0.000000 -0.000000 -0.000000 -0.000000 -0.000000 -0.000000 -0.000000 -0.000000 
-0.000000 -0.000000 -0.000000 -0.000000 -0.000000 -0.000000 -0.000000 -0.000000 -0.000000 -0.000000 -0.000000 -0.000000 -0.000000 -0.000000 -0.000000 -0.000000 -0.000000 -0.000000 -0.000000 -0.000000 -0.000000 -0.000000 -0.000000 -0.000000 -0.000000 -0.000000 -0.000000 -0.000000 -0.000000 -0.000000 -0.000000 -0.000000 -0.000000 -0.000000 -0.000000 
