0.000000 0.000000 0.000000 0.000000 0.000000 0.000000 0.000000 0.000000 0.000000 0.000000 0.000000 0.000000 0.000000 0.000000 0.000000 0.000000 0.000000 -0.000001 -0.000001 -0.000000 0.000000 0.000000 0.000000 0.000000 0.000000 0.000000 0.000000 0.000000 0.000000 0.000000 0.000000 0.000000 0.000000 0.000000 0.000000 
0.000000 0.000000 0.000000 0.000000 0.000000 0.000000 0.000000 0.000000 0.000000 0.000000 0.000000 0.000000 0.000000 0.000000 0.000000 0.000000 0.000000 -0.000006 0.000001 0.000000 0.000000 0.000000 0.000000 0.000000 0.000000 0.000000 0.000000 0.000000 0.000000 0.000000 0.000000 0.000000 0.000000 0.000000 0.000000 
0.000000 0.000000 0.000000 0.000000 0.000000 0.000000 0.000000 0.000000 0.000000 0.000000 0.000000 0.000000 -0.000059 -0.000185 -0.000349 -0.000507 -0.000612 -0.000626 -0.000544 -0.000399 -0.000239 -0.000103 -0.000020 0.000000 0.000000 0.000000 0.000000 0.000000 0.000000 0.000000 0.000000 0.000000 0.000000 0.000000 0.000000 
0.000000 0.000000 0.000000 0.000000 0.000000 0.000000 0.000000 0.000000 0.000000 0.000000 -0.000104 -0.000370 -0.000821 -0.002082 -0.006169 -0.012599 -0.018041 -0.019490 -0.015932 -0.009502 -0.003654 -0.001011 -0.000452 -0.000167 -0.000025 0.000002 0.000000 0.000000 0.000000 0.000000 0.000000 0.000000 0.000000 0.000000 0.000000 
0.000000 0.000000 0.000000 0.000000 0.000000 0.000000 0.000000 0.000000 -0.000032 -0.000251 -0.000725 -0.003046 -0.013772 -0.034800 -0.062118 -0.089285 -0.107913 -0.112933 -0.103477 -0.081184 -0.052088 -0.025449 -0.007764 -0.001082 -0.000286 -0.000059 0.000004 0.000000 0.000000 0.000000 0.000000 0.000000 0.000000 0.000000 0.000000 
0.000000 0.000000 0.000000 0.000000 0.000000 0.000000 0.000000 -0.000056 -0.000339 -0.000980 -0.006451 -0.026042 -0.060658 -0.104681 -0.147783 -0.177099 -0.191003 -0.193046 -0.185257 -0.166051 -0.132602 -0.087489 -0.045031 -0.015542 -0.002413 -0.000307 -0.000063 0.000006 0.000000 0.000000 0.000000 0.000000 0.000000 0.000000 0.000000 
0.000000 0.000000 0.000000 0.000000 0.000000 0.000000 -0.000067 -0.000337 -0.000936 -0.006568 -0.028690 -0.068885 -0.118904 -0.163759 -0.188128 -0.196555 -0.197788 -0.195887 -0.191992 -0.184852 -0.170692 -0.142062 -0.096028 -0.048763 -0.015919 -0.002137 -0.000228 -0.000042 -0.000003 0.000000 0.000000 0.000000 0.000000 0.000000 0.000000 
0.000000 0.000000 0.000000 0.000000 0.000000 -0.000060 -0.000283 -0.000759 -0.003799 -0.022300 -0.060722 -0.109310 -0.154361 -0.176011 -0.181312 -0.180763 -0.178648 -0.175968 -0.173155 -0.169630 -0.164140 -0.152876 -0.127168 -0.082560 -0.038869 -0.010284 -0.000842 -0.000107 -0.000022 -0.000015 0.000000 0.000000 0.000000 0.000000 0.000000 
0.000000 0.000000 0.000000 0.000000 -0.000039 -0.000207 -0.000555 -0.001427 -0.012232 -0.043951 -0.088738 -0.134884 -0.161446 -0.166365 -0.164533 -0.161994 -0.159574 -0.157129 -0.154360 -0.151370 -0.147852 -0.141894 -0.129517 -0.100118 -0.057677 -0.022131 -0.003541 -0.000143 -0.000011 -0.000019 -0.000027 0.000000 0.000000 0.000000 0.000000 
0.000000 0.000000 0.000000 -0.000016 -0.000125 -0.000357 -0.001035 -0.004061 -0.024273 -0.062205 -0.105683 -0.144233 -0.154125 -0.154143 -0.152032 -0.149928 -0.147774 -0.145687 -0.142355 -0.136827 -0.129681 -0.122351 -0.113595 -0.097873 -0.061648 -0.026712 -0.004318 0.001142 0.000164 0.000021 -0.000028 -0.000020 0.000000 0.000000 0.000000 
0.000000 0.000000 -0.000001 -0.000045 -0.000175 -0.000429 -0.000444 -0.004949 -0.029503 -0.066277 -0.107071 -0.133875 -0.137327 -0.137004 -0.137301 -0.139509 -0.141531 -0.140236 -0.134122 -0.124466 -0.114777 -0.106894 -0.099529 -0.089368 -0.061965 -0.027097 -0.002397 0.005876 0.002669 0.000180 -0.000015 -0.000041 -0.000003 0.000000 0.000000 
0.000000 0.000000 0.000004 -0.000024 0.000274 0.002569 0.006402 0.003503 -0.021027 -0.055966 -0.094958 -0.112999 -0.114158 -0.114069 -0.116650 -0.122955 -0.130614 -0.134009 -0.128340 -0.119574 -0.112127 -0.106164 -0.100300 -0.092280 -0.070864 -0.034834 -0.006976 0.006649 0.005888 0.001872 -0.000291 -0.000044 -0.000028 0.000000 0.000000 
0.000000 0.000000 0.000048 0.000380 0.004367 0.012988 0.023135 0.022296 -0.002899 -0.040770 -0.082192 -0.098136 -0.097814 -0.095116 -0.094765 -0.100572 -0.112490 -0.123131 -0.130097 -0.130390 -0.126171 -0.120494 -0.113975 -0.105995 -0.087351 -0.052019 -0.023150 -0.004800 0.000886 0.001580 -0.000198 -0.000528 -0.000041 0.000000 0.000000 
0.000000 0.000021 0.000178 0.003218 0.015384 0.032702 0.046276 0.041673 0.010467 -0.030410 -0.073908 -0.092313 -0.092226 -0.088425 -0.084711 -0.085556 -0.094053 -0.114524 -0.140603 -0.151005 -0.145021 -0.136982 -0.129409 -0.120710 -0.100434 -0.065412 -0.039448 -0.025344 -0.017584 -0.007909 -0.002826 -0.001649 -0.000096 -0.000021 0.000000 
0.000000 0.000070 0.000705 0.010811 0.034000 0.056986 0.063376 0.054555 0.022389 -0.019314 -0.064945 -0.090856 -0.093036 -0.089146 -0.084419 -0.084305 -0.092228 -0.115572 -0.147690 -0.165201 -0.162118 -0.153645 -0.145541 -0.134900 -0.108742 -0.073085 -0.049184 -0.040159 -0.040123 -0.029856 -0.013111 -0.004308 -0.000640 -0.000044 0.000000 
0.000000 0.000149 0.002601 0.023432 0.057142 0.075304 0.072617 0.063809 0.036086 -0.004368 -0.051410 -0.088564 -0.097728 -0.095499 -0.091944 -0.097415 -0.112427 -0.129742 -0.149641 -0.175111 -0.181566 -0.173077 -0.163217 -0.146814 -0.111375 -0.075053 -0.053931 -0.050470 -0.055337 -0.053802 -0.033265 -0.011093 -0.001982 -0.000079 0.000000 
0.000000 0.000252 0.006069 0.039175 0.077181 0.085987 0.078422 0.069078 0.051978 0.016628 -0.029281 -0.076695 -0.102323 -0.109645 -0.114180 -0.131410 -0.151064 -0.154239 -0.157059 -0.186349 -0.204343 -0.198314 -0.183793 -0.152486 -0.107994 -0.073172 -0.056601 -0.058958 -0.066096 -0.070626 -0.056810 -0.023326 -0.003895 -0.000134 0.000000 
0.000000 0.000349 0.009841 0.053496 0.090700 0.092744 0.083015 0.073348 0.065323 0.042206 0.001780 -0.051902 -0.102380 -0.129752 -0.143018 -0.169635 -0.190732 -0.181036 -0.171712 -0.199103 -0.222873 -0.215107 -0.189284 -0.145117 -0.098265 -0.068959 -0.061781 -0.066654 -0.074918 -0.082458 -0.076169 -0.038501 -0.006231 -0.000201 0.000000 
0.000006 0.000404 0.011971 0.062093 0.098753 0.097894 0.087267 0.077547 0.071242 0.063157 0.034178 -0.017192 -0.076641 -0.120471 -0.149385 -0.190360 -0.218409 -0.205255 -0.191153 -0.216824 -0.236718 -0.209464 -0.161280 -0.115212 -0.084472 -0.069729 -0.069101 -0.074197 -0.082954 -0.092127 -0.089916 -0.050629 -0.007914 -0.000254 -0.000002 
-0.000000 0.000393 0.011048 0.062874 0.102320 0.102224 0.091543 0.081639 0.075249 0.068321 0.052008 0.022267 -0.015904 -0.057691 -0.104227 -0.171092 -0.216757 -0.206568 -0.188998 -0.204896 -0.206594 -0.164809 -0.113897 -0.082106 -0.074396 -0.076764 -0.076607 -0.081570 -0.090846 -0.100640 -0.098752 -0.055954 -0.007562 -0.000268 0.000000 
0.000000 0.000321 0.007446 0.055030 0.100594 0.105612 0.095901 0.085751 0.077941 0.066379 0.053333 0.044404 0.036838 0.020918 -0.009207 -0.072579 -0.129432 -0.126256 -0.112970 -0.131207 -0.134433 -0.107135 -0.084157 -0.072709 -0.074189 -0.081123 -0.085308 -0.088971 -0.098852 -0.108365 -0.102010 -0.052376 -0.004951 -0.000236 0.000000 
0.000000 0.000214 0.003341 0.039489 0.089943 0.106528 0.099979 0.090242 0.079131 0.064896 0.053226 0.050480 0.053509 0.055746 0.053999 0.019377 -0.032801 -0.043658 -0.049999 -0.082147 -0.096832 -0.089652 -0.082945 -0.077462 -0.077287 -0.084581 -0.092538 -0.097335 -0.107039 -0.114057 -0.095294 -0.039209 -0.001867 -0.000161 0.000000 
0.000000 0.000106 0.001062 0.021830 0.067353 0.099942 0.102242 0.094638 0.081168 0.065661 0.055454 0.055256 0.058681 0.062746 0.067617 0.054971 0.009261 -0.028419 -0.060887 -0.094801 -0.101024 -0.094399 -0.088756 -0.084049 -0.082629 -0.089659 -0.100185 -0.107295 -0.114072 -0.112166 -0.074113 -0.022044 -0.000610 -0.000075 0.000000 
0.000000 0.000028 0.000482 0.007944 0.039457 0.077543 0.096903 0.096573 0.083961 0.068714 0.059531 0.060291 0.063779 0.068106 0.073519 0.072104 0.034786 -0.030403 -0.087377 -0.112827 -0.109736 -0.102392 -0.096677 -0.092305 -0.090696 -0.097429 -0.108702 -0.115431 -0.113634 -0.091258 -0.044705 -0.007683 -0.000468 -0.000011 0.000000 
0.000000 0.000000 0.000208 0.001525 0.016176 0.045622 0.072566 0.086608 0.083393 0.071186 0.063341 0.064488 0.067768 0.071227 0.073463 0.068995 0.039041 -0.026182 -0.087781 -0.113250 -0.114956 -0.110579 -0.105728 -0.101632 -0.099742 -0.105336 -0.113625 -0.109830 -0.089999 -0.055608 -0.018506 -0.001305 -0.000205 0.000000 0.000000 
0.000000 0.000000 0.000048 0.000397 0.003463 0.018037 0.040398 0.058584 0.062857 0.058762 0.055731 0.058315 0.060207 0.058973 0.053336 0.041728 0.020429 -0.018942 -0.060342 -0.084707 -0.097435 -0.102924 -0.103391 -0.100570 -0.096487 -0.096032 -0.093913 -0.079559 -0.052404 -0.022366 -0.003785 -0.000462 -0.000032 0.000000 0.000000 
0.000000 0.000000 -0.000002 0.000121 0.000527 0.003564 0.013690 0.027959 0.034769 0.032241 0.029238 0.030952 0.032209 0.029538 0.022445 0.011251 -0.002206 -0.014001 -0.028897 -0.047372 -0.062101 -0.071096 -0.074055 -0.072048 -0.067560 -0.065463 -0.059052 -0.040184 -0.018170 -0.004394 -0.000676 -0.000128 0.000003 0.000000 0.000000 
0.000000 0.000000 0.000000 0.000011 0.000171 0.000507 0.001967 0.006824 0.010895 0.007634 0.002729 0.001816 0.003320 0.001542 -0.003385 -0.009839 -0.013499 -0.013134 -0.012956 -0.018692 -0.028408 -0.035605 -0.038009 -0.035398 -0.032141 -0.030376 -0.023259 -0.010353 -0.002743 -0.000734 -0.000218 -0.000001 0.000000 0.000000 0.000000 
0.000000 0.000000 0.000000 0.000000 0.000021 0.000178 0.000403 0.000705 0.000922 -0.004525 -0.013533 -0.018783 -0.017939 -0.017202 -0.017057 -0.016020 -0.014796 -0.013488 -0.012126 -0.010736 -0.009450 -0.009423 -0.008141 -0.004637 -0.005172 -0.007312 -0.005106 -0.001343 -0.000668 -0.000257 -0.000015 0.000000 0.000000 0.000000 0.000000 
0.000000 0.000000 0.000000 0.000000 0.000000 0.000040 0.000163 0.000284 0.000509 -0.002110 -0.011076 -0.020711 -0.024098 -0.021546 -0.019192 -0.017358 -0.015762 -0.014182 -0.012507 -0.010507 -0.007860 -0.003919 0.001528 0.002502 -0.001604 -0.003811 -0.001808 -0.000567 -0.000263 -0.000047 0.000000 0.000000 0.000000 0.000000 0.000000 
0.000000 0.000000 0.000000 0.000000 0.000000 0.000000 0.000050 0.000138 0.000191 0.000314 -0.003348 -0.011956 -0.020633 -0.023351 -0.021127 -0.018690 -0.016631 -0.014608 -0.012324 -0.009399 -0.005145 0.000362 0.002306 -0.000817 -0.003305 -0.002278 -0.000488 -0.000251 -0.000068 0.000000 0.000000 0.000000 0.000000 0.000000 0.000000 
0.000000 0.000000 0.000000 0.000000 0.000000 0.000000 0.000000 0.000049 0.000109 0.000142 0.000353 -0.002509 -0.009053 -0.015977 -0.019540 -0.018817 -0.016290 -0.013237 -0.009536 -0.004960 -0.000752 0.000363 -0.001482 -0.003158 -0.002165 -0.000420 -0.000216 -0.000071 0.000000 0.000000 0.000000 0.000000 0.000000 0.000000 0.000000 
0.000000 0.000000 0.000000 0.000000 0.000000 0.000000 0.000000 0.000000 0.000030 0.000075 0.000081 0.000443 -0.000243 -0.003478 -0.007547 -0.010071 -0.009682 -0.007449 -0.004556 -0.002237 -0.001966 -0.002898 -0.002961 -0.001282 -0.000257 -0.000148 -0.000041 0.000000 0.000000 0.000000 0.000000 0.000000 0.000000 0.000000 0.000000 
0.000000 0.000000 0.000000 0.000000 0.000000 0.000000 0.000000 0.000000 0.000000 0.000004 0.000034 0.000038 0.000031 0.000301 0.000441 -0.000280 -0.001262 -0.002014 -0.002462 -0.002560 -0.002018 -0.000788 -0.000165 -0.000106 -0.000059 -0.000004 0.000000 0.000000 0.000000 0.000000 0.000000 0.000000 0.000000 0.000000 0.000000 
0.000000 0.000000 0.000000 0.000000 0.000000 0.000000 0.000000 0.000000 0.000000 0.000000 0.000000 0.000000 0.000016 0.000017 0.000008 -0.000003 -0.000015 -0.000027 -0.000038 -0.000044 -0.000046 -0.000042 -0.000025 0.000000 0.000000 0.000000 0.000000 0.000000 0.000000 0.000000 0.000000 0.000000 0.000000 0.000000 0.000000 
