-0.000000 -0.000000 -0.000000 -0.000000 -0.000000 -0.000000 -0.000000 -0.000000 -0.000000 -0.000000 -0.000000 -0.000000 -0.000000 -0.000000 -0.000000 -0.000000 0.000012 0.000087 0.000066 -0.000000 -0.000000 -0.000000 -0.000000 -0.000000 -0.000000 -0.000000 -0.000000 -0.000000 -0.000000 -0.000000 -0.000000 -0.000000 -0.000000 -0.000000 -0.000000 
-0.000000 -0.000000 -0.000000 -0.000000 -0.000000 -0.000000 -0.000000 -0.000000 -0.000000 -0.000000 -0.000000 -0.000000 0.001330 0.002805 0.004050 0.004913 0.005125 0.004467 0.003215 0.001956 0.001045 0.000487 0.000190 -0.000000 -0.000000 -0.000000 -0.000000 -0.000000 -0.000000 -0.000000 -0.000000 -0.000000 -0.000000 -0.000000 -0.000000 
-0.000000 -0.000000 -0.000000 -0.000000 -0.000000 -0.000000 -0.000000 -0.000000 -0.000000 0.000115 0.002418 0.005477 0.010657 0.045986 0.137579 0.222942 0.262851 0.245835 0.182024 0.105362 0.043281 0.009676 0.001588 0.000534 0.000174 -0.000041 -0.000000 -0.000000 -0.000000 -0.000000 -0.000000 -0.000000 -0.000000 -0.000000 -0.000000 
-0.000000 -0.000000 -0.000000 -0.000000 -0.000000 -0.000000 -0.000000 -0.000000 0.001229 0.004950 0.010762 0.070203 0.250425 0.456631 0.620722 0.726460 0.777091 0.771448 0.703544 0.563331 0.362615 0.184216 0.066876 0.011872 0.000908 0.000245 0.000033 -0.000000 -0.000000 -0.000000 -0.000000 -0.000000 -0.000000 -0.000000 -0.000000 
-0.000000 -0.000000 -0.000000 -0.000000 -0.000000 -0.000000 -0.000000 0.001935 0.006555 0.016282 0.136700 0.398795 0.670962 0.867919 0.950214 0.975101 0.980941 0.979493 0.972309 0.937664 0.820237 0.571724 0.303310 0.120306 0.026959 0.001288 0.000171 0.000027 -0.000000 -0.000000 -0.000000 -0.000000 -0.000000 -0.000000 -0.000000 
-0.000000 -0.000000 -0.000000 -0.000000 -0.000000 -0.000000 0.001953 0.006830 0.015895 0.137997 0.442884 0.760387 0.908135 0.937454 0.941755 0.938702 0.935228 0.934290 0.934525 0.933891 0.926539 0.864197 0.629051 0.345620 0.133187 0.026780 0.000523 -0.000140 -0.000109 -0.000000 -0.000000 -0.000000 -0.000000 -0.000000 -0.000000 
-0.000000 -0.000000 -0.000000 -0.000000 -0.000000 0.001561 0.006019 0.013707 0.082341 0.382984 0.737161 0.889692 0.905674 0.901375 0.891119 0.883073 0.877822 0.877741 0.879909 0.885509 0.889020 0.885752 0.830414 0.573899 0.306425 0.104061 0.012084 -0.000764 -0.000655 -0.000239 -0.000000 -0.000000 -0.000000 -0.000000 -0.000000 
-0.000000 -0.000000 -0.000000 -0.000000 0.001016 0.004541 0.011158 0.027659 0.242251 0.641554 0.869245 0.904086 0.889438 0.868918 0.846617 0.833374 0.827622 0.826815 0.830965 0.837459 0.838257 0.816384 0.789709 0.672586 0.409238 0.188120 0.039790 -0.002638 -0.001999 -0.001071 -0.000298 -0.000000 -0.000000 -0.000000 -0.000000 
-0.000000 -0.000000 -0.000000 0.000508 0.003009 0.008308 0.025548 0.095148 0.444888 0.781818 0.888495 0.865253 0.851400 0.838060 0.828811 0.814546 0.791609 0.784188 0.774903 0.723381 0.676272 0.648235 0.633547 0.608805 0.388228 0.159309 0.000628 -0.049990 -0.018129 -0.002941 -0.001113 -0.000186 -0.000000 -0.000000 -0.000000 
-0.000000 -0.000000 0.000061 0.001704 0.005711 0.025825 0.048781 0.157493 0.530073 0.756118 0.776882 0.734728 0.722884 0.723825 0.745411 0.771251 0.784234 0.734356 0.646369 0.594827 0.577880 0.578297 0.587447 0.583677 0.437389 0.183417 -0.021411 -0.135943 -0.092104 -0.029714 -0.003032 -0.000803 0.000017 -0.000000 -0.000000 
-0.000000 -0.000000 0.000738 0.002959 0.019869 0.032415 0.006387 0.109805 0.449249 0.608237 0.583905 0.540552 0.525483 0.531358 0.567923 0.635459 0.681099 0.645744 0.591003 0.588696 0.629792 0.674893 0.705299 0.711538 0.607590 0.327510 0.075351 -0.116903 -0.152854 -0.088854 -0.024886 -0.001749 -0.000292 -0.000000 -0.000000 
-0.000000 -0.000000 0.001344 0.009901 0.017497 -0.035005 -0.139785 -0.041442 0.307367 0.501403 0.501366 0.469697 0.445688 0.422434 0.412238 0.426942 0.448603 0.547105 0.669221 0.740050 0.796946 0.830436 0.845515 0.846633 0.765553 0.499504 0.256633 0.031460 -0.087550 -0.109661 -0.059401 -0.009380 -0.000549 -0.000000 -0.000000 
-0.000000 0.000284 0.001750 0.009844 -0.051412 -0.195999 -0.310770 -0.139985 0.268149 0.485294 0.495880 0.462806 0.438506 0.412481 0.386349 0.319353 0.293953 0.485111 0.765603 0.891977 0.908818 0.927412 0.937894 0.936287 0.844925 0.577947 0.344242 0.159094 0.073492 -0.016100 -0.052641 -0.023350 -0.000634 -0.000007 -0.000000 
-0.000000 0.000375 0.002936 -0.034913 -0.196219 -0.350247 -0.355018 -0.219625 0.204831 0.462937 0.508511 0.473935 0.450460 0.423930 0.384992 0.317165 0.362434 0.513313 0.740284 0.951066 1.004733 1.014208 1.020916 1.014280 0.882243 0.610853 0.388667 0.221598 0.175847 0.134523 0.031729 -0.007941 -0.000802 0.000191 -0.000000 
-0.000000 0.000099 -0.006546 -0.136459 -0.349989 -0.396558 -0.368378 -0.313359 0.092854 0.416040 0.526643 0.501910 0.478734 0.460250 0.421557 0.418174 0.529652 0.587864 0.671777 0.913938 1.063523 1.084517 1.095928 1.071748 0.869524 0.601881 0.399443 0.266461 0.250114 0.231468 0.164847 0.058762 0.007916 0.000725 -0.000000 
-0.000000 -0.000627 -0.043031 -0.265570 -0.427727 -0.412704 -0.378017 -0.343777 -0.082043 0.307189 0.523951 0.554005 0.550856 0.549587 0.519599 0.581078 0.709891 0.690980 0.678289 0.876716 1.062524 1.095079 1.123398 1.062774 0.804615 0.556970 0.387201 0.317355 0.312487 0.302031 0.269655 0.162674 0.038136 0.001713 -0.000000 
-0.000170 -0.001785 -0.100096 -0.365530 -0.459652 -0.425833 -0.386692 -0.353285 -0.279723 0.096034 0.440405 0.623252 0.650997 0.619465 0.606580 0.721259 0.832888 0.815478 0.801151 0.945823 1.140895 1.161147 1.081512 0.899036 0.671216 0.493421 0.378985 0.366851 0.367489 0.362531 0.345477 0.255654 0.086776 0.003064 0.000052 
-0.000080 -0.003033 -0.155247 -0.426153 -0.477979 -0.436762 -0.397915 -0.364284 -0.333930 -0.185469 0.225145 0.552512 0.663836 0.643734 0.690750 0.873232 0.962405 0.940840 0.911218 1.004166 1.243630 1.269331 0.996911 0.653708 0.471997 0.421713 0.412073 0.413852 0.417613 0.417600 0.406898 0.329700 0.136017 0.004388 0.000211 
-0.000182 -0.003748 -0.178781 -0.458382 -0.497288 -0.453257 -0.411962 -0.378109 -0.347032 -0.280800 -0.109623 0.189350 0.451718 0.606629 0.760563 0.990084 1.080741 1.048656 1.013038 1.071663 1.210502 1.104150 0.794229 0.494515 0.343776 0.367951 0.447495 0.459280 0.465884 0.468801 0.461066 0.379992 0.158240 0.005025 0.000191 
-0.000000 -0.003688 -0.158352 -0.460517 -0.522181 -0.472102 -0.429809 -0.395955 -0.345821 -0.279682 -0.248420 -0.202550 -0.030409 0.202536 0.480407 0.828462 1.006004 0.957737 0.848785 0.804332 0.873599 0.761696 0.598715 0.470774 0.357591 0.362044 0.449400 0.504758 0.514012 0.518090 0.510991 0.397821 0.139666 0.004735 -0.000000 
-0.000000 -0.003020 -0.099352 -0.421422 -0.554581 -0.495705 -0.452183 -0.414640 -0.348359 -0.290968 -0.283676 -0.306105 -0.295931 -0.238994 -0.085065 0.245942 0.487870 0.481271 0.386408 0.429655 0.584529 0.604599 0.568702 0.532711 0.433320 0.387515 0.452899 0.549006 0.562307 0.565709 0.545032 0.365118 0.087692 0.003768 -0.000000 
-0.000000 -0.002037 -0.032917 -0.320202 -0.557019 -0.533028 -0.480411 -0.435134 -0.360588 -0.309268 -0.316236 -0.331759 -0.329227 -0.329009 -0.306100 -0.118000 0.124489 0.190589 0.202476 0.410616 0.619752 0.636449 0.618454 0.594424 0.513839 0.436618 0.475883 0.580299 0.609201 0.605415 0.524069 0.274509 0.030438 0.002497 -0.000000 
-0.000000 -0.000923 -0.007516 -0.176265 -0.458559 -0.572072 -0.521960 -0.461691 -0.385817 -0.340240 -0.351088 -0.360146 -0.358497 -0.360330 -0.360518 -0.260966 -0.022594 0.147034 0.310306 0.577463 0.697368 0.689767 0.672784 0.650905 0.587034 0.491866 0.512521 0.613631 0.647595 0.593288 0.405827 0.149269 0.007982 0.001142 -0.000000 
-0.000000 -0.000000 -0.003730 -0.048411 -0.276613 -0.505884 -0.565081 -0.514325 -0.421987 -0.375297 -0.386929 -0.393623 -0.392368 -0.395244 -0.402747 -0.390380 -0.224487 0.068623 0.429783 0.695971 0.746251 0.740390 0.725253 0.704297 0.645410 0.545218 0.554179 0.630675 0.609249 0.467999 0.233832 0.041857 0.003959 -0.000000 -0.000000 
-0.000000 -0.000000 -0.001567 -0.007011 -0.092748 -0.300732 -0.483131 -0.530570 -0.482828 -0.437288 -0.441814 -0.445632 -0.444252 -0.449353 -0.454900 -0.439456 -0.313495 0.037150 0.429996 0.625954 0.705014 0.739443 0.743697 0.727728 0.656227 0.539295 0.513941 0.539646 0.451127 0.254022 0.076547 0.006688 0.001606 -0.000000 -0.000000 
-0.000000 -0.000000 -0.000052 -0.003048 -0.010199 -0.091108 -0.252504 -0.394191 -0.426972 -0.427730 -0.453993 -0.474526 -0.466086 -0.446099 -0.405491 -0.322309 -0.178914 0.049816 0.265736 0.414796 0.521132 0.586944 0.610843 0.602515 0.506539 0.391111 0.356197 0.341123 0.209922 0.073368 0.008701 0.002732 -0.000038 -0.000000 -0.000000 
-0.000000 -0.000000 -0.000000 -0.000709 -0.003823 -0.009155 -0.051075 -0.145021 -0.217592 -0.257930 -0.303237 -0.347521 -0.332186 -0.288599 -0.212847 -0.100105 0.017730 0.049806 0.076395 0.173546 0.272575 0.339942 0.369341 0.358905 0.239409 0.148449 0.129342 0.109105 0.039272 0.007137 0.002996 0.000593 -0.000000 -0.000000 -0.000000 
-0.000000 -0.000000 -0.000000 -0.000000 -0.001020 -0.003621 -0.006765 -0.012313 -0.016386 -0.012986 -0.036730 -0.086554 -0.089119 -0.045449 0.008709 0.027331 0.034792 0.041222 0.045981 0.048862 0.055896 0.087342 0.103640 0.056887 -0.048522 -0.072756 -0.018725 0.007430 0.004496 0.002439 0.000641 -0.000000 -0.000000 -0.000000 -0.000000 
-0.000000 -0.000000 -0.000000 -0.000000 -0.000000 -0.000933 -0.002677 -0.004208 0.001496 0.038871 0.073425 0.060481 0.019344 0.015977 0.020418 0.025188 0.030104 0.033442 0.035638 0.033723 0.028271 0.016055 -0.013680 -0.104809 -0.140644 -0.079732 -0.010697 0.001914 0.001434 0.000523 -0.000000 -0.000000 -0.000000 -0.000000 -0.000000 
-0.000000 -0.000000 -0.000000 -0.000000 -0.000000 -0.000000 -0.000603 -0.001394 -0.001495 0.014572 0.056796 0.081840 0.057283 0.019028 0.014252 0.017539 0.020517 0.021958 0.020900 0.016132 0.006643 -0.019239 -0.092806 -0.136910 -0.095118 -0.026657 -0.000354 0.000418 0.000276 -0.000000 -0.000000 -0.000000 -0.000000 -0.000000 -0.000000 
-0.000000 -0.000000 -0.000000 -0.000000 -0.000000 -0.000000 -0.000000 -0.000241 -0.000272 0.000653 0.020018 0.059475 0.081305 0.062597 0.025322 0.008439 0.005294 0.004212 0.000090 -0.011741 -0.041464 -0.095445 -0.118348 -0.085337 -0.028285 -0.001687 -0.000212 0.000058 -0.000000 -0.000000 -0.000000 -0.000000 -0.000000 -0.000000 -0.000000 
-0.000000 -0.000000 -0.000000 -0.000000 -0.000000 -0.000000 -0.000000 -0.000000 0.000027 0.000320 0.001218 0.012738 0.044669 0.068212 0.064960 0.039119 0.014279 -0.005067 -0.024028 -0.049680 -0.078558 -0.082625 -0.052918 -0.014390 -0.001369 -0.000376 -0.000030 -0.000000 -0.000000 -0.000000 -0.000000 -0.000000 -0.000000 -0.000000 -0.000000 
-0.000000 -0.000000 -0.000000 -0.000000 -0.000000 -0.000000 -0.000000 -0.000000 -0.000000 -0.000002 0.000309 0.000865 0.001978 0.010110 0.028802 0.037905 0.028931 0.006732 -0.017589 -0.030622 -0.025305 -0.009279 -0.001969 -0.000920 -0.000334 0.000004 -0.000000 -0.000000 -0.000000 -0.000000 -0.000000 -0.000000 -0.000000 -0.000000 -0.000000 
-0.000000 -0.000000 -0.000000 -0.000000 -0.000000 -0.000000 -0.000000 -0.000000 -0.000000 -0.000000 -0.000000 -0.000000 0.000258 0.000605 0.000873 0.000956 0.000724 0.000170 -0.000433 -0.000782 -0.000816 -0.000611 -0.000294 -0.000000 -0.000000 -0.000000 -0.000000 -0.000000 -0.000000 -0.000000 -0.000000 -0.000000 -0.000000 -0.000000 -0.000000 
-0.000000 -0.000000 -0.000000 -0.000000 -0.000000 -0.000000 -0.000000 -0.000000 -0.000000 -0.000000 -0.000000 -0.000000 -0.000000 -0.000000 -0.000000 -0.000000 0.000118 0.000016 0.000078 -0.000000 -0.000000 -0.000000 -0.000000 -0.000000 -0.000000 -0.000000 -0.000000 -0.000000 -0.000000 -0.000000 -0.000000 -0.000000 -0.000000 -0.000000 -0.000000 
