-0.000000 -0.000000 -0.000000 -0.000000 -0.000000 -0.000000 -0.000000 -0.000000 -0.000000 -0.000000 -0.000000 -0.000000 -0.000000 -0.000000 -0.000000 -0.000000 -0.000000 -0.000000 -0.000000 -0.000000 -0.000000 -0.000000 -0.000000 -0.000000 -0.000000 -0.000000 -0.000000 -0.000000 -0.000000 -0.000000 -0.000000 -0.000000 -0.000000 -0.000000 -0.000000 
-0.000000 -0.000000 -0.000000 -0.000000 -0.000000 -0.000000 -0.000000 -0.000000 -0.000000 -0.000000 -0.000000 -0.000000 -0.000339 -0.000849 -0.001474 -0.002167 -0.002795 -0.003141 -0.003066 -0.002605 -0.001938 -0.001221 -0.000536 -0.000000 -0.000000 -0.000000 -0.000000 -0.000000 -0.000000 -0.000000 -0.000000 -0.000000 -0.000000 -0.000000 -0.000000 
-0.000000 -0.000000 -0.000000 -0.000000 -0.000000 -0.000000 -0.000000 -0.000000 -0.000000 -0.000000 -0.000461 -0.001245 -0.002708 -0.010794 -0.036942 -0.071966 -0.103295 -0.119865 -0.111533 -0.084130 -0.047095 -0.015110 -0.004225 -0.002163 -0.000894 -0.000000 -0.000000 -0.000000 -0.000000 -0.000000 -0.000000 -0.000000 -0.000000 -0.000000 -0.000000 
-0.000000 -0.000000 -0.000000 -0.000000 -0.000000 -0.000000 -0.000000 -0.000000 -0.000155 -0.000814 -0.002072 -0.013049 -0.055897 -0.126929 -0.214236 -0.300701 -0.358796 -0.384443 -0.376980 -0.334953 -0.257159 -0.165642 -0.080120 -0.021060 -0.003972 -0.001789 -0.000412 -0.000000 -0.000000 -0.000000 -0.000000 -0.000000 -0.000000 -0.000000 -0.000000 
-0.000000 -0.000000 -0.000000 -0.000000 -0.000000 -0.000000 -0.000000 -0.000203 -0.000952 -0.002617 -0.023575 -0.085558 -0.183856 -0.306696 -0.413077 -0.471057 -0.496625 -0.509245 -0.516307 -0.511696 -0.474694 -0.380896 -0.249889 -0.128525 -0.040103 -0.005527 -0.002357 -0.000613 -0.000000 -0.000000 -0.000000 -0.000000 -0.000000 -0.000000 -0.000000 
-0.000000 -0.000000 -0.000000 -0.000000 -0.000000 -0.000000 -0.000217 -0.000899 -0.002395 -0.021453 -0.086375 -0.195738 -0.319756 -0.422256 -0.460243 -0.473202 -0.482154 -0.490473 -0.499867 -0.509588 -0.517075 -0.501633 -0.414858 -0.282356 -0.139307 -0.039952 -0.005860 -0.002595 -0.000741 -0.000000 -0.000000 -0.000000 -0.000000 -0.000000 -0.000000 
-0.000000 -0.000000 -0.000000 -0.000000 -0.000000 -0.000197 -0.000768 -0.001921 -0.011230 -0.064914 -0.167466 -0.287505 -0.398571 -0.435622 -0.446664 -0.452701 -0.458256 -0.465063 -0.474945 -0.486863 -0.500098 -0.510678 -0.497424 -0.398155 -0.261811 -0.116052 -0.024678 -0.005768 -0.002672 -0.000741 -0.000000 -0.000000 -0.000000 -0.000000 -0.000000 
-0.000000 -0.000000 -0.000000 -0.000000 -0.000145 -0.000606 -0.001504 -0.003848 -0.034987 -0.122770 -0.237534 -0.358164 -0.419937 -0.430250 -0.431189 -0.433137 -0.436720 -0.443120 -0.453067 -0.466849 -0.487178 -0.523187 -0.549547 -0.513681 -0.388456 -0.232432 -0.079612 -0.012545 -0.005762 -0.002595 -0.000613 -0.000000 -0.000000 -0.000000 -0.000000 
-0.000000 -0.000000 -0.000000 -0.000080 -0.000439 -0.001142 -0.004270 -0.016157 -0.076368 -0.181125 -0.297705 -0.406441 -0.430339 -0.436826 -0.435301 -0.429656 -0.424138 -0.428932 -0.449317 -0.513561 -0.582005 -0.637056 -0.671989 -0.679979 -0.576463 -0.421924 -0.230632 -0.080115 -0.024557 -0.005858 -0.002357 -0.000412 -0.000000 -0.000000 -0.000000 
-0.000000 -0.000000 -0.000000 -0.000258 -0.000793 -0.004520 -0.012854 -0.035233 -0.109219 -0.212557 -0.329207 -0.409825 -0.425845 -0.432210 -0.433182 -0.432331 -0.431232 -0.458142 -0.545814 -0.634969 -0.708105 -0.764022 -0.798850 -0.814571 -0.748258 -0.602450 -0.421899 -0.232161 -0.116206 -0.039973 -0.005543 -0.001792 -0.000000 -0.000000 -0.000000 
-0.000000 -0.000000 -0.000075 -0.000408 -0.003071 -0.009591 -0.018322 -0.039754 -0.115204 -0.216486 -0.333372 -0.395132 -0.409004 -0.415907 -0.420740 -0.426888 -0.466680 -0.576205 -0.682326 -0.768188 -0.836547 -0.885272 -0.916496 -0.931796 -0.888310 -0.746407 -0.575013 -0.386911 -0.260979 -0.139069 -0.040091 -0.003979 -0.000890 -0.000000 -0.000000 
-0.000000 -0.000000 -0.000102 -0.000986 -0.004459 -0.009409 -0.009558 -0.027041 -0.101176 -0.202711 -0.320744 -0.376356 -0.389243 -0.395362 -0.400941 -0.429381 -0.551840 -0.713696 -0.829417 -0.888390 -0.919080 -0.934989 -0.947920 -0.959684 -0.930781 -0.811074 -0.676305 -0.510270 -0.395821 -0.281858 -0.128809 -0.020575 -0.002166 -0.000000 -0.000000 
-0.000000 0.000008 -0.000030 -0.000385 0.000219 0.002882 0.008863 -0.008801 -0.083465 -0.185232 -0.304934 -0.364697 -0.378439 -0.384853 -0.391595 -0.470001 -0.662419 -0.831741 -0.915563 -0.926534 -0.920273 -0.925422 -0.935610 -0.946129 -0.913401 -0.793221 -0.666394 -0.544805 -0.493307 -0.413477 -0.248901 -0.079683 -0.004231 -0.000537 -0.000000 
-0.000000 0.000066 0.000416 0.005330 0.012873 0.021457 0.022871 0.010584 -0.060627 -0.160863 -0.280867 -0.356459 -0.373440 -0.381143 -0.404653 -0.556052 -0.775291 -0.889831 -0.916670 -0.920445 -0.912754 -0.914605 -0.923552 -0.931382 -0.879846 -0.756443 -0.630032 -0.515588 -0.504534 -0.497017 -0.378942 -0.166228 -0.015126 -0.001222 -0.000000 
-0.000000 0.000184 0.002971 0.017175 0.030461 0.034935 0.033680 0.028825 -0.030009 -0.124079 -0.244093 -0.344449 -0.372259 -0.379928 -0.429827 -0.645482 -0.845463 -0.887913 -0.890401 -0.908554 -0.912308 -0.910842 -0.916178 -0.913020 -0.829289 -0.698014 -0.573313 -0.479058 -0.492138 -0.510730 -0.470531 -0.254650 -0.046805 -0.001931 -0.000000 
-0.000000 0.000368 0.008977 0.033567 0.045334 0.045443 0.042876 0.039381 0.005753 -0.078383 -0.190949 -0.308720 -0.355950 -0.355710 -0.439468 -0.682449 -0.849536 -0.847749 -0.844806 -0.876103 -0.905810 -0.916563 -0.921260 -0.881025 -0.759903 -0.625818 -0.504992 -0.457316 -0.477870 -0.501629 -0.506347 -0.333591 -0.084504 -0.002602 -0.000000 
-0.000000 0.000590 0.016511 0.048316 0.057118 0.054863 0.051339 0.047816 0.039456 -0.022031 -0.112000 -0.215981 -0.294260 -0.315925 -0.441200 -0.700697 -0.836226 -0.825766 -0.814797 -0.839681 -0.882204 -0.908407 -0.906667 -0.818697 -0.671793 -0.535534 -0.439069 -0.442854 -0.465048 -0.490651 -0.509522 -0.374163 -0.111490 -0.003066 -0.000000 
-0.000000 0.000773 0.022627 0.059618 0.067592 0.064038 0.059871 0.056228 0.053103 0.043179 0.001713 -0.076116 -0.184510 -0.276418 -0.451493 -0.721098 -0.847248 -0.837559 -0.822167 -0.838375 -0.874393 -0.875106 -0.817588 -0.699647 -0.564047 -0.446570 -0.417658 -0.432398 -0.454784 -0.481017 -0.501763 -0.381374 -0.118798 -0.003117 -0.000000 
-0.000000 0.000864 0.024785 0.066957 0.077635 0.073445 0.068942 0.065123 0.065809 0.094601 0.107759 0.068142 -0.030494 -0.164213 -0.386374 -0.696132 -0.849504 -0.843207 -0.828076 -0.835117 -0.827379 -0.756695 -0.642902 -0.534574 -0.452034 -0.418901 -0.412717 -0.425548 -0.447445 -0.472069 -0.489006 -0.355522 -0.103216 -0.002792 -0.000000 
-0.000000 0.000811 0.021265 0.068841 0.087509 0.083558 0.078871 0.075013 0.092679 0.128675 0.158220 0.162229 0.115751 0.026676 -0.157526 -0.470036 -0.691019 -0.711530 -0.686289 -0.663690 -0.623867 -0.534178 -0.449559 -0.410076 -0.410735 -0.418760 -0.418066 -0.421684 -0.441875 -0.463515 -0.464171 -0.298318 -0.072216 -0.002160 -0.000000 
-0.000000 0.000652 0.013120 0.060414 0.093838 0.094235 0.089695 0.087757 0.120442 0.155787 0.182393 0.188475 0.174760 0.149441 0.075587 -0.154596 -0.378052 -0.438132 -0.422990 -0.417668 -0.406894 -0.381474 -0.369159 -0.380096 -0.402804 -0.418147 -0.422861 -0.420126 -0.436123 -0.451430 -0.407154 -0.211411 -0.036657 -0.001464 -0.000000 
-0.000000 0.000441 0.004751 0.045018 0.088878 0.103771 0.101290 0.106870 0.145123 0.178980 0.201288 0.200296 0.187407 0.174906 0.150954 0.030996 -0.155074 -0.261820 -0.296453 -0.333398 -0.357147 -0.358556 -0.362704 -0.374627 -0.397691 -0.416601 -0.424282 -0.419301 -0.426115 -0.414703 -0.302937 -0.126541 -0.010791 -0.000847 -0.000000 
-0.000000 0.000205 0.001507 0.023956 0.067463 0.101039 0.111494 0.125561 0.164520 0.197149 0.217340 0.212489 0.200243 0.189175 0.178339 0.121756 -0.021372 -0.169668 -0.274515 -0.334777 -0.350338 -0.351393 -0.356928 -0.368943 -0.391127 -0.410839 -0.418409 -0.410443 -0.390675 -0.315320 -0.181657 -0.055341 -0.002694 -0.000339 -0.000000 
-0.000000 -0.000000 0.000826 0.006893 0.039359 0.079221 0.104165 0.132768 0.179063 0.212327 0.231708 0.226087 0.214372 0.203985 0.194082 0.169780 0.078455 -0.062140 -0.199122 -0.289229 -0.324057 -0.335642 -0.344305 -0.357241 -0.378329 -0.396036 -0.396065 -0.350461 -0.282098 -0.193228 -0.084991 -0.012697 -0.001238 -0.000000 -0.000000 
-0.000000 -0.000000 0.000358 0.001521 0.013630 0.044233 0.078038 0.114526 0.169653 0.212020 0.236522 0.233459 0.221064 0.206910 0.189786 0.167262 0.118538 0.014630 -0.097108 -0.174038 -0.226020 -0.262455 -0.286428 -0.303205 -0.318416 -0.317901 -0.290156 -0.232632 -0.164619 -0.085245 -0.023389 -0.002050 -0.000457 -0.000000 -0.000000 
-0.000000 -0.000000 -0.000000 0.000726 0.002164 0.014226 0.039249 0.076350 0.136012 0.184848 0.213594 0.215818 0.202666 0.186320 0.164993 0.138548 0.105577 0.055000 -0.009005 -0.064089 -0.109930 -0.145491 -0.170340 -0.188928 -0.205457 -0.205045 -0.176669 -0.120577 -0.064103 -0.021227 -0.002586 -0.000807 -0.000000 -0.000000 -0.000000 
-0.000000 -0.000000 -0.000000 0.000177 0.000981 0.002371 0.009294 0.029294 0.080031 0.136257 0.171336 0.182845 0.170346 0.152506 0.129292 0.102277 0.076471 0.064458 0.051291 0.018373 -0.017412 -0.047725 -0.071303 -0.090693 -0.107422 -0.104542 -0.074233 -0.034664 -0.010993 -0.002345 -0.000937 -0.000155 -0.000000 -0.000000 -0.000000 
-0.000000 -0.000000 -0.000000 -0.000000 0.000267 0.001107 0.002391 0.004991 0.029037 0.076576 0.115885 0.135995 0.130663 0.114171 0.096125 0.084573 0.075502 0.067190 0.059154 0.050861 0.040137 0.021235 0.001053 -0.019522 -0.035037 -0.033086 -0.015588 -0.003707 -0.001867 -0.000881 -0.000201 -0.000000 -0.000000 -0.000000 -0.000000 
-0.000000 -0.000000 -0.000000 -0.000000 -0.000000 0.000330 0.001153 0.002395 0.009336 0.039162 0.078719 0.106282 0.115529 0.107445 0.097556 0.087850 0.078849 0.070317 0.062161 0.053688 0.044123 0.032389 0.016675 -0.004368 -0.015626 -0.011977 -0.004111 -0.001452 -0.000750 -0.000215 -0.000000 -0.000000 -0.000000 -0.000000 -0.000000 
-0.000000 -0.000000 -0.000000 -0.000000 -0.000000 -0.000000 0.000329 0.001107 0.002372 0.014190 0.044413 0.079915 0.103002 0.108228 0.100611 0.091439 0.082400 0.073526 0.064687 0.055053 0.043780 0.028851 0.007900 -0.006702 -0.008519 -0.004309 -0.001092 -0.000589 -0.000195 -0.000000 -0.000000 -0.000000 -0.000000 -0.000000 -0.000000 
-0.000000 -0.000000 -0.000000 -0.000000 -0.000000 -0.000000 -0.000000 0.000267 0.000980 0.002158 0.013624 0.039325 0.068305 0.090796 0.097696 0.092821 0.084272 0.074936 0.064590 0.052182 0.036080 0.016596 0.002272 -0.003642 -0.002904 -0.000751 -0.000425 -0.000144 -0.000000 -0.000000 -0.000000 -0.000000 -0.000000 -0.000000 -0.000000 
-0.000000 -0.000000 -0.000000 -0.000000 -0.000000 -0.000000 -0.000000 -0.000000 0.000176 0.000724 0.001520 0.007093 0.024165 0.044936 0.061955 0.070461 0.069632 0.062807 0.051449 0.036209 0.019031 0.006222 -0.000058 -0.000918 -0.000381 -0.000250 -0.000080 -0.000000 -0.000000 -0.000000 -0.000000 -0.000000 -0.000000 -0.000000 -0.000000 
-0.000000 -0.000000 -0.000000 -0.000000 -0.000000 -0.000000 -0.000000 -0.000000 -0.000000 -0.000000 0.000358 0.000826 0.001507 0.004743 0.013206 0.021180 0.024873 0.023124 0.016635 0.009016 0.003054 0.000427 -0.000009 -0.000092 -0.000075 -0.000000 -0.000000 -0.000000 -0.000000 -0.000000 -0.000000 -0.000000 -0.000000 -0.000000 -0.000000 
-0.000000 -0.000000 -0.000000 -0.000000 -0.000000 -0.000000 -0.000000 -0.000000 -0.000000 -0.000000 -0.000000 -0.000000 0.000204 0.000441 0.000656 0.000816 0.000870 0.000788 0.000600 0.000377 0.000191 0.000068 0.000007 -0.000000 -0.000000 -0.000000 -0.000000 -0.000000 -0.000000 -0.000000 -0.000000 -0.000000 -0.000000 -0.000000 -0.000000 
-0.000000 -0.000000 -0.000000 -0.000000 -0.000000 -0.000000 -0.000000 -0.000000 -0.000000 -0.000000 -0.000000 -0.000000 -0.000000 -0.000000 -0.000000 -0.000000 -0.000000 -0.000000 -0.000000 -0.000000 -0.000000 -0.000000 -0.000000 -0.000000 -0.000000 -0.000000 -0.000000 -0.000000 -0.000000 -0.000000 -0.000000 -0.000000 -0.000000 -0.000000 -0.000000 
