0.000000 0.000000 0.000000 0.000000 0.000000 0.000000 0.000000 0.000000 0.000000 0.000000 0.000000 0.000000 0.000000 0.000000 0.000000 0.000000 0.000000 0.000000 0.000000 0.000000 0.000000 0.000000 0.000000 0.000000 0.000000 0.000000 0.000000 0.000000 0.000000 0.000000 0.000000 0.000000 0.000000 0.000000 0.000000 
0.000000 0.000000 0.000000 0.000000 0.000000 0.000000 0.000000 0.000000 0.000000 0.000000 0.000000 0.000000 0.000000 0.000000 0.000000 0.000000 0.000000 0.000000 0.000000 0.000000 0.000000 0.000000 0.000000 0.000000 0.000000 0.000000 0.000000 0.000000 0.000000 0.000000 0.000000 0.000000 0.000000 0.000000 0.000000 
0.000000 0.000000 0.000000 0.000000 0.000000 0.000000 0.000000 0.000000 0.000000 0.000000 0.000000 0.000000 -0.000681 -0.001371 -0.001869 -0.002087 -0.001944 -0.001430 -0.000775 -0.000255 0.000022 0.000084 0.000046 0.000000 0.000000 0.000000 0.000000 0.000000 0.000000 0.000000 0.000000 0.000000 0.000000 0.000000 0.000000 
0.000000 0.000000 0.000000 0.000000 0.000000 0.000000 0.000000 0.000000 0.000000 0.000000 -0.001203 -0.002626 -0.004619 -0.016183 -0.042184 -0.054963 -0.049233 -0.031769 -0.009102 0.005957 0.008085 0.003199 0.000993 0.000515 0.000156 0.000000 0.000000 0.000000 0.000000 0.000000 0.000000 0.000000 0.000000 0.000000 0.000000 
0.000000 0.000000 0.000000 0.000000 0.000000 0.000000 0.000000 0.000000 -0.000575 -0.002284 -0.004627 -0.024477 -0.073042 -0.102456 -0.092972 -0.056136 -0.014808 0.015524 0.035861 0.053435 0.068564 0.060432 0.032579 0.008020 0.001505 0.000576 0.000081 0.000000 0.000000 0.000000 0.000000 0.000000 0.000000 0.000000 0.000000 
0.000000 0.000000 0.000000 0.000000 0.000000 0.000000 0.000000 -0.000761 -0.002613 -0.005866 -0.043968 -0.101704 -0.114477 -0.070971 0.002592 0.065586 0.107060 0.132876 0.146419 0.149125 0.146620 0.148517 0.124024 0.070112 0.019966 0.002451 0.000884 0.000153 0.000000 0.000000 0.000000 0.000000 0.000000 0.000000 0.000000 
0.000000 0.000000 0.000000 0.000000 0.000000 0.000000 -0.000594 -0.002178 -0.005003 -0.042304 -0.106979 -0.117145 -0.051181 0.030773 0.085854 0.123324 0.151792 0.174632 0.192490 0.204211 0.205831 0.198079 0.203387 0.170553 0.088826 0.022277 0.002614 0.000884 0.000122 0.000000 0.000000 0.000000 0.000000 0.000000 0.000000 
0.000000 0.000000 0.000000 0.000000 0.000000 -0.000297 -0.001325 -0.003229 -0.023767 -0.096198 -0.122190 -0.060684 0.018855 0.070263 0.106431 0.135565 0.160356 0.182814 0.202686 0.219854 0.231845 0.235319 0.228381 0.235324 0.183747 0.080890 0.013691 0.002295 0.000666 0.000021 0.000000 0.000000 0.000000 0.000000 0.000000 
0.000000 0.000000 0.000000 0.000000 -0.000028 -0.000442 -0.001528 -0.004103 -0.052676 -0.100343 -0.054829 0.026237 0.078169 0.101683 0.114139 0.135810 0.159836 0.182161 0.203278 0.222635 0.238404 0.246613 0.248505 0.252053 0.243160 0.156736 0.045690 0.004984 0.001879 0.000407 -0.000068 0.000000 0.000000 0.000000 0.000000 
0.000000 0.000000 0.000000 -0.000009 0.000076 0.000155 0.010888 0.026526 -0.018380 -0.018563 0.044931 0.108529 0.146702 0.175082 0.189631 0.182437 0.165898 0.180112 0.199518 0.212798 0.235123 0.261982 0.281904 0.286576 0.294830 0.230601 0.099129 0.012029 0.001571 0.001400 0.000216 -0.000064 0.000000 0.000000 0.000000 
0.000000 0.000000 0.000000 0.000179 0.001106 0.025086 0.075494 0.079777 -0.007253 -0.018397 0.028223 0.067841 0.106852 0.152127 0.201360 0.236984 0.238204 0.196858 0.188828 0.229708 0.285253 0.339042 0.377151 0.391593 0.399963 0.348762 0.204496 0.052052 0.007285 -0.000664 0.000955 0.000059 0.000000 0.000000 0.000000 
0.000000 0.000000 0.000059 0.000817 0.026729 0.091817 0.129246 0.051280 -0.079670 -0.112269 -0.085522 -0.059609 -0.021943 0.035863 0.114729 0.202561 0.261250 0.257174 0.247584 0.311955 0.401762 0.477092 0.526290 0.545220 0.551699 0.503851 0.350230 0.154651 0.052680 0.009780 -0.002206 0.000651 -0.000036 0.000000 0.000000 
0.000000 0.000000 0.000285 0.013109 0.087059 0.141288 0.097890 -0.038039 -0.174609 -0.175752 -0.127946 -0.095777 -0.062509 -0.024591 0.023723 0.096573 0.186621 0.313192 0.407252 0.459619 0.538236 0.597745 0.634229 0.650668 0.663040 0.631993 0.497206 0.291721 0.153743 0.058389 0.005320 -0.001384 0.000295 0.000000 0.000000 
0.000000 -0.000000 0.000939 0.054385 0.141945 0.126287 0.036763 -0.057483 -0.153657 -0.150690 -0.101538 -0.066680 -0.033490 0.002107 0.038738 0.064440 0.143214 0.360875 0.559654 0.599002 0.610530 0.652824 0.683752 0.698608 0.713872 0.683168 0.556700 0.384710 0.272698 0.149813 0.041410 -0.002924 0.000852 0.000000 0.000000 
0.000000 0.000083 0.007522 0.101711 0.166508 0.100426 0.052802 -0.006307 -0.114562 -0.123451 -0.072707 -0.031097 0.002839 0.038343 0.068794 0.091108 0.213377 0.432462 0.630043 0.681697 0.657574 0.683955 0.711506 0.724085 0.741512 0.700468 0.570068 0.412908 0.339630 0.245081 0.102998 0.011726 -0.000390 0.000162 0.000000 
0.000000 0.000204 0.028604 0.149919 0.178622 0.123910 0.091209 0.056737 -0.055296 -0.091159 -0.048936 0.002849 0.037126 0.050049 0.034737 0.051473 0.237860 0.465376 0.640546 0.739351 0.721926 0.711484 0.723488 0.734956 0.748712 0.681699 0.542284 0.415675 0.369345 0.299661 0.169318 0.039075 -0.003208 0.000427 0.000000 
0.000000 0.000315 0.046467 0.174274 0.202289 0.167318 0.133900 0.107657 0.024761 -0.052113 -0.038400 -0.006756 -0.039488 -0.095029 -0.118666 -0.033402 0.227011 0.464080 0.627298 0.751017 0.778658 0.799702 0.783571 0.758417 0.733031 0.633570 0.492430 0.412540 0.377377 0.320007 0.212786 0.074639 -0.000292 0.000723 0.000000 
0.000000 0.000390 0.057822 0.208711 0.243631 0.212684 0.179394 0.153595 0.120322 0.018443 -0.068139 -0.163285 -0.220391 -0.186836 -0.114669 0.033112 0.287396 0.470233 0.589894 0.657995 0.696118 0.788035 0.879019 0.851717 0.705618 0.550361 0.438282 0.401890 0.369529 0.318450 0.225799 0.094180 0.004693 0.000953 0.000000 
0.000000 0.000454 0.059572 0.235699 0.288830 0.258662 0.227541 0.201842 0.178138 0.087057 -0.159931 -0.316690 -0.270967 -0.126032 -0.048272 0.062917 0.295213 0.460671 0.563157 0.570603 0.527075 0.608781 0.794991 0.869464 0.713686 0.489853 0.408845 0.380350 0.348981 0.301718 0.214965 0.094718 0.007742 0.001022 0.000000 
0.000000 0.000373 0.046297 0.244637 0.333698 0.309417 0.277417 0.251904 0.213448 0.038019 -0.161073 -0.256938 -0.202814 -0.124545 -0.065655 0.045638 0.260555 0.425723 0.511872 0.464133 0.406974 0.460393 0.562137 0.671393 0.672624 0.538703 0.388082 0.348452 0.317023 0.267743 0.183076 0.078627 0.008197 0.000938 0.000000 
0.000000 0.000287 0.028026 0.218638 0.365610 0.358423 0.329532 0.303184 0.189739 -0.011304 -0.119571 -0.084462 -0.058163 -0.065882 -0.054111 0.006822 0.174330 0.347254 0.432969 0.351541 0.267135 0.285439 0.322249 0.436500 0.593076 0.572363 0.411932 0.306597 0.272915 0.221001 0.136449 0.054743 0.004694 0.000709 0.000000 
0.000000 0.000188 0.012099 0.160104 0.360051 0.402763 0.380651 0.348090 0.163911 -0.013068 -0.048097 0.027719 0.050497 0.053262 0.049636 0.057584 0.150649 0.281124 0.305414 0.171170 0.091740 0.122007 0.181653 0.286212 0.478724 0.549495 0.428906 0.260706 0.216816 0.159909 0.085288 0.033057 0.001253 0.000412 0.000000 
0.000000 0.000071 0.002853 0.089889 0.287010 0.421512 0.428319 0.372603 0.164579 0.018611 0.030638 0.096903 0.109183 0.120186 0.127729 0.127268 0.151630 0.196481 0.134917 0.005012 -0.012031 0.036120 0.098685 0.183870 0.358873 0.490369 0.411685 0.223678 0.145450 0.090268 0.046477 0.014212 0.000982 0.000149 0.000000 
0.000000 -0.000000 0.001086 0.035410 0.179707 0.352723 0.447037 0.396165 0.190964 0.067006 0.102290 0.153099 0.163283 0.172140 0.177778 0.171749 0.147105 0.072225 -0.056953 -0.122433 -0.094257 -0.045093 0.015383 0.094554 0.250281 0.411681 0.357896 0.168245 0.070178 0.042022 0.019828 0.001762 0.000929 0.000000 0.000000 
0.000000 0.000000 0.000473 0.007022 0.081723 0.227812 0.362384 0.381169 0.218282 0.110112 0.152680 0.198704 0.206981 0.211280 0.203215 0.165254 0.068798 -0.076020 -0.201415 -0.224699 -0.184237 -0.133393 -0.072252 0.006264 0.157886 0.325741 0.280322 0.103726 0.025362 0.012477 0.002813 0.000439 0.000366 0.000000 0.000000 
0.000000 0.000000 0.000111 0.001225 0.019641 0.102468 0.225208 0.275681 0.153442 0.080913 0.140104 0.195186 0.196999 0.179128 0.132164 0.051117 -0.064776 -0.193976 -0.263640 -0.261560 -0.239048 -0.203003 -0.146911 -0.067148 0.098846 0.266964 0.228958 0.063470 0.000798 -0.000815 -0.000517 0.000927 0.000037 0.000000 0.000000 
0.000000 0.000000 0.000000 0.000392 0.001884 0.022930 0.088869 0.146402 0.046602 -0.036009 0.004188 0.073518 0.071002 0.044078 -0.014718 -0.096915 -0.185845 -0.253478 -0.272243 -0.265320 -0.248718 -0.216965 -0.161818 -0.077726 0.116681 0.252938 0.188876 0.031182 -0.003730 -0.000541 0.001462 0.000298 0.000000 0.000000 0.000000 
0.000000 0.000000 0.000000 0.000063 0.000563 0.001550 0.011690 0.035336 -0.044918 -0.164839 -0.172137 -0.092247 -0.091193 -0.117138 -0.164924 -0.221924 -0.260218 -0.260819 -0.253445 -0.248474 -0.233189 -0.199782 -0.141367 -0.039661 0.178831 0.254040 0.144357 0.016417 0.003024 0.002283 0.000643 0.000021 0.000000 0.000000 0.000000 
0.000000 0.000000 0.000000 0.000000 0.000089 0.000367 0.000264 -0.001657 -0.062744 -0.226017 -0.318185 -0.274654 -0.239428 -0.251655 -0.267197 -0.267978 -0.264878 -0.258376 -0.246805 -0.227977 -0.197634 -0.155231 -0.083295 0.083885 0.257928 0.240420 0.089475 0.009301 0.003540 0.001133 0.000131 0.000000 0.000000 0.000000 0.000000 
0.000000 0.000000 0.000000 0.000000 0.000000 0.000038 -0.000116 -0.001288 -0.019897 -0.136840 -0.300043 -0.348281 -0.289740 -0.274614 -0.270805 -0.267122 -0.261352 -0.252029 -0.236460 -0.211234 -0.171803 -0.108582 0.014411 0.216490 0.273943 0.157125 0.031332 0.004935 0.001755 0.000327 0.000000 0.000000 0.000000 0.000000 0.000000 
0.000000 0.000000 0.000000 0.000000 0.000000 0.000000 -0.000065 -0.000674 -0.002814 -0.039711 -0.160422 -0.295971 -0.325041 -0.276696 -0.262359 -0.256803 -0.248359 -0.234536 -0.211972 -0.175692 -0.116219 -0.000910 0.185409 0.266677 0.182123 0.055690 0.006397 0.002351 0.000499 0.000000 0.000000 0.000000 0.000000 0.000000 0.000000 
0.000000 0.000000 0.000000 0.000000 0.000000 0.000000 0.000000 -0.000180 -0.000936 -0.003399 -0.039660 -0.137680 -0.235085 -0.271952 -0.247374 -0.224586 -0.206887 -0.183692 -0.144667 -0.073342 0.047900 0.189285 0.235399 0.165586 0.056599 0.006817 0.002541 0.000571 0.000000 0.000000 0.000000 0.000000 0.000000 0.000000 0.000000 
0.000000 0.000000 0.000000 0.000000 0.000000 0.000000 0.000000 0.000000 -0.000096 -0.000762 -0.002340 -0.017333 -0.072650 -0.133938 -0.155246 -0.128723 -0.087553 -0.039470 0.024987 0.107652 0.174758 0.172088 0.104160 0.029077 0.005020 0.002049 0.000381 0.000000 0.000000 0.000000 0.000000 0.000000 0.000000 0.000000 0.000000 
0.000000 0.000000 0.000000 0.000000 0.000000 0.000000 0.000000 0.000000 0.000000 0.000000 -0.000276 -0.000920 -0.002084 -0.009049 -0.025536 -0.028352 -0.006406 0.031962 0.065823 0.076094 0.054685 0.019362 0.005308 0.002670 0.001024 0.000000 0.000000 0.000000 0.000000 0.000000 0.000000 0.000000 0.000000 0.000000 0.000000 
0.000000 0.000000 0.000000 0.000000 0.000000 0.000000 0.000000 0.000000 0.000000 0.000000 0.000000 0.000000 -0.000079 -0.000186 -0.000176 0.000151 0.000855 0.001777 0.002480 0.002620 0.002216 0.001477 0.000650 0.000000 0.000000 0.000000 0.000000 0.000000 0.000000 0.000000 0.000000 0.000000 0.000000 0.000000 0.000000 
