0.000000 0.000000 0.000000 0.000000 0.000000 0.000000 0.000000 0.000000 0.000000 0.000000 0.000000 0.000000 0.000000 0.000000 0.000000 0.000000 0.000005 -0.000016 0.000008 0.000000 0.000000 0.000000 0.000000 0.000000 0.000000 0.000000 0.000000 0.000000 0.000000 0.000000 0.000000 0.000000 0.000000 0.000000 0.000000 
0.000000 0.000000 0.000000 0.000000 0.000000 0.000000 0.000000 0.000000 0.000000 0.000000 0.000000 0.000000 -0.000557 -0.000994 -0.001225 -0.001197 -0.000834 -0.000258 0.000207 0.000462 0.000517 0.000426 0.000199 0.000000 0.000000 0.000000 0.000000 0.000000 0.000000 0.000000 0.000000 0.000000 0.000000 0.000000 0.000000 
0.000000 0.000000 0.000000 0.000000 0.000000 0.000000 0.000000 0.000000 0.000000 -0.000048 -0.001000 -0.002003 -0.003019 -0.006084 -0.005611 0.010154 0.039606 0.067138 0.075738 0.063332 0.038248 0.013008 0.003103 0.001658 0.000764 0.000064 0.000000 0.000000 0.000000 0.000000 0.000000 0.000000 0.000000 0.000000 0.000000 
0.000000 0.000000 0.000000 0.000000 0.000000 0.000000 0.000000 0.000000 -0.000587 -0.001957 -0.003621 -0.012617 -0.018492 0.009744 0.082773 0.186830 0.281251 0.337063 0.352306 0.321801 0.251485 0.162924 0.080855 0.022813 0.004258 0.002135 0.000558 0.000000 0.000000 0.000000 0.000000 0.000000 0.000000 0.000000 0.000000 
0.000000 0.000000 0.000000 0.000000 0.000000 0.000000 0.000000 -0.001007 -0.003144 -0.006278 -0.024115 -0.030032 0.024946 0.156211 0.312861 0.414129 0.465457 0.496994 0.524653 0.541451 0.523127 0.429883 0.278246 0.141371 0.046544 0.007367 0.003343 0.001061 0.000000 0.000000 0.000000 0.000000 0.000000 0.000000 0.000000 
0.000000 0.000000 0.000000 0.000000 0.000000 0.000000 -0.001449 -0.004366 -0.008486 -0.031034 -0.046148 0.013827 0.157565 0.317093 0.388859 0.422434 0.452489 0.478886 0.507443 0.534009 0.559922 0.564399 0.486527 0.335794 0.164254 0.049827 0.008581 0.004181 0.001298 0.000000 0.000000 0.000000 0.000000 0.000000 0.000000 
0.000000 0.000000 0.000000 0.000000 0.000000 -0.001742 -0.005435 -0.010563 -0.028702 -0.062507 -0.026911 0.102504 0.272926 0.340821 0.373066 0.401068 0.427111 0.454109 0.482016 0.511191 0.540735 0.569176 0.576701 0.478653 0.321754 0.143817 0.034249 0.009121 0.004482 0.001245 0.000000 0.000000 0.000000 0.000000 0.000000 
0.000000 0.000000 0.000000 0.000000 -0.001650 -0.005729 -0.011964 -0.025760 -0.102196 -0.175554 -0.149877 -0.020781 0.093664 0.196414 0.319838 0.372879 0.400934 0.429084 0.458450 0.490421 0.527672 0.579400 0.620120 0.601727 0.462621 0.285771 0.103037 0.019193 0.009183 0.004170 0.000971 0.000000 0.000000 0.000000 0.000000 
0.000000 0.000000 0.000000 -0.000929 -0.005001 -0.012648 -0.071986 -0.234008 -0.475011 -0.602381 -0.557212 -0.425687 -0.378469 -0.300122 -0.161354 0.056821 0.316281 0.404987 0.449892 0.512206 0.551563 0.570987 0.587301 0.603660 0.515976 0.374330 0.208504 0.069430 0.027770 0.008558 0.003328 0.000521 0.000000 0.000000 0.000000 
0.000000 0.000000 -0.000146 -0.003315 -0.011634 -0.116554 -0.359192 -0.667753 -0.850290 -0.847234 -0.715868 -0.607146 -0.591373 -0.573359 -0.530196 -0.408862 -0.151720 0.245557 0.453452 0.451234 0.420440 0.397370 0.400643 0.421143 0.385217 0.266228 0.157348 0.057576 0.045681 0.030942 0.007166 0.002217 0.000069 0.000000 0.000000 
0.000000 0.000000 -0.001333 -0.006459 -0.107014 -0.394475 -0.734974 -0.892796 -0.912057 -0.793625 -0.595601 -0.503122 -0.496686 -0.525444 -0.579258 -0.620232 -0.529295 -0.232783 0.157142 0.277997 0.273923 0.298387 0.336951 0.371969 0.354106 0.207222 0.063346 -0.061249 -0.042615 0.020484 0.024872 0.004428 0.001045 0.000000 0.000000 
0.000000 0.000000 -0.002355 -0.046360 -0.321414 -0.714829 -0.859926 -0.858383 -0.819590 -0.694938 -0.502989 -0.422838 -0.398358 -0.393294 -0.421770 -0.506844 -0.641073 -0.705505 -0.390114 0.135223 0.315308 0.371820 0.415152 0.450069 0.443696 0.300058 0.134249 -0.065079 -0.144594 -0.072271 0.008267 0.014487 0.002294 0.000000 0.000000 
0.000000 -0.000250 -0.003562 -0.171457 -0.556244 -0.840811 -0.837760 -0.837829 -0.806512 -0.683310 -0.489978 -0.404298 -0.378566 -0.370666 -0.377709 -0.403449 -0.584575 -0.848460 -0.737350 -0.085421 0.349349 0.416163 0.461472 0.498003 0.488290 0.345796 0.185668 0.004919 -0.096436 -0.133123 -0.066638 0.010841 0.003868 0.000599 0.000000 
0.000000 -0.000105 -0.019441 -0.302977 -0.743118 -0.867659 -0.854498 -0.824210 -0.795913 -0.683944 -0.500151 -0.394070 -0.366501 -0.357560 -0.360109 -0.440319 -0.587078 -0.675377 -0.809435 -0.406567 0.287629 0.448759 0.498437 0.536621 0.510502 0.366754 0.208818 0.028568 -0.042529 -0.081371 -0.107923 -0.030743 0.007713 0.001196 0.000000 
0.000000 0.000776 -0.054582 -0.394039 -0.849177 -0.903418 -0.858212 -0.812939 -0.791193 -0.706245 -0.539338 -0.399224 -0.367231 -0.376684 -0.421385 -0.600293 -0.734438 -0.774577 -0.933208 -0.831795 0.019142 0.420308 0.516024 0.559218 0.501997 0.359857 0.203573 0.031921 -0.004779 -0.035325 -0.078096 -0.066464 0.003441 0.001756 0.000000 
0.000000 0.002420 -0.063459 -0.457895 -0.921351 -0.917057 -0.865445 -0.814622 -0.785977 -0.732462 -0.604556 -0.458842 -0.437659 -0.461365 -0.539640 -0.709479 -0.765503 -0.856762 -0.992410 -1.157611 -0.479960 0.132630 0.340778 0.498788 0.459286 0.321316 0.161224 0.046869 0.024199 -0.003400 -0.038303 -0.058680 -0.008964 0.002311 0.000000 
0.000434 0.004618 -0.030071 -0.510484 -0.954412 -0.929388 -0.875274 -0.824304 -0.781719 -0.756463 -0.712460 -0.593668 -0.464266 -0.426331 -0.499783 -0.680988 -0.732053 -0.825616 -0.945460 -1.142953 -0.650603 -0.070880 0.025368 0.177262 0.286977 0.245456 0.095575 0.062592 0.044806 0.020783 -0.008201 -0.037972 -0.007722 0.002988 -0.000189 
0.000449 0.006633 0.034193 -0.506493 -0.967018 -0.942833 -0.890429 -0.839449 -0.795346 -0.799272 -0.796704 -0.644030 -0.456599 -0.426041 -0.537278 -0.683012 -0.726675 -0.813878 -0.924251 -1.068485 -0.634866 -0.069756 -0.122632 -0.169499 -0.101256 0.038600 0.077602 0.072571 0.058742 0.038097 0.012364 -0.014148 0.012956 0.003779 0.000192 
0.000389 0.007442 0.092975 -0.416136 -0.966920 -0.955015 -0.906489 -0.859830 -0.830965 -0.846543 -0.757491 -0.630494 -0.583859 -0.572723 -0.603785 -0.696025 -0.737603 -0.810755 -0.914755 -0.978091 -0.544648 -0.118350 -0.244882 -0.410094 -0.455321 -0.260539 0.042365 0.077524 0.068311 0.050840 0.026355 0.013608 0.038763 0.004263 -0.000067 
0.000000 0.006770 0.115797 -0.235813 -0.916484 -0.962968 -0.925086 -0.882606 -0.885671 -0.828687 -0.682492 -0.656905 -0.747869 -0.783713 -0.767534 -0.808375 -0.831512 -0.875665 -0.969426 -0.936471 -0.497268 -0.306711 -0.459735 -0.589439 -0.615155 -0.454566 -0.120729 0.078090 0.074160 0.059043 0.035248 0.049664 0.059099 0.004218 0.000000 
0.000000 0.005150 0.088215 -0.021769 -0.725206 -0.958659 -0.938677 -0.908699 -0.909241 -0.780867 -0.641761 -0.711486 -0.841242 -0.944809 -0.998627 -1.032027 -1.076704 -1.122148 -1.156754 -1.010916 -0.585235 -0.525708 -0.595138 -0.636725 -0.653550 -0.564764 -0.282358 0.061323 0.076388 0.063078 0.051208 0.094633 0.056668 0.003607 0.000000 
0.000000 0.003199 0.033387 0.099688 -0.361876 -0.858079 -0.939994 -0.937253 -0.910191 -0.736031 -0.641132 -0.760293 -0.887508 -1.000603 -1.089005 -1.145862 -1.247108 -1.333508 -1.223183 -0.901914 -0.588427 -0.569010 -0.605539 -0.643587 -0.668819 -0.623089 -0.392508 -0.008129 0.076411 0.065927 0.099991 0.128976 0.025934 0.002493 0.000000 
0.000000 0.001340 0.008607 0.097679 -0.037589 -0.515178 -0.853832 -0.940904 -0.898893 -0.713112 -0.654226 -0.792400 -0.918816 -1.030885 -1.126769 -1.174015 -1.189670 -1.178777 -0.964027 -0.686860 -0.545578 -0.573292 -0.610660 -0.649693 -0.676544 -0.646950 -0.450905 -0.066265 0.075900 0.105146 0.161112 0.107050 0.007402 0.001172 0.000000 
0.000000 0.000000 0.003983 0.034638 0.078332 -0.153386 -0.496507 -0.775809 -0.861566 -0.694030 -0.658769 -0.806132 -0.933240 -1.043927 -1.129900 -1.154824 -1.016729 -0.807028 -0.677430 -0.559948 -0.542444 -0.577816 -0.615363 -0.654469 -0.678640 -0.651789 -0.468013 -0.075051 0.125891 0.188263 0.156946 0.037707 0.003675 0.000000 0.000000 
0.000000 0.000000 0.001448 0.005449 0.044110 0.036271 -0.165036 -0.406348 -0.553518 -0.509752 -0.542957 -0.726640 -0.852453 -0.927612 -0.937418 -0.890441 -0.766755 -0.568494 -0.439760 -0.433599 -0.503331 -0.566007 -0.614247 -0.653945 -0.666301 -0.621239 -0.397162 0.036141 0.210906 0.176927 0.067286 0.005555 0.001428 0.000000 0.000000 
0.000000 0.000000 0.000010 0.002035 0.005568 0.030259 0.013346 -0.125840 -0.249939 -0.206707 -0.206936 -0.391478 -0.524275 -0.602768 -0.630807 -0.620080 -0.588744 -0.514692 -0.401962 -0.386334 -0.417921 -0.470996 -0.521311 -0.560845 -0.551066 -0.485320 -0.234190 0.132361 0.159856 0.064295 0.007064 0.001924 -0.000058 0.000000 0.000000 
0.000000 0.000000 0.000000 0.000335 0.001708 0.003074 0.011691 0.002501 -0.053493 -0.021909 0.030218 -0.117406 -0.263425 -0.362825 -0.420733 -0.445042 -0.445525 -0.479150 -0.519234 -0.498512 -0.473272 -0.476352 -0.495699 -0.518113 -0.492118 -0.418008 -0.161942 0.059380 0.031224 0.004567 0.001820 0.000267 0.000000 0.000000 0.000000 
0.000000 0.000000 0.000000 0.000000 0.000221 0.000837 0.000714 -0.000490 -0.002001 0.045188 0.148897 0.101800 -0.069342 -0.181645 -0.264459 -0.340800 -0.412026 -0.474346 -0.530048 -0.579280 -0.621731 -0.634159 -0.643659 -0.629941 -0.595101 -0.449879 -0.150147 -0.005644 0.000217 0.000804 0.000147 0.000000 0.000000 0.000000 0.000000 
0.000000 0.000000 0.000000 0.000000 0.000000 0.000064 0.000006 -0.000660 -0.003835 0.016920 0.101791 0.161430 0.032778 -0.115056 -0.227047 -0.319596 -0.397859 -0.464888 -0.524560 -0.578373 -0.626392 -0.665310 -0.678641 -0.641033 -0.545184 -0.282655 -0.052969 -0.004387 -0.000871 -0.000111 0.000000 0.000000 0.000000 0.000000 0.000000 
0.000000 0.000000 0.000000 0.000000 0.000000 0.000000 -0.000080 -0.000434 -0.001076 0.000378 0.045291 0.120966 0.116612 -0.038078 -0.180486 -0.282928 -0.367983 -0.442805 -0.503829 -0.558351 -0.603935 -0.616900 -0.582523 -0.501777 -0.304335 -0.095559 -0.008381 -0.002428 -0.000374 0.000000 0.000000 0.000000 0.000000 0.000000 0.000000 
0.000000 0.000000 0.000000 0.000000 0.000000 0.000000 0.000000 -0.000131 -0.000520 -0.000719 0.005416 0.055906 0.122998 0.093338 -0.053341 -0.204920 -0.312711 -0.393948 -0.457338 -0.499015 -0.496314 -0.450903 -0.365895 -0.243798 -0.090652 -0.010082 -0.003214 -0.000554 0.000000 0.000000 0.000000 0.000000 0.000000 0.000000 0.000000 
0.000000 0.000000 0.000000 0.000000 0.000000 0.000000 0.000000 0.000000 -0.000133 -0.000340 -0.000251 0.003550 0.038066 0.097523 0.112229 0.040910 -0.056810 -0.143885 -0.194953 -0.215546 -0.213820 -0.196138 -0.134219 -0.044209 -0.007296 -0.002907 -0.000606 0.000000 0.000000 0.000000 0.000000 0.000000 0.000000 0.000000 0.000000 
0.000000 0.000000 0.000000 0.000000 0.000000 0.000000 0.000000 0.000000 0.000000 -0.000101 -0.000222 -0.000130 0.000621 0.006517 0.031144 0.059574 0.064081 0.035946 -0.008135 -0.042490 -0.048335 -0.023659 -0.007633 -0.004268 -0.001865 0.000072 0.000000 0.000000 0.000000 0.000000 0.000000 0.000000 0.000000 0.000000 0.000000 
0.000000 0.000000 0.000000 0.000000 0.000000 0.000000 0.000000 0.000000 0.000000 0.000000 0.000000 0.000000 -0.000028 0.000114 0.000360 0.000545 0.000359 -0.000520 -0.001731 -0.002666 -0.002853 -0.002287 -0.001199 0.000000 0.000000 0.000000 0.000000 0.000000 0.000000 0.000000 0.000000 0.000000 0.000000 0.000000 0.000000 
0.000000 0.000000 0.000000 0.000000 0.000000 0.000000 0.000000 0.000000 0.000000 0.000000 0.000000 0.000000 0.000000 0.000000 0.000000 0.000000 0.000305 0.000025 0.000085 0.000000 0.000000 0.000000 0.000000 0.000000 0.000000 0.000000 0.000000 0.000000 0.000000 0.000000 0.000000 0.000000 0.000000 0.000000 0.000000 
