-0.000000 -0.000000 -0.000000 -0.000000 -0.000000 -0.000000 -0.000000 -0.000000 -0.000000 -0.000000 -0.000000 -0.000000 -0.000000 -0.000000 -0.000000 -0.000000 0.000120 0.000187 0.000111 -0.000000 -0.000000 -0.000000 -0.000000 -0.000000 -0.000000 -0.000000 -0.000000 -0.000000 -0.000000 -0.000000 -0.000000 -0.000000 -0.000000 -0.000000 -0.000000 
-0.000000 -0.000000 -0.000000 -0.000000 -0.000000 -0.000000 -0.000000 -0.000000 -0.000000 -0.000000 -0.000000 -0.000000 0.000929 0.002080 0.003276 0.004422 0.005254 0.005379 0.004682 0.003512 0.002311 0.001298 0.000513 -0.000000 -0.000000 -0.000000 -0.000000 -0.000000 -0.000000 -0.000000 -0.000000 -0.000000 -0.000000 -0.000000 -0.000000 
-0.000000 -0.000000 -0.000000 -0.000000 -0.000000 -0.000000 -0.000000 -0.000000 -0.000000 0.000023 0.001461 0.003492 0.007153 0.030488 0.096691 0.173410 0.230161 0.246002 0.211829 0.146950 0.074868 0.021064 0.004163 0.001711 0.000606 -0.000016 -0.000000 -0.000000 -0.000000 -0.000000 -0.000000 -0.000000 -0.000000 -0.000000 -0.000000 
-0.000000 -0.000000 -0.000000 -0.000000 -0.000000 -0.000000 -0.000000 -0.000000 0.000655 0.002775 0.006356 0.041637 0.158474 0.320595 0.490725 0.634550 0.714837 0.729776 0.685083 0.578911 0.417151 0.249394 0.110836 0.025149 0.002827 0.000973 0.000163 -0.000000 -0.000000 -0.000000 -0.000000 -0.000000 -0.000000 -0.000000 -0.000000 
-0.000000 -0.000000 -0.000000 -0.000000 -0.000000 -0.000000 -0.000000 0.000897 0.003307 0.008771 0.078024 0.248932 0.476078 0.710553 0.872412 0.933976 0.943029 0.932174 0.911675 0.870764 0.776819 0.589909 0.361856 0.170268 0.046066 0.003586 0.000936 0.000173 -0.000000 -0.000000 -0.000000 -0.000000 -0.000000 -0.000000 -0.000000 
-0.000000 -0.000000 -0.000000 -0.000000 -0.000000 -0.000000 0.000785 0.003005 0.007688 0.075425 0.268059 0.531986 0.765988 0.912142 0.944180 0.939897 0.928562 0.914103 0.897335 0.876961 0.849413 0.786214 0.613135 0.385119 0.173134 0.041009 0.002335 0.000510 0.000034 -0.000000 -0.000000 -0.000000 -0.000000 -0.000000 -0.000000 
-0.000000 -0.000000 -0.000000 -0.000000 -0.000000 0.000502 0.002197 0.005652 0.041784 0.219189 0.491296 0.730879 0.899980 0.929936 0.923564 0.910264 0.894879 0.879468 0.864228 0.848258 0.829020 0.802231 0.740941 0.551267 0.331193 0.128988 0.018650 0.000610 -0.000125 -0.000111 -0.000000 -0.000000 -0.000000 -0.000000 -0.000000 
-0.000000 -0.000000 -0.000000 -0.000000 0.000208 0.001255 0.003634 0.010336 0.119901 0.371019 0.618036 0.819580 0.890809 0.895335 0.892331 0.877968 0.860780 0.844795 0.830432 0.816422 0.796801 0.759273 0.713866 0.610433 0.408438 0.211311 0.053891 0.000174 -0.000877 -0.000650 -0.000198 -0.000000 -0.000000 -0.000000 -0.000000 
-0.000000 -0.000000 -0.000000 0.000120 0.000570 0.001678 -0.002340 0.003801 0.172396 0.421298 0.641262 0.797918 0.808215 0.806836 0.809018 0.818554 0.828127 0.816830 0.795507 0.745451 0.692580 0.647971 0.608685 0.560716 0.389614 0.200260 0.039778 -0.032318 -0.013193 -0.002011 -0.000848 -0.000168 -0.000000 -0.000000 -0.000000 
-0.000000 -0.000000 0.000001 0.000222 0.000302 -0.013818 -0.051084 -0.036485 0.181529 0.423741 0.633920 0.732387 0.730113 0.721687 0.718731 0.728371 0.753661 0.767083 0.719030 0.663730 0.626397 0.599712 0.575942 0.542072 0.415513 0.216201 0.032839 -0.086056 -0.067360 -0.022669 -0.002352 -0.000684 0.000014 -0.000000 -0.000000 
-0.000000 -0.000000 0.000093 -0.000014 -0.016798 -0.073601 -0.137796 -0.085511 0.158957 0.402145 0.609514 0.672046 0.664621 0.649909 0.637714 0.639964 0.649723 0.650820 0.664689 0.665435 0.668632 0.672698 0.665615 0.639801 0.537809 0.322189 0.109128 -0.064034 -0.103618 -0.065063 -0.019279 -0.001473 -0.000313 -0.000000 -0.000000 
-0.000000 -0.000000 -0.000002 -0.008149 -0.073886 -0.169805 -0.228066 -0.145014 0.117658 0.376562 0.591507 0.643114 0.631733 0.608293 0.581895 0.558318 0.532257 0.560842 0.670516 0.769392 0.798930 0.797437 0.781767 0.753278 0.666261 0.460871 0.255176 0.057071 -0.043619 -0.068456 -0.043356 -0.007733 -0.000604 -0.000000 -0.000000 
-0.000000 0.000011 -0.000618 -0.046921 -0.168199 -0.273824 -0.305849 -0.192186 0.086657 0.350813 0.572041 0.631906 0.620849 0.596422 0.564805 0.515385 0.482130 0.557050 0.711488 0.850869 0.891914 0.882241 0.863164 0.832636 0.738346 0.533299 0.335206 0.169330 0.095098 0.019511 -0.027544 -0.017116 -0.000751 -0.000069 -0.000000 
-0.000000 -0.000126 -0.007001 -0.117017 -0.285116 -0.355112 -0.334009 -0.243781 0.032895 0.302788 0.536107 0.626489 0.618913 0.595521 0.561172 0.526347 0.553455 0.619996 0.708704 0.864081 0.960779 0.957411 0.935559 0.900883 0.780384 0.571356 0.379315 0.228701 0.190384 0.155655 0.059274 0.000649 -0.001077 0.000023 -0.000000 
-0.000000 -0.000442 -0.031516 -0.210404 -0.385266 -0.387547 -0.350723 -0.302841 -0.053132 0.221637 0.472423 0.616784 0.625863 0.621132 0.613940 0.651244 0.725814 0.730030 0.720540 0.853176 1.007442 1.025527 1.000945 0.952221 0.788322 0.576460 0.394647 0.272173 0.261003 0.247874 0.187086 0.064504 0.006082 0.000421 -0.000000 
-0.000000 -0.000966 -0.070367 -0.308625 -0.439331 -0.408077 -0.367417 -0.331342 -0.170187 0.103761 0.371212 0.597411 0.703218 0.737629 0.753065 0.829359 0.900777 0.838065 0.777381 0.867029 1.043314 1.081386 1.054686 0.966119 0.759265 0.550318 0.387153 0.322249 0.321356 0.316064 0.288986 0.164105 0.032831 0.001230 -0.000000 
-0.000054 -0.001656 -0.111575 -0.383228 -0.470279 -0.428700 -0.385464 -0.349498 -0.293355 -0.059562 0.246224 0.586016 0.788172 0.796320 0.802189 0.899808 0.948126 0.888448 0.832137 0.897679 1.092057 1.149926 1.068409 0.905682 0.689509 0.499788 0.380205 0.371976 0.375695 0.375486 0.363161 0.256469 0.076719 0.002414 -0.000040 
-0.000031 -0.002283 -0.140162 -0.424606 -0.494894 -0.449461 -0.406818 -0.370324 -0.337151 -0.213224 0.122834 0.445002 0.650636 0.710599 0.793743 0.961139 1.000309 0.940840 0.873315 0.916259 1.140637 1.202466 1.010111 0.761218 0.574308 0.449468 0.415294 0.419893 0.426515 0.430299 0.423813 0.328152 0.120932 0.003638 0.000162 
-0.000117 -0.002536 -0.140631 -0.435291 -0.520935 -0.476232 -0.431613 -0.395075 -0.349946 -0.216200 -0.055006 0.119615 0.293607 0.477654 0.712375 0.981107 1.040239 0.975687 0.907314 0.950233 1.111918 1.067492 0.828268 0.594840 0.465047 0.452581 0.462822 0.467333 0.476101 0.481690 0.477655 0.373783 0.141626 0.004333 0.000101 
-0.000000 -0.002352 -0.112848 -0.407625 -0.543789 -0.504728 -0.460759 -0.423733 -0.319382 -0.188800 -0.152263 -0.182985 -0.122861 0.029955 0.299483 0.667522 0.849740 0.810652 0.715070 0.726678 0.840267 0.759928 0.607517 0.504458 0.459522 0.481240 0.511154 0.515207 0.525491 0.532056 0.524873 0.386552 0.126803 0.004221 -0.000000 
-0.000000 -0.001872 -0.065914 -0.338270 -0.546752 -0.535995 -0.493583 -0.448529 -0.298439 -0.198132 -0.217446 -0.299369 -0.325520 -0.313210 -0.207103 0.106439 0.341451 0.339105 0.287901 0.396851 0.570266 0.576924 0.546146 0.530627 0.502511 0.514502 0.553761 0.566666 0.575163 0.580582 0.550241 0.350170 0.081058 0.003466 -0.000000 
-0.000000 -0.001244 -0.020945 -0.235323 -0.490025 -0.560226 -0.530210 -0.459700 -0.301556 -0.229450 -0.282838 -0.354139 -0.379619 -0.401336 -0.395997 -0.217887 0.015561 0.083906 0.151962 0.388305 0.577423 0.593983 0.585751 0.577647 0.554704 0.556445 0.598138 0.621918 0.623454 0.616345 0.518427 0.263144 0.028677 0.002374 -0.000000 
-0.000000 -0.000572 -0.004742 -0.120975 -0.360049 -0.530198 -0.560056 -0.478964 -0.327081 -0.274101 -0.343827 -0.402581 -0.427974 -0.451322 -0.469175 -0.382245 -0.139788 0.075095 0.293439 0.543818 0.644471 0.641989 0.634649 0.627890 0.610191 0.604856 0.644313 0.672869 0.659164 0.593628 0.399008 0.144511 0.007692 0.001126 -0.000000 
-0.000000 -0.000000 -0.002328 -0.031549 -0.199972 -0.412476 -0.524112 -0.494488 -0.364103 -0.320179 -0.394981 -0.448799 -0.474653 -0.498341 -0.518253 -0.497141 -0.289182 0.054885 0.409530 0.642015 0.690116 0.690627 0.685241 0.679411 0.662611 0.653573 0.687462 0.688799 0.612630 0.468186 0.232530 0.041397 0.003958 -0.000000 -0.000000 
-0.000000 -0.000000 -0.000969 -0.004439 -0.063035 -0.223273 -0.395835 -0.438040 -0.351472 -0.332938 -0.417533 -0.480290 -0.503154 -0.515185 -0.508216 -0.465752 -0.314543 0.032073 0.388735 0.571006 0.649699 0.688920 0.703146 0.702629 0.676117 0.646359 0.639100 0.589563 0.458776 0.258788 0.077896 0.006813 0.001675 -0.000000 -0.000000 
-0.000000 -0.000000 -0.000011 -0.001892 -0.006328 -0.062840 -0.187867 -0.292253 -0.254664 -0.248888 -0.332965 -0.416001 -0.432802 -0.426333 -0.386547 -0.306823 -0.180120 0.017088 0.224855 0.373289 0.480350 0.547901 0.581836 0.587937 0.550349 0.511863 0.478183 0.383276 0.220406 0.077699 0.009560 0.002940 -0.000016 -0.000000 -0.000000 
-0.000000 -0.000000 -0.000000 -0.000436 -0.002255 -0.005210 -0.033767 -0.094767 -0.084412 -0.072252 -0.139235 -0.242301 -0.256850 -0.237817 -0.183706 -0.095542 -0.004562 0.017165 0.041564 0.142904 0.246918 0.320648 0.362052 0.369109 0.321252 0.282341 0.229505 0.132525 0.044915 0.008892 0.003602 0.000690 -0.000000 -0.000000 -0.000000 
-0.000000 -0.000000 -0.000000 -0.000000 -0.000579 -0.001855 -0.002976 -0.004032 0.037472 0.115784 0.109918 0.021782 -0.019560 -0.005360 0.022888 0.025749 0.023610 0.023242 0.024538 0.026887 0.037460 0.077946 0.108554 0.095210 0.056841 0.045819 0.035667 0.013659 0.007108 0.003538 0.000907 -0.000000 -0.000000 -0.000000 -0.000000 
-0.000000 -0.000000 -0.000000 -0.000000 -0.000000 -0.000419 -0.000898 -0.000670 0.017180 0.103368 0.185685 0.168219 0.092844 0.064828 0.050161 0.040705 0.034591 0.031714 0.029774 0.028265 0.026083 0.022164 0.007986 -0.031101 -0.031808 -0.005361 0.007609 0.005056 0.002947 0.000939 -0.000000 -0.000000 -0.000000 -0.000000 -0.000000 
-0.000000 -0.000000 -0.000000 -0.000000 -0.000000 -0.000000 -0.000103 0.000142 0.001571 0.035666 0.118061 0.177403 0.151333 0.091655 0.068053 0.056324 0.047914 0.042146 0.037360 0.033082 0.027543 0.011431 -0.028793 -0.043571 -0.021504 0.000592 0.002974 0.002056 0.000802 -0.000000 -0.000000 -0.000000 -0.000000 -0.000000 -0.000000 
-0.000000 -0.000000 -0.000000 -0.000000 -0.000000 -0.000000 -0.000000 0.000154 0.000796 0.002906 0.036208 0.102236 0.146234 0.139209 0.099232 0.073465 0.060270 0.051531 0.043660 0.031260 0.005847 -0.032876 -0.046939 -0.028198 -0.004907 0.001273 0.001204 0.000555 -0.000000 -0.000000 -0.000000 -0.000000 -0.000000 -0.000000 -0.000000 
-0.000000 -0.000000 -0.000000 -0.000000 -0.000000 -0.000000 -0.000000 -0.000000 0.000188 0.000867 0.002149 0.017962 0.062083 0.096392 0.099145 0.078025 0.056573 0.036605 0.014394 -0.012256 -0.037282 -0.039947 -0.022339 -0.004326 0.000188 0.000524 0.000252 -0.000000 -0.000000 -0.000000 -0.000000 -0.000000 -0.000000 -0.000000 -0.000000 
-0.000000 -0.000000 -0.000000 -0.000000 -0.000000 -0.000000 -0.000000 -0.000000 -0.000000 0.000011 0.000454 0.001036 0.002062 0.010392 0.028784 0.036604 0.027313 0.006566 -0.013086 -0.021378 -0.015986 -0.005450 -0.001123 -0.000284 0.000046 0.000059 -0.000000 -0.000000 -0.000000 -0.000000 -0.000000 -0.000000 -0.000000 -0.000000 -0.000000 
-0.000000 -0.000000 -0.000000 -0.000000 -0.000000 -0.000000 -0.000000 -0.000000 -0.000000 -0.000000 -0.000000 -0.000000 0.000224 0.000419 0.000450 0.000254 -0.000180 -0.000742 -0.001125 -0.001145 -0.000885 -0.000512 -0.000182 -0.000000 -0.000000 -0.000000 -0.000000 -0.000000 -0.000000 -0.000000 -0.000000 -0.000000 -0.000000 -0.000000 -0.000000 
-0.000000 -0.000000 -0.000000 -0.000000 -0.000000 -0.000000 -0.000000 -0.000000 -0.000000 -0.000000 -0.000000 -0.000000 -0.000000 -0.000000 -0.000000 -0.000000 0.000047 -0.000085 -0.000003 -0.000000 -0.000000 -0.000000 -0.000000 -0.000000 -0.000000 -0.000000 -0.000000 -0.000000 -0.000000 -0.000000 -0.000000 -0.000000 -0.000000 -0.000000 -0.000000 
