0.000000 0.000000 0.000000 0.000000 0.000000 0.000000 0.000000 0.000000 0.000000 0.000000 0.000000 0.000000 0.000000 0.000000 0.000000 0.000000 0.000000 0.000000 0.000000 0.000000 0.000000 0.000000 0.000000 0.000000 0.000000 0.000000 0.000000 0.000000 0.000000 0.000000 0.000000 0.000000 0.000000 0.000000 0.000000 
0.000000 0.000000 0.000000 0.000000 0.000000 0.000000 0.000000 0.000000 0.000000 0.000000 0.000000 0.000000 0.000000 0.000000 0.000000 0.000000 0.000000 0.000000 0.000000 0.000000 0.000000 0.000000 0.000000 0.000000 0.000000 0.000000 0.000000 0.000000 0.000000 0.000000 0.000000 0.000000 0.000000 0.000000 0.000000 
0.000000 0.000000 0.000000 0.000000 0.000000 0.000000 0.000000 0.000000 0.000000 0.000000 0.000000 0.000000 -0.001020 -0.002158 -0.003102 -0.003734 -0.003908 -0.003532 -0.002815 -0.002029 -0.001344 -0.000809 -0.000345 0.000000 0.000000 0.000000 0.000000 0.000000 0.000000 0.000000 0.000000 0.000000 0.000000 0.000000 0.000000 
0.000000 0.000000 0.000000 0.000000 0.000000 0.000000 0.000000 0.000000 0.000000 0.000000 -0.001796 -0.004064 -0.007191 -0.021760 -0.053507 -0.072290 -0.072159 -0.058714 -0.036589 -0.019116 -0.010017 -0.004651 -0.001994 -0.001173 -0.000576 0.000000 0.000000 0.000000 0.000000 0.000000 0.000000 0.000000 0.000000 0.000000 0.000000 
0.000000 0.000000 0.000000 0.000000 0.000000 0.000000 0.000000 0.000000 -0.000851 -0.003457 -0.007139 -0.032408 -0.091037 -0.124585 -0.112572 -0.070162 -0.022731 0.010904 0.029151 0.037147 0.039545 0.024672 0.003464 -0.003799 -0.001555 -0.000902 -0.000282 0.000000 0.000000 0.000000 0.000000 0.000000 0.000000 0.000000 0.000000 
0.000000 0.000000 0.000000 0.000000 0.000000 0.000000 0.000000 -0.001129 -0.004065 -0.009027 -0.056856 -0.125004 -0.134407 -0.071469 0.024863 0.103944 0.153447 0.184056 0.200860 0.201829 0.182604 0.149616 0.092226 0.031967 -0.000201 -0.001702 -0.001050 -0.000367 0.000000 0.000000 0.000000 0.000000 0.000000 0.000000 0.000000 
0.000000 0.000000 0.000000 0.000000 0.000000 0.000000 -0.000979 -0.003588 -0.008158 -0.055884 -0.133286 -0.133325 -0.039596 0.063843 0.128383 0.168915 0.199643 0.225692 0.247667 0.264872 0.271735 0.258778 0.227033 0.144859 0.046837 0.001384 -0.001748 -0.001142 -0.000472 0.000000 0.000000 0.000000 0.000000 0.000000 0.000000 
0.000000 0.000000 0.000000 0.000000 0.000000 -0.000614 -0.002536 -0.005966 -0.033374 -0.121746 -0.140737 -0.051660 0.050736 0.109047 0.144485 0.173592 0.198946 0.224014 0.247383 0.270722 0.290372 0.303108 0.294409 0.257932 0.154266 0.039839 -0.001131 -0.001755 -0.001223 -0.000498 0.000000 0.000000 0.000000 0.000000 0.000000 
0.000000 0.000000 0.000000 0.000000 -0.000243 -0.001376 -0.003740 -0.008566 -0.072102 -0.124918 -0.055796 0.052349 0.112949 0.133558 0.144755 0.165414 0.189356 0.213167 0.237814 0.262549 0.283730 0.292027 0.300307 0.293023 0.231837 0.106377 0.010330 -0.002320 -0.001573 -0.001109 -0.000466 0.000000 0.000000 0.000000 0.000000 
0.000000 0.000000 0.000000 -0.000137 -0.000585 -0.001420 0.009715 0.023911 -0.034573 -0.025175 0.069368 0.153473 0.189471 0.211482 0.218787 0.202922 0.183350 0.199045 0.216279 0.213728 0.230207 0.262564 0.297699 0.317153 0.289149 0.172848 0.035980 -0.011249 -0.006011 -0.001125 -0.000814 -0.000289 0.000000 0.000000 0.000000 
0.000000 0.000000 0.000000 -0.000215 0.000153 0.028798 0.088797 0.088256 -0.010063 -0.005298 0.070026 0.117922 0.154746 0.197169 0.245367 0.273433 0.259055 0.189896 0.162791 0.202820 0.269174 0.338293 0.397787 0.432566 0.429719 0.321264 0.145419 0.019867 -0.000374 -0.004992 -0.000464 -0.000516 0.000000 0.000000 0.000000 
0.000000 0.000000 -0.000070 0.000230 0.033135 0.116369 0.159920 0.063610 -0.089502 -0.115691 -0.069761 -0.044777 -0.008434 0.056142 0.148620 0.250075 0.292777 0.241418 0.212168 0.288736 0.387606 0.472945 0.536601 0.574785 0.586972 0.490668 0.306490 0.136634 0.062785 0.022315 -0.001241 0.000127 -0.000251 0.000000 0.000000 
0.000000 0.000000 0.000053 0.017069 0.116656 0.180472 0.122212 -0.057568 -0.224981 -0.209752 -0.135620 -0.106154 -0.077076 -0.039388 0.017633 0.104428 0.196524 0.324949 0.390695 0.425582 0.511325 0.580148 0.630505 0.664556 0.683135 0.595232 0.424034 0.259600 0.176794 0.099531 0.032359 0.001206 0.000196 0.000000 0.000000 
0.000000 -0.000000 0.000863 0.077283 0.190486 0.153970 0.022199 -0.102144 -0.206699 -0.183497 -0.108046 -0.078440 -0.052589 -0.021481 0.014186 0.025892 0.115763 0.379709 0.573905 0.569041 0.578874 0.631228 0.677272 0.711087 0.732619 0.641388 0.470950 0.319322 0.263067 0.197464 0.110538 0.021305 0.001496 0.000000 0.000000 
0.000000 0.000135 0.011314 0.146217 0.207289 0.095734 0.027718 -0.044745 -0.163230 -0.152147 -0.072129 -0.036690 -0.013238 0.013755 0.032564 0.022547 0.160590 0.435641 0.666873 0.670874 0.624127 0.663769 0.708341 0.742063 0.759214 0.653113 0.483437 0.347930 0.303605 0.257106 0.187853 0.077071 0.004677 0.000421 0.000000 
0.000000 0.000355 0.046081 0.207399 0.194398 0.109927 0.070084 0.027940 -0.092668 -0.111666 -0.041237 0.010583 0.026829 0.010398 -0.062174 -0.133686 0.059037 0.315553 0.555589 0.654587 0.637202 0.674465 0.726547 0.764652 0.758907 0.629000 0.462010 0.359562 0.328428 0.285734 0.231467 0.145264 0.019681 0.001174 0.000000 
0.000000 0.000587 0.076525 0.220261 0.201439 0.160372 0.120823 0.089289 -0.003202 -0.071210 -0.027709 -0.000806 -0.098077 -0.221067 -0.329608 -0.280991 0.046398 0.325548 0.530772 0.640058 0.598211 0.666823 0.729712 0.774592 0.725298 0.571720 0.424392 0.364437 0.339711 0.302148 0.245045 0.193863 0.048305 0.002081 0.000000 
0.000000 0.000725 0.092035 0.241134 0.243646 0.215056 0.177067 0.145613 0.104861 0.004726 -0.086102 -0.203458 -0.303584 -0.286997 -0.234965 -0.064262 0.276985 0.498947 0.663626 0.734760 0.653950 0.703301 0.794377 0.784567 0.640911 0.490542 0.390434 0.362633 0.339881 0.304690 0.247667 0.209826 0.069947 0.002797 0.000000 
0.000000 0.000743 0.089820 0.259269 0.296006 0.271824 0.237347 0.205719 0.174240 0.053612 -0.229626 -0.374067 -0.285675 -0.103136 -0.084305 0.024168 0.342768 0.545424 0.692364 0.712193 0.591738 0.673946 0.786519 0.761989 0.577123 0.414936 0.374634 0.352725 0.330543 0.297781 0.240120 0.204493 0.073702 0.002970 0.000000 
0.000000 0.000513 0.065575 0.263987 0.347617 0.335018 0.300242 0.269187 0.213734 -0.022236 -0.243180 -0.305633 -0.163795 -0.030447 -0.029180 0.058642 0.368908 0.575400 0.704368 0.651275 0.521578 0.569919 0.599707 0.595722 0.543773 0.432346 0.355981 0.334461 0.312528 0.277212 0.218849 0.181199 0.058515 0.002586 0.000000 
0.000000 0.000287 0.036397 0.230700 0.381951 0.394510 0.366184 0.334947 0.176815 -0.067585 -0.176863 -0.111076 -0.036182 0.002719 0.008264 0.064824 0.361133 0.589989 0.703859 0.546172 0.360006 0.347200 0.348961 0.420111 0.517360 0.473329 0.358933 0.308625 0.284977 0.246175 0.185898 0.140043 0.031604 0.001796 0.000000 
0.000000 0.000130 0.013626 0.160163 0.370815 0.446035 0.430750 0.392037 0.150576 -0.048718 -0.069879 0.034796 0.068168 0.078614 0.054626 0.023772 0.230642 0.459760 0.479273 0.237753 0.108916 0.149991 0.212680 0.315252 0.459437 0.481653 0.372669 0.277337 0.247123 0.203237 0.142425 0.081825 0.008190 0.000951 0.000000 
0.000000 0.000022 0.002072 0.082254 0.277707 0.460554 0.488300 0.422445 0.164397 0.013613 0.041086 0.129129 0.144042 0.155612 0.148353 0.072567 0.123556 0.280125 0.196459 0.008048 0.011376 0.075948 0.146457 0.239666 0.386445 0.466712 0.373540 0.246980 0.194490 0.146027 0.081249 0.027416 0.001476 0.000308 0.000000 
0.000000 -0.000000 0.000327 0.027178 0.157684 0.354506 0.502543 0.453509 0.210285 0.090385 0.141787 0.205020 0.216070 0.224830 0.228586 0.169157 0.085488 0.030278 -0.076868 -0.116438 -0.050553 0.009590 0.080788 0.170713 0.315033 0.426088 0.344509 0.204862 0.130616 0.063774 0.018392 -0.005137 0.000890 0.000000 0.000000 
0.000000 0.000000 0.000024 0.003259 0.062278 0.195882 0.365740 0.418966 0.248612 0.155085 0.213277 0.266562 0.275194 0.278494 0.265055 0.188092 -0.031628 -0.254733 -0.328301 -0.243753 -0.143218 -0.068979 0.006804 0.098387 0.246253 0.367954 0.287852 0.128930 0.027448 -0.017495 -0.019190 -0.004695 0.000049 0.000000 0.000000 
0.000000 0.000000 -0.000050 -0.000023 0.011234 0.075474 0.187892 0.252798 0.129880 0.093104 0.183684 0.246118 0.244429 0.210781 0.133040 0.008230 -0.177261 -0.386213 -0.443068 -0.375180 -0.286220 -0.195775 -0.102681 -0.001482 0.161939 0.269394 0.171488 0.010240 -0.057086 -0.039825 -0.014364 -0.000259 -0.000210 0.000000 0.000000 
0.000000 0.000000 0.000000 -0.000146 -0.000157 0.013149 0.061191 0.101572 -0.021762 -0.089789 -0.027187 0.039887 0.031024 -0.008815 -0.089823 -0.189062 -0.280180 -0.355510 -0.413467 -0.420803 -0.383909 -0.315649 -0.229054 -0.120466 0.073260 0.158560 0.064245 -0.054312 -0.052369 -0.018362 -0.001043 -0.000421 0.000000 0.000000 0.000000 
0.000000 0.000000 0.000000 -0.000044 -0.000328 -0.000829 0.004104 0.015843 -0.092964 -0.234284 -0.233334 -0.166202 -0.174305 -0.205040 -0.254178 -0.303051 -0.324146 -0.317800 -0.318064 -0.349155 -0.356515 -0.323501 -0.251450 -0.127984 0.087516 0.133454 0.049355 -0.023738 -0.010972 -0.001047 -0.000618 -0.000184 0.000000 0.000000 0.000000 
0.000000 0.000000 0.000000 0.000000 -0.000120 -0.000653 -0.001974 -0.005586 -0.069771 -0.251945 -0.346949 -0.310115 -0.298673 -0.312613 -0.324630 -0.324649 -0.321297 -0.313009 -0.298208 -0.274338 -0.240357 -0.202650 -0.125518 0.063282 0.218808 0.188708 0.066514 0.002532 0.000063 -0.000469 -0.000262 0.000000 0.000000 0.000000 0.000000 
0.000000 0.000000 0.000000 0.000000 0.000000 -0.000225 -0.001011 -0.002930 -0.020325 -0.130481 -0.296383 -0.343704 -0.309571 -0.318385 -0.320071 -0.318748 -0.312708 -0.301554 -0.281709 -0.250020 -0.200596 -0.123348 0.028727 0.234651 0.266669 0.147981 0.025690 0.001980 0.000181 -0.000137 0.000000 0.000000 0.000000 0.000000 0.000000 
0.000000 0.000000 0.000000 0.000000 0.000000 0.000000 -0.000251 -0.001184 -0.003357 -0.032824 -0.132432 -0.260103 -0.297664 -0.285548 -0.298154 -0.298845 -0.291712 -0.275885 -0.247999 -0.202663 -0.128640 0.017867 0.224846 0.293031 0.194431 0.055263 0.004646 0.001225 0.000103 0.000000 0.000000 0.000000 0.000000 0.000000 0.000000 
0.000000 0.000000 0.000000 0.000000 0.000000 0.000000 0.000000 -0.000269 -0.000924 -0.002697 -0.026823 -0.091447 -0.156228 -0.196572 -0.210939 -0.227389 -0.224818 -0.201773 -0.154544 -0.061800 0.098048 0.266262 0.302388 0.196976 0.062158 0.006526 0.002071 0.000331 0.000000 0.000000 0.000000 0.000000 0.000000 0.000000 0.000000 
0.000000 0.000000 0.000000 0.000000 0.000000 0.000000 0.000000 0.000000 -0.000066 -0.000399 -0.001055 -0.006732 -0.027516 -0.039722 -0.020567 0.019552 0.054610 0.099101 0.168362 0.253666 0.300018 0.252673 0.138173 0.035790 0.005756 0.002107 0.000324 0.000000 0.000000 0.000000 0.000000 0.000000 0.000000 0.000000 0.000000 
0.000000 0.000000 0.000000 0.000000 0.000000 0.000000 0.000000 0.000000 0.000000 0.000000 0.000076 0.000214 0.000769 0.003028 0.016978 0.053403 0.105286 0.154245 0.172954 0.150103 0.090420 0.029165 0.007745 0.003553 0.001236 0.000000 0.000000 0.000000 0.000000 0.000000 0.000000 0.000000 0.000000 0.000000 0.000000 
0.000000 0.000000 0.000000 0.000000 0.000000 0.000000 0.000000 0.000000 0.000000 0.000000 0.000000 0.000000 0.000309 0.000908 0.001867 0.003262 0.004851 0.006104 0.006398 0.005605 0.004126 0.002466 0.000986 0.000000 0.000000 0.000000 0.000000 0.000000 0.000000 0.000000 0.000000 0.000000 0.000000 0.000000 0.000000 
