-0.000000 -0.000000 -0.000000 -0.000000 -0.000000 -0.000000 -0.000000 -0.000000 -0.000000 -0.000000 -0.000000 -0.000000 -0.000000 -0.000000 -0.000000 -0.000000 -0.000000 -0.000000 -0.000000 -0.000000 -0.000000 -0.000000 -0.000000 -0.000000 -0.000000 -0.000000 -0.000000 -0.000000 -0.000000 -0.000000 -0.000000 -0.000000 -0.000000 -0.000000 -0.000000 
-0.000000 -0.000000 -0.000000 -0.000000 -0.000000 -0.000000 -0.000000 -0.000000 -0.000000 -0.000000 -0.000000 -0.000000 0.000128 0.000135 -0.000048 -0.000451 -0.001055 -0.001698 -0.002133 -0.002194 -0.001896 -0.001357 -0.000666 -0.000000 -0.000000 -0.000000 -0.000000 -0.000000 -0.000000 -0.000000 -0.000000 -0.000000 -0.000000 -0.000000 -0.000000 
-0.000000 -0.000000 -0.000000 -0.000000 -0.000000 -0.000000 -0.000000 -0.000000 -0.000000 -0.000000 0.000327 0.000548 0.000617 0.001054 -0.002591 -0.017690 -0.041120 -0.063809 -0.073496 -0.066403 -0.043794 -0.016012 -0.004914 -0.002783 -0.001266 -0.000000 -0.000000 -0.000000 -0.000000 -0.000000 -0.000000 -0.000000 -0.000000 -0.000000 -0.000000 
-0.000000 -0.000000 -0.000000 -0.000000 -0.000000 -0.000000 -0.000000 -0.000000 0.000205 0.000678 0.001109 0.004393 0.005592 -0.013915 -0.060590 -0.125420 -0.179700 -0.214062 -0.229204 -0.226449 -0.200323 -0.149812 -0.083917 -0.025327 -0.005308 -0.002624 -0.000667 -0.000000 -0.000000 -0.000000 -0.000000 -0.000000 -0.000000 -0.000000 -0.000000 
-0.000000 -0.000000 -0.000000 -0.000000 -0.000000 -0.000000 -0.000000 0.000311 0.000919 0.001710 0.009573 0.010977 -0.019601 -0.091406 -0.180212 -0.241454 -0.275401 -0.296198 -0.312529 -0.325167 -0.326481 -0.298522 -0.227646 -0.136187 -0.049230 -0.007682 -0.003574 -0.001013 -0.000000 -0.000000 -0.000000 -0.000000 -0.000000 -0.000000 -0.000000 
-0.000000 -0.000000 -0.000000 -0.000000 -0.000000 -0.000000 0.000314 0.000977 0.001880 0.011503 0.018959 -0.009991 -0.089573 -0.185379 -0.235981 -0.260779 -0.277728 -0.291171 -0.304363 -0.318975 -0.335873 -0.348551 -0.332594 -0.268495 -0.154631 -0.051480 -0.008561 -0.004072 -0.001233 -0.000000 -0.000000 -0.000000 -0.000000 -0.000000 -0.000000 
-0.000000 -0.000000 -0.000000 -0.000000 -0.000000 0.000246 0.000858 0.001687 0.008151 0.024997 0.010346 -0.059955 -0.161458 -0.216102 -0.242804 -0.259262 -0.270823 -0.280656 -0.291663 -0.304696 -0.321514 -0.342101 -0.359917 -0.339509 -0.267122 -0.139179 -0.034437 -0.008846 -0.004298 -0.001223 -0.000000 -0.000000 -0.000000 -0.000000 -0.000000 
-0.000000 -0.000000 -0.000000 -0.000000 0.000126 0.000601 0.001339 0.002778 0.020343 0.028729 -0.018650 -0.114466 -0.191887 -0.225021 -0.243581 -0.255365 -0.263788 -0.271645 -0.281055 -0.294091 -0.317928 -0.371388 -0.422436 -0.440407 -0.392637 -0.275268 -0.108579 -0.019138 -0.009132 -0.004200 -0.000997 -0.000000 -0.000000 -0.000000 -0.000000 
-0.000000 -0.000000 -0.000000 0.000075 0.000350 0.000839 0.000842 0.003577 0.023439 0.008238 -0.062935 -0.166479 -0.216668 -0.242274 -0.254351 -0.258663 -0.261159 -0.268134 -0.293021 -0.385417 -0.485289 -0.567189 -0.625499 -0.664658 -0.637514 -0.533363 -0.330104 -0.126534 -0.039219 -0.009413 -0.003800 -0.000672 -0.000000 -0.000000 -0.000000 
-0.000000 -0.000000 -0.000000 0.000166 0.000369 -0.001919 -0.009347 -0.008175 0.008729 -0.023434 -0.108520 -0.201330 -0.243210 -0.265705 -0.275473 -0.277225 -0.276074 -0.320603 -0.457991 -0.592519 -0.701079 -0.783639 -0.838546 -0.878391 -0.875250 -0.791845 -0.617650 -0.367975 -0.186568 -0.063976 -0.008889 -0.002874 -0.000000 -0.000000 -0.000000 
-0.000000 -0.000000 0.000058 0.000103 -0.003632 -0.016947 -0.033965 -0.027834 -0.013480 -0.052739 -0.144357 -0.227174 -0.266361 -0.289227 -0.300980 -0.305336 -0.354280 -0.513498 -0.678380 -0.813356 -0.914744 -0.984977 -1.032136 -1.067146 -1.076970 -1.003447 -0.850257 -0.613335 -0.417497 -0.221613 -0.063532 -0.006341 -0.001437 -0.000000 -0.000000 
-0.000000 -0.000000 0.000019 -0.002282 -0.019636 -0.044872 -0.060956 -0.048395 -0.029937 -0.063979 -0.153791 -0.231813 -0.271374 -0.298128 -0.317553 -0.359117 -0.532216 -0.759425 -0.918966 -1.002689 -1.043349 -1.059507 -1.076214 -1.104334 -1.130039 -1.094459 -1.002938 -0.805661 -0.630379 -0.446265 -0.202739 -0.032110 -0.003462 -0.000000 -0.000000 
-0.000000 -0.000014 -0.000232 -0.014117 -0.047176 -0.075035 -0.081084 -0.054378 -0.026465 -0.057050 -0.145429 -0.225965 -0.267204 -0.295640 -0.321420 -0.452133 -0.751308 -0.992661 -1.078635 -1.058406 -1.034715 -1.033840 -1.046945 -1.074546 -1.099707 -1.064453 -0.983585 -0.854377 -0.777843 -0.648612 -0.387902 -0.123273 -0.006676 -0.000852 -0.000000 
-0.000000 -0.000101 -0.002492 -0.035859 -0.081350 -0.095393 -0.081584 -0.056964 -0.023212 -0.045483 -0.126982 -0.216058 -0.261500 -0.292650 -0.344887 -0.588575 -0.938521 -1.120431 -1.121939 -1.056944 -1.008964 -1.003198 -1.016398 -1.044585 -1.060474 -1.019011 -0.931764 -0.805061 -0.788151 -0.769843 -0.582564 -0.254545 -0.023187 -0.001903 -0.000000 
-0.000000 -0.000270 -0.011409 -0.064868 -0.109000 -0.097949 -0.079109 -0.063227 -0.025145 -0.031942 -0.099613 -0.197867 -0.252955 -0.281976 -0.367467 -0.694295 -1.001715 -1.077368 -1.069495 -1.024051 -0.974629 -0.972458 -0.991342 -1.018745 -1.015221 -0.955316 -0.855704 -0.743934 -0.761674 -0.783322 -0.711816 -0.381942 -0.069801 -0.002940 -0.000000 
-0.000000 -0.000513 -0.024608 -0.092566 -0.121122 -0.097934 -0.078753 -0.064956 -0.035324 -0.022656 -0.066682 -0.156799 -0.212187 -0.216549 -0.330488 -0.675345 -0.916264 -0.915055 -0.911929 -0.882970 -0.850522 -0.886774 -0.950697 -0.988982 -0.960328 -0.879291 -0.762957 -0.703501 -0.731800 -0.761225 -0.756011 -0.491535 -0.123305 -0.003851 -0.000000 
-0.000000 -0.000791 -0.037611 -0.113062 -0.127306 -0.100584 -0.080941 -0.066783 -0.052450 -0.024943 -0.028243 -0.066810 -0.115845 -0.126201 -0.286329 -0.646025 -0.842908 -0.829226 -0.808167 -0.760681 -0.701950 -0.729257 -0.833626 -0.898075 -0.871825 -0.775581 -0.666546 -0.673218 -0.703380 -0.734991 -0.749952 -0.539502 -0.157726 -0.004366 -0.000000 
-0.000000 -0.001001 -0.046086 -0.125443 -0.134366 -0.106183 -0.086166 -0.071383 -0.059901 -0.035318 0.014881 0.029496 -0.008611 -0.065832 -0.279533 -0.653081 -0.842906 -0.837638 -0.819663 -0.771825 -0.667344 -0.624548 -0.671543 -0.714325 -0.702274 -0.643266 -0.626288 -0.647773 -0.677541 -0.709359 -0.725738 -0.537142 -0.161391 -0.004215 -0.000000 
-0.000000 -0.001066 -0.045165 -0.129949 -0.145302 -0.115983 -0.094773 -0.079327 -0.064671 -0.024461 0.026101 0.072109 0.072564 0.008856 -0.217188 -0.611567 -0.837707 -0.846667 -0.839925 -0.786009 -0.661439 -0.560889 -0.494504 -0.468748 -0.486651 -0.542798 -0.601620 -0.626062 -0.654342 -0.682428 -0.690922 -0.485333 -0.133624 -0.003544 -0.000000 
-0.000000 -0.000954 -0.035756 -0.124253 -0.157931 -0.129956 -0.107239 -0.090979 -0.061840 -0.017349 0.025962 0.067276 0.086419 0.068303 -0.078405 -0.435517 -0.727873 -0.778836 -0.783287 -0.697973 -0.538720 -0.406855 -0.305901 -0.271159 -0.354634 -0.470483 -0.562589 -0.606212 -0.631325 -0.652975 -0.634851 -0.389302 -0.087580 -0.002525 -0.000000 
-0.000000 -0.000731 -0.020370 -0.103017 -0.163623 -0.148888 -0.124310 -0.105379 -0.064891 -0.021999 0.019129 0.052162 0.064532 0.068588 0.019719 -0.233446 -0.519691 -0.627587 -0.616698 -0.503127 -0.350988 -0.264286 -0.214790 -0.202927 -0.280992 -0.405526 -0.515056 -0.583918 -0.604443 -0.613784 -0.530438 -0.257316 -0.040543 -0.001545 -0.000000 
-0.000000 -0.000468 -0.006308 -0.071388 -0.146871 -0.166673 -0.146707 -0.120993 -0.077079 -0.035607 0.004139 0.030767 0.040876 0.045690 0.031856 -0.099080 -0.335379 -0.492419 -0.484645 -0.372345 -0.274493 -0.229440 -0.197079 -0.177899 -0.227286 -0.349201 -0.466396 -0.548459 -0.566190 -0.533937 -0.365033 -0.139642 -0.010700 -0.000787 -0.000000 
-0.000000 -0.000205 -0.001576 -0.035371 -0.105729 -0.158999 -0.168307 -0.143431 -0.098485 -0.057405 -0.018307 0.004595 0.014620 0.019867 0.018843 -0.034010 -0.185173 -0.330588 -0.362675 -0.293015 -0.235109 -0.201290 -0.171405 -0.150734 -0.182281 -0.299336 -0.415595 -0.496599 -0.485357 -0.368335 -0.194861 -0.053337 -0.002258 -0.000266 -0.000000 
-0.000000 -0.000000 -0.000769 -0.008708 -0.057689 -0.119978 -0.156385 -0.158024 -0.126135 -0.085757 -0.046671 -0.024597 -0.014344 -0.008675 -0.005437 -0.006873 -0.047417 -0.107869 -0.143174 -0.156611 -0.165419 -0.150265 -0.126015 -0.106664 -0.132256 -0.242605 -0.346262 -0.376414 -0.307504 -0.193899 -0.077050 -0.009927 -0.000818 -0.000000 -0.000000 
-0.000000 -0.000000 -0.000298 -0.001342 -0.017522 -0.062601 -0.113150 -0.133876 -0.118543 -0.094428 -0.064221 -0.043327 -0.030980 -0.017070 0.002345 0.032849 0.065777 0.077337 0.071999 0.036759 0.002983 -0.011500 -0.007381 0.006189 -0.017318 -0.104747 -0.175481 -0.198734 -0.145593 -0.068311 -0.016239 -0.001038 -0.000214 -0.000000 -0.000000 
-0.000000 -0.000000 -0.000000 -0.000535 -0.001767 -0.017150 -0.051712 -0.083606 -0.080349 -0.062850 -0.036364 -0.012435 0.002496 0.022520 0.051793 0.092265 0.144820 0.192540 0.194732 0.179751 0.168007 0.165196 0.172769 0.184000 0.138196 0.042381 -0.038111 -0.069378 -0.039997 -0.011253 -0.000839 -0.000204 -0.000000 -0.000000 -0.000000 
-0.000000 -0.000000 -0.000000 -0.000103 -0.000607 -0.001480 -0.008865 -0.025606 -0.024120 -0.008122 0.016355 0.046430 0.064200 0.087987 0.120410 0.160688 0.200995 0.225256 0.246041 0.259099 0.269137 0.281212 0.295004 0.301005 0.221277 0.117761 0.030254 -0.006448 -0.002383 -0.000067 -0.000003 0.000020 -0.000000 -0.000000 -0.000000 
-0.000000 -0.000000 -0.000000 -0.000000 -0.000126 -0.000453 -0.000786 -0.001039 0.010340 0.041061 0.074185 0.109819 0.135835 0.158615 0.182925 0.200708 0.218566 0.238665 0.261033 0.285256 0.310195 0.333819 0.351042 0.323626 0.221366 0.111092 0.029472 0.002356 0.000784 0.000281 0.000079 -0.000000 -0.000000 -0.000000 -0.000000 
-0.000000 -0.000000 -0.000000 -0.000000 -0.000000 -0.000062 -0.000144 -0.000026 0.005266 0.034839 0.080598 0.124152 0.162756 0.183437 0.200057 0.216829 0.234829 0.254724 0.276895 0.300316 0.324067 0.344494 0.344069 0.263959 0.154996 0.059130 0.009580 0.001498 0.000547 0.000138 -0.000000 -0.000000 -0.000000 -0.000000 -0.000000 
-0.000000 -0.000000 -0.000000 -0.000000 -0.000000 -0.000000 0.000027 0.000213 0.000815 0.013169 0.050102 0.102059 0.151634 0.191350 0.214649 0.233766 0.252859 0.272827 0.294157 0.315763 0.335207 0.335688 0.271713 0.170761 0.075803 0.018139 0.002039 0.000703 0.000147 -0.000000 -0.000000 -0.000000 -0.000000 -0.000000 -0.000000 
-0.000000 -0.000000 -0.000000 -0.000000 -0.000000 -0.000000 -0.000000 0.000115 0.000473 0.001412 0.016108 0.054343 0.106471 0.164477 0.212053 0.243448 0.266996 0.287983 0.306869 0.317688 0.302802 0.240582 0.150604 0.070213 0.018634 0.002167 0.000736 0.000122 -0.000000 -0.000000 -0.000000 -0.000000 -0.000000 -0.000000 -0.000000 
-0.000000 -0.000000 -0.000000 -0.000000 -0.000000 -0.000000 -0.000000 -0.000000 0.000102 0.000533 0.001334 0.009693 0.039625 0.083728 0.132935 0.179210 0.213140 0.233187 0.234813 0.211246 0.158533 0.096274 0.042174 0.009657 0.001650 0.000598 0.000100 -0.000000 -0.000000 -0.000000 -0.000000 -0.000000 -0.000000 -0.000000 -0.000000 
-0.000000 -0.000000 -0.000000 -0.000000 -0.000000 -0.000000 -0.000000 -0.000000 -0.000000 -0.000000 0.000352 0.000907 0.001963 0.008433 0.028259 0.052104 0.071178 0.079179 0.070542 0.050096 0.025652 0.007682 0.002171 0.000999 0.000348 -0.000000 -0.000000 -0.000000 -0.000000 -0.000000 -0.000000 -0.000000 -0.000000 -0.000000 -0.000000 
-0.000000 -0.000000 -0.000000 -0.000000 -0.000000 -0.000000 -0.000000 -0.000000 -0.000000 -0.000000 -0.000000 -0.000000 0.000283 0.000683 0.001152 0.001649 0.002064 0.002232 0.002079 0.001671 0.001163 0.000673 0.000266 -0.000000 -0.000000 -0.000000 -0.000000 -0.000000 -0.000000 -0.000000 -0.000000 -0.000000 -0.000000 -0.000000 -0.000000 
-0.000000 -0.000000 -0.000000 -0.000000 -0.000000 -0.000000 -0.000000 -0.000000 -0.000000 -0.000000 -0.000000 -0.000000 -0.000000 -0.000000 -0.000000 -0.000000 -0.000000 -0.000000 -0.000000 -0.000000 -0.000000 -0.000000 -0.000000 -0.000000 -0.000000 -0.000000 -0.000000 -0.000000 -0.000000 -0.000000 -0.000000 -0.000000 -0.000000 -0.000000 -0.000000 
