0.000000 0.000000 0.000000 0.000000 0.000000 0.000000 0.000000 0.000000 0.000000 0.000000 0.000000 0.000000 0.000000 0.000000 0.000000 0.000000 0.000000 -0.000000 -0.000094 0.000000 0.000000 0.000000 0.000000 0.000000 0.000000 0.000000 0.000000 0.000000 0.000000 0.000000 0.000000 0.000000 0.000000 0.000000 0.000000 
0.000000 0.000000 0.000000 0.000000 0.000000 0.000000 0.000000 0.000000 0.000000 0.000000 0.000000 0.000000 0.000000 -0.000439 -0.000970 -0.001535 -0.002066 -0.002447 -0.002534 -0.002312 -0.001847 -0.001310 -0.000810 -0.000367 0.000000 0.000000 0.000000 0.000000 0.000000 0.000000 0.000000 0.000000 0.000000 0.000000 0.000000 
0.000000 0.000000 0.000000 0.000000 0.000000 0.000000 0.000000 0.000000 0.000000 0.000000 -0.000012 -0.000672 -0.001618 -0.003035 -0.008972 -0.023461 -0.038101 -0.048117 -0.050894 -0.045172 -0.033883 -0.020059 -0.007383 -0.002269 -0.001186 -0.000508 -0.000015 0.000000 0.000000 0.000000 0.000000 0.000000 0.000000 0.000000 0.000000 
0.000000 0.000000 0.000000 0.000000 0.000000 0.000000 0.000000 0.000000 0.000000 -0.000332 -0.001351 -0.002846 -0.011459 -0.031379 -0.049360 -0.056186 -0.048559 -0.032267 -0.021567 -0.021384 -0.029515 -0.034634 -0.031860 -0.021570 -0.008339 -0.001847 -0.000916 -0.000248 0.000000 0.000000 0.000000 0.000000 0.000000 0.000000 0.000000 
0.000000 0.000000 0.000000 0.000000 0.000000 0.000000 0.000000 0.000000 -0.000573 -0.001954 -0.004180 -0.018725 -0.040598 -0.046456 -0.024204 0.018382 0.059980 0.085990 0.098442 0.101286 0.090078 0.058766 0.016897 -0.013400 -0.020847 -0.011708 -0.002551 -0.001241 -0.000414 0.000000 0.000000 0.000000 0.000000 0.000000 0.000000 
0.000000 0.000000 0.000000 0.000000 0.000000 0.000000 0.000000 -0.000756 -0.002436 -0.004850 -0.019286 -0.040469 -0.036447 -0.005912 0.040308 0.076448 0.094352 0.104816 0.111249 0.116935 0.119428 0.116488 0.094492 0.050769 0.007669 -0.015364 -0.010917 -0.002838 -0.001511 -0.000520 0.000000 0.000000 0.000000 0.000000 0.000000 
0.000000 0.000000 0.000000 0.000000 0.000000 0.000000 -0.000845 -0.002834 -0.005524 -0.015063 -0.037664 -0.036038 -0.009030 0.033467 0.064536 0.078031 0.085943 0.092313 0.097974 0.103206 0.108113 0.112499 0.113375 0.096382 0.054704 0.011742 -0.013517 -0.008418 -0.003230 -0.001755 -0.000581 0.000000 0.000000 0.000000 0.000000 
0.000000 0.000000 0.000000 0.000000 0.000000 -0.000756 -0.002989 -0.006148 -0.012116 -0.045641 -0.075677 -0.075497 -0.048087 -0.008048 0.026537 0.059413 0.071039 0.075891 0.081135 0.086664 0.092490 0.093144 0.080821 0.069180 0.043468 0.008378 -0.019416 -0.022836 -0.006971 -0.003600 -0.001837 -0.000516 0.000000 0.000000 0.000000 
0.000000 0.000000 0.000000 0.000000 -0.000486 -0.002773 -0.006674 -0.029664 -0.085921 -0.158477 -0.189502 -0.180819 -0.147969 -0.128124 -0.103878 -0.063280 -0.003238 0.053542 0.066979 0.065315 0.034743 0.010259 -0.000816 -0.002119 -0.005052 -0.036687 -0.067980 -0.080834 -0.051565 -0.018429 -0.003917 -0.001699 -0.000331 0.000000 0.000000 
0.000000 0.000000 0.000000 -0.000040 -0.002030 -0.006552 -0.047111 -0.126924 -0.204964 -0.241918 -0.226584 -0.187723 -0.155803 -0.151005 -0.153412 -0.152160 -0.123408 -0.050271 0.018526 -0.005647 -0.029645 -0.030465 -0.018913 -0.005574 0.002779 -0.018748 -0.063614 -0.104922 -0.113548 -0.075711 -0.029550 -0.003880 -0.001242 -0.000045 0.000000 
0.000000 0.000000 0.000000 -0.000969 -0.004423 -0.045349 -0.143672 -0.218538 -0.237376 -0.204367 -0.142957 -0.079430 -0.051950 -0.053507 -0.076739 -0.116278 -0.154498 -0.165788 -0.136910 -0.062591 -0.026349 0.011446 0.045205 0.069795 0.082375 0.069919 0.012450 -0.053618 -0.107349 -0.117316 -0.084086 -0.028752 -0.002560 -0.000599 0.000000 
0.000000 0.000000 0.000000 -0.002301 -0.022908 -0.128216 -0.217629 -0.215877 -0.163399 -0.108458 -0.067638 -0.024715 -0.009083 -0.006289 -0.014734 -0.037956 -0.093690 -0.205064 -0.241360 -0.099184 0.035486 0.078012 0.096160 0.107949 0.117351 0.117352 0.078617 0.031132 -0.034409 -0.087916 -0.114372 -0.074964 -0.014878 -0.001323 0.000000 
0.000000 0.000000 -0.000555 -0.004330 -0.079152 -0.194465 -0.214095 -0.150748 -0.122501 -0.098422 -0.060903 -0.019447 -0.005645 -0.001921 -0.006816 -0.021524 -0.079130 -0.177024 -0.210136 -0.117224 0.042907 0.094381 0.105600 0.115944 0.125383 0.127671 0.090052 0.046666 0.007928 -0.020466 -0.083236 -0.103343 -0.047872 -0.002411 -0.000316 
0.000000 0.000000 -0.001215 -0.015044 -0.137535 -0.205585 -0.173922 -0.143160 -0.119553 -0.097157 -0.062686 -0.025025 -0.010294 -0.005417 -0.007873 -0.025048 -0.091178 -0.138153 -0.144394 -0.130334 0.010771 0.099423 0.110799 0.120766 0.130320 0.130803 0.093100 0.049754 0.015303 0.000449 -0.030057 -0.091898 -0.075631 -0.009218 -0.000642 
0.000000 0.000000 -0.001815 -0.042706 -0.165777 -0.185307 -0.175164 -0.149343 -0.119570 -0.101310 -0.073689 -0.037847 -0.017903 -0.011562 -0.010548 -0.029864 -0.078039 -0.096690 -0.104289 -0.136370 -0.021910 0.093224 0.111948 0.124141 0.134824 0.126361 0.084605 0.042704 0.015459 0.004659 -0.011811 -0.055615 -0.081940 -0.024622 -0.000873 
0.000000 0.000000 -0.002268 -0.067350 -0.162436 -0.181864 -0.188133 -0.156575 -0.125182 -0.107081 -0.086759 -0.054626 -0.026346 -0.022084 -0.021313 -0.045492 -0.102358 -0.127264 -0.159080 -0.196360 -0.107195 0.049252 0.071894 0.103587 0.134218 0.113781 0.067914 0.028449 0.012255 0.003425 -0.009470 -0.033757 -0.070066 -0.034279 -0.000958 
0.000000 -0.000048 -0.002486 -0.075954 -0.148865 -0.192884 -0.198287 -0.164724 -0.134372 -0.112734 -0.099214 -0.078279 -0.055823 -0.047104 -0.046112 -0.071679 -0.131357 -0.162876 -0.196246 -0.228743 -0.156747 0.009174 0.015435 0.037522 0.072705 0.073508 0.042173 0.013840 0.005860 -0.000812 -0.011698 -0.028220 -0.056723 -0.032517 -0.000860 
0.000067 -0.000080 -0.002375 -0.068445 -0.133052 -0.200044 -0.207740 -0.175301 -0.144601 -0.122863 -0.116643 -0.123071 -0.094048 -0.049453 -0.048865 -0.066293 -0.113861 -0.152118 -0.183342 -0.206224 -0.122866 0.042329 0.032551 0.016263 -0.030313 -0.035767 -0.003764 0.002547 -0.002150 -0.007935 -0.016959 -0.029957 -0.045333 -0.021119 -0.000579 
0.000007 -0.000070 -0.002017 -0.052439 -0.114263 -0.193558 -0.216084 -0.186780 -0.156400 -0.137608 -0.158016 -0.151756 -0.102347 -0.059561 -0.045161 -0.045579 -0.084315 -0.132110 -0.158711 -0.170246 -0.058800 0.091824 0.055885 -0.002221 -0.090334 -0.136119 -0.088300 -0.015984 -0.011651 -0.016491 -0.024246 -0.033827 -0.033640 -0.007071 -0.000296 
0.000045 0.000000 -0.001570 -0.036201 -0.091324 -0.169378 -0.219234 -0.199113 -0.170144 -0.173683 -0.184181 -0.154769 -0.108869 -0.091407 -0.074539 -0.041221 -0.047252 -0.100683 -0.124380 -0.118540 0.011927 0.088755 0.004545 -0.055716 -0.114331 -0.171458 -0.154711 -0.071603 -0.022349 -0.026450 -0.032280 -0.035869 -0.017745 0.001453 -0.000119 
0.000000 0.000000 -0.001166 -0.021068 -0.066672 -0.130323 -0.206601 -0.208053 -0.188192 -0.210183 -0.197965 -0.145570 -0.113308 -0.120207 -0.127821 -0.119238 -0.107677 -0.144975 -0.176319 -0.139895 -0.026553 -0.017453 -0.064249 -0.087251 -0.111749 -0.168405 -0.192800 -0.130113 -0.039009 -0.036450 -0.039426 -0.028155 0.001113 0.002326 -0.000071 
0.000000 0.000000 -0.000789 -0.007655 -0.047418 -0.088194 -0.169319 -0.204331 -0.213388 -0.237733 -0.207930 -0.145279 -0.123977 -0.133231 -0.147808 -0.160713 -0.162527 -0.193387 -0.222620 -0.150841 -0.057184 -0.062268 -0.079252 -0.092531 -0.112288 -0.161213 -0.212199 -0.173744 -0.072280 -0.044674 -0.039474 -0.004952 0.008691 0.000246 -0.000081 
0.000000 0.000000 -0.000405 -0.002191 -0.029625 -0.063774 -0.116226 -0.174203 -0.221966 -0.252554 -0.216390 -0.150941 -0.136379 -0.145335 -0.158537 -0.173441 -0.176229 -0.160724 -0.136016 -0.090094 -0.060020 -0.077314 -0.086960 -0.099239 -0.117894 -0.160042 -0.224441 -0.200681 -0.099089 -0.045740 -0.014248 0.008499 0.003876 -0.000259 -0.000080 
0.000000 0.000000 0.000000 -0.001243 -0.010615 -0.045159 -0.077877 -0.124871 -0.195721 -0.247285 -0.219502 -0.157971 -0.146115 -0.154619 -0.165422 -0.172359 -0.161709 -0.119813 -0.066401 -0.039581 -0.057331 -0.082266 -0.094320 -0.107238 -0.125721 -0.165573 -0.232429 -0.211572 -0.097812 -0.017543 0.003940 0.003596 -0.000967 -0.000295 0.000000 
0.000000 0.000000 0.000000 -0.000602 -0.002147 -0.020235 -0.054175 -0.087097 -0.150091 -0.213239 -0.203303 -0.153487 -0.142079 -0.147724 -0.148569 -0.140459 -0.122672 -0.092053 -0.048819 -0.024703 -0.041271 -0.063310 -0.084498 -0.104341 -0.125157 -0.167397 -0.223043 -0.184139 -0.063420 -0.003733 -0.001694 -0.003051 -0.000756 -0.000215 0.000000 
0.000000 0.000000 0.000000 -0.000007 -0.001109 -0.003447 -0.022642 -0.054520 -0.104834 -0.175320 -0.180239 -0.138462 -0.119203 -0.124159 -0.121475 -0.110605 -0.090517 -0.064326 -0.043469 -0.044097 -0.047902 -0.058045 -0.071769 -0.090594 -0.110742 -0.162493 -0.204985 -0.154193 -0.044324 -0.010043 -0.006331 -0.001719 -0.000560 -0.000010 0.000000 
0.000000 0.000000 0.000000 0.000000 -0.000298 -0.001572 -0.003954 -0.016533 -0.049797 -0.119513 -0.148117 -0.120488 -0.089591 -0.094268 -0.090822 -0.077423 -0.057429 -0.044040 -0.047631 -0.054315 -0.064866 -0.074908 -0.086924 -0.102953 -0.122174 -0.184565 -0.200336 -0.123739 -0.028783 -0.008183 -0.002716 -0.001052 -0.000189 0.000000 0.000000 
0.000000 0.000000 0.000000 0.000000 0.000000 -0.000472 -0.001918 -0.004220 -0.009149 -0.050355 -0.093443 -0.084994 -0.051629 -0.045581 -0.047096 -0.043769 -0.047010 -0.052102 -0.057822 -0.064292 -0.071899 -0.082783 -0.099647 -0.116901 -0.152394 -0.198763 -0.168149 -0.069218 -0.008924 -0.003754 -0.001586 -0.000407 0.000000 0.000000 0.000000 
0.000000 0.000000 0.000000 0.000000 0.000000 0.000000 -0.000591 -0.002109 -0.004286 -0.017228 -0.055064 -0.068342 -0.045382 -0.025589 -0.037504 -0.050249 -0.058662 -0.064979 -0.071654 -0.079117 -0.088214 -0.098561 -0.109617 -0.128004 -0.174505 -0.175131 -0.101855 -0.023744 -0.004598 -0.002048 -0.000549 0.000000 0.000000 0.000000 0.000000 
0.000000 0.000000 0.000000 0.000000 0.000000 0.000000 0.000000 -0.000635 -0.002042 -0.004144 -0.023509 -0.054042 -0.059595 -0.043263 -0.037616 -0.052367 -0.067967 -0.078745 -0.087013 -0.095992 -0.104593 -0.112590 -0.127315 -0.161230 -0.166335 -0.110770 -0.036898 -0.005141 -0.002230 -0.000621 0.000000 0.000000 0.000000 0.000000 0.000000 
0.000000 0.000000 0.000000 0.000000 0.000000 0.000000 0.000000 0.000000 -0.000550 -0.001762 -0.003691 -0.020877 -0.045304 -0.053517 -0.047855 -0.047794 -0.059903 -0.076176 -0.089682 -0.099235 -0.108896 -0.125433 -0.146064 -0.140112 -0.094070 -0.034197 -0.004984 -0.002066 -0.000540 0.000000 0.000000 0.000000 0.000000 0.000000 0.000000 
0.000000 0.000000 0.000000 0.000000 0.000000 0.000000 0.000000 0.000000 0.000000 -0.000341 -0.001217 -0.002337 -0.010660 -0.029172 -0.042645 -0.049698 -0.056622 -0.067404 -0.080557 -0.094495 -0.106249 -0.109676 -0.092773 -0.055209 -0.016633 -0.003285 -0.001475 -0.000348 0.000000 0.000000 0.000000 0.000000 0.000000 0.000000 0.000000 
0.000000 0.000000 0.000000 0.000000 0.000000 0.000000 0.000000 0.000000 0.000000 0.000000 -0.000024 -0.000573 -0.001198 -0.002023 -0.006402 -0.016715 -0.026189 -0.034338 -0.042050 -0.045558 -0.041109 -0.026964 -0.009986 -0.003138 -0.001697 -0.000700 -0.000033 0.000000 0.000000 0.000000 0.000000 0.000000 0.000000 0.000000 0.000000 
0.000000 0.000000 0.000000 0.000000 0.000000 0.000000 0.000000 0.000000 0.000000 0.000000 0.000000 0.000000 0.000000 -0.000298 -0.000587 -0.000846 -0.001074 -0.001306 -0.001504 -0.001587 -0.001490 -0.001226 -0.000830 -0.000382 0.000000 0.000000 0.000000 0.000000 0.000000 0.000000 0.000000 0.000000 0.000000 0.000000 0.000000 
0.000000 0.000000 0.000000 0.000000 0.000000 0.000000 0.000000 0.000000 0.000000 0.000000 0.000000 0.000000 0.000000 0.000000 0.000000 0.000000 0.000000 -0.000000 -0.000013 0.000000 0.000000 0.000000 0.000000 0.000000 0.000000 0.000000 0.000000 0.000000 0.000000 0.000000 0.000000 0.000000 0.000000 0.000000 0.000000 
