0.000000 0.000000 0.000000 0.000000 0.000000 0.000000 0.000000 0.000000 0.000000 0.000000 0.000000 0.000000 0.000000 0.000000 0.000000 0.000000 0.000000 0.000000 0.000000 0.000000 0.000000 0.000000 0.000000 0.000000 0.000000 0.000000 0.000000 0.000000 0.000000 0.000000 0.000000 0.000000 0.000000 0.000000 0.000000 
0.000000 0.000000 0.000000 0.000000 0.000000 0.000000 0.000000 0.000000 0.000000 0.000000 0.000000 0.000000 0.000030 0.000247 0.000741 0.001592 0.002732 0.003810 0.004464 0.004325 0.003535 0.002391 0.001104 0.000000 0.000000 0.000000 0.000000 0.000000 0.000000 0.000000 0.000000 0.000000 0.000000 0.000000 0.000000 
0.000000 0.000000 0.000000 0.000000 0.000000 0.000000 0.000000 0.000000 0.000000 0.000000 -0.000170 -0.000259 -0.000166 -0.000278 0.004451 0.024886 0.059285 0.094607 0.115231 0.107801 0.070557 0.025868 0.007803 0.004127 0.001704 0.000000 0.000000 0.000000 0.000000 0.000000 0.000000 0.000000 0.000000 0.000000 0.000000 
0.000000 0.000000 0.000000 0.000000 0.000000 0.000000 0.000000 0.000000 -0.000123 -0.000463 -0.000958 -0.006092 -0.020319 -0.021663 0.006613 0.063228 0.117172 0.165936 0.212492 0.253759 0.261006 0.218630 0.126011 0.036307 0.007111 0.003150 0.000684 0.000000 0.000000 0.000000 0.000000 0.000000 0.000000 0.000000 0.000000 
0.000000 0.000000 0.000000 0.000000 0.000000 0.000000 0.000000 -0.000159 -0.000555 -0.001543 -0.017688 -0.052554 -0.073676 -0.054318 -0.001851 0.042674 0.079051 0.114374 0.154665 0.208615 0.277316 0.329405 0.300721 0.196968 0.070221 0.009608 0.003915 0.000962 0.000000 0.000000 0.000000 0.000000 0.000000 0.000000 0.000000 
0.000000 0.000000 0.000000 0.000000 0.000000 0.000000 -0.000041 -0.000309 -0.001215 -0.020104 -0.073232 -0.122587 -0.104509 -0.039445 0.003905 0.035748 0.063214 0.090764 0.120319 0.157475 0.206949 0.278987 0.351856 0.338386 0.214815 0.070504 0.009351 0.003838 0.000981 0.000000 0.000000 0.000000 0.000000 0.000000 0.000000 
0.000000 0.000000 0.000000 0.000000 0.000000 0.000107 0.000222 -0.000079 -0.010416 -0.070423 -0.144497 -0.145076 -0.075445 -0.025775 0.009067 0.035706 0.058369 0.080295 0.104606 0.134318 0.172970 0.225131 0.302851 0.369278 0.334242 0.186697 0.041136 0.007578 0.003177 0.000810 0.000000 0.000000 0.000000 0.000000 0.000000 
0.000000 0.000000 0.000000 0.000000 0.000231 0.000779 0.001258 0.001368 -0.029830 -0.108191 -0.136281 -0.081048 -0.017490 0.008650 0.020487 0.038630 0.057180 0.075122 0.094999 0.119365 0.153583 0.201973 0.265768 0.351929 0.384265 0.295580 0.116377 0.013364 0.005483 0.002149 0.000461 0.000000 0.000000 0.000000 0.000000 
0.000000 0.000000 0.000000 0.000146 0.001052 0.002641 0.017241 0.048720 0.020334 -0.031354 -0.015090 0.067248 0.117063 0.135638 0.125382 0.092090 0.064202 0.072496 0.088458 0.105623 0.127932 0.160032 0.208906 0.283372 0.355450 0.330336 0.181674 0.031182 0.007300 0.003147 0.001146 0.000202 0.000000 0.000000 0.000000 
0.000000 0.000000 0.000000 0.000885 0.003262 0.034317 0.105901 0.156740 0.095402 0.045817 0.078903 0.163262 0.211988 0.237088 0.238190 0.208204 0.151175 0.083105 0.056192 0.048008 0.047769 0.061971 0.101076 0.166639 0.252831 0.267838 0.165995 0.010176 -0.015827 -0.002686 0.001119 0.000342 0.000000 0.000000 0.000000 
0.000000 0.000000 0.000439 0.002406 0.035248 0.129782 0.224615 0.234572 0.133021 0.072798 0.109091 0.191066 0.241177 0.277735 0.297683 0.297223 0.247186 0.123766 -0.002222 -0.052963 -0.067886 -0.056999 -0.019866 0.043443 0.131006 0.164290 0.087090 -0.065040 -0.094320 -0.045348 -0.010561 -0.000174 -0.000099 0.000000 0.000000 
0.000000 0.000000 0.001264 0.017339 0.120722 0.243282 0.300795 0.266401 0.141248 0.077599 0.118921 0.202051 0.253206 0.292663 0.321443 0.330890 0.272250 0.138883 -0.035051 -0.139140 -0.139257 -0.105014 -0.055110 0.010225 0.089962 0.108711 0.009301 -0.155366 -0.195099 -0.135651 -0.058800 -0.008256 -0.000617 0.000000 0.000000 
0.000000 0.000291 0.002823 0.073442 0.224060 0.323459 0.336148 0.280137 0.148307 0.078208 0.114695 0.201068 0.254267 0.296107 0.327793 0.311962 0.228367 0.130628 0.001310 -0.126917 -0.143675 -0.104763 -0.053595 0.012051 0.088650 0.100669 -0.008316 -0.199164 -0.272379 -0.232710 -0.141200 -0.045403 -0.001962 -0.000302 0.000000 
0.000000 0.000758 0.012355 0.153952 0.316866 0.365798 0.344752 0.293784 0.159875 0.075874 0.099387 0.191475 0.248559 0.293352 0.317024 0.249727 0.161141 0.141074 0.087463 -0.059897 -0.131507 -0.099335 -0.046781 0.020517 0.090247 0.081680 -0.044521 -0.235240 -0.292913 -0.297273 -0.236310 -0.107233 -0.009853 -0.000826 0.000000 
0.000000 0.001313 0.042746 0.235918 0.380507 0.378435 0.344371 0.309012 0.187148 0.087019 0.081179 0.171042 0.241701 0.307187 0.340181 0.268206 0.233407 0.270954 0.263334 0.080553 -0.082037 -0.082633 -0.034963 0.033350 0.086429 0.042569 -0.107730 -0.278613 -0.304377 -0.319942 -0.303623 -0.174889 -0.034978 -0.001500 0.000000 
0.000000 0.001903 0.080287 0.306479 0.410667 0.382049 0.343692 0.311185 0.231416 0.117990 0.074344 0.156869 0.314484 0.477787 0.572218 0.547787 0.566553 0.627502 0.638961 0.431761 0.148455 0.027589 0.014572 0.051083 0.062047 -0.028905 -0.197743 -0.299323 -0.317486 -0.333548 -0.338684 -0.228856 -0.064087 -0.002170 0.000000 
0.000000 0.002462 0.111114 0.351688 0.424837 0.385451 0.344608 0.312774 0.278141 0.176819 0.136507 0.266827 0.532624 0.778144 0.862991 0.817815 0.804810 0.859635 0.910835 0.788871 0.482733 0.287416 0.178370 0.100711 0.003844 -0.141818 -0.288207 -0.316015 -0.333551 -0.348671 -0.357358 -0.258770 -0.081650 -0.002574 0.000000 
0.000000 0.002813 0.126967 0.372289 0.434580 0.391978 0.350314 0.318017 0.294006 0.290429 0.354523 0.486569 0.702698 0.922234 0.934805 0.822601 0.794012 0.858982 0.921431 0.843484 0.623194 0.503960 0.364955 0.156070 -0.073290 -0.266964 -0.321692 -0.335591 -0.351039 -0.364462 -0.371242 -0.267311 -0.079834 -0.002476 0.000000 
0.000000 0.002850 0.119588 0.368551 0.444772 0.402757 0.360571 0.328641 0.319305 0.451887 0.602182 0.722173 0.813198 0.879930 0.887082 0.818117 0.770174 0.836392 0.912949 0.839648 0.623429 0.518314 0.402625 0.127873 -0.143952 -0.284882 -0.342556 -0.357084 -0.370740 -0.380641 -0.380038 -0.247801 -0.057112 -0.001899 0.000000 
0.000000 0.002564 0.093437 0.337768 0.452111 0.418544 0.376976 0.345290 0.410041 0.581481 0.760953 0.907482 0.930187 0.892325 0.854333 0.755101 0.676713 0.746247 0.817899 0.694528 0.465778 0.354685 0.264147 0.093781 -0.120452 -0.264588 -0.348024 -0.379250 -0.388823 -0.393844 -0.370655 -0.191152 -0.026517 -0.001109 0.000000 
0.000000 0.002069 0.055367 0.275783 0.442926 0.437287 0.398569 0.374574 0.509998 0.685402 0.857826 0.981772 0.993951 0.976228 0.946978 0.836223 0.693562 0.658766 0.663051 0.492887 0.289035 0.218751 0.180034 0.108399 -0.077093 -0.246422 -0.348369 -0.397098 -0.403876 -0.399459 -0.310521 -0.100620 -0.003788 -0.000419 0.000000 
0.000000 0.001433 0.018717 0.193357 0.389611 0.449330 0.424771 0.433492 0.593897 0.766259 0.929813 1.012659 1.010238 1.003731 1.002110 0.974332 0.845775 0.699790 0.575630 0.360881 0.206763 0.175963 0.150898 0.102301 -0.050000 -0.233447 -0.346852 -0.403786 -0.407991 -0.361970 -0.178045 -0.023288 0.001601 0.000001 0.000000 
0.000000 0.000688 0.005415 0.103221 0.289520 0.418950 0.445081 0.490996 0.658097 0.826562 0.982680 1.039879 1.033856 1.027313 1.026918 1.041042 0.992907 0.793560 0.521619 0.274832 0.174909 0.156883 0.132582 0.089751 -0.037159 -0.222620 -0.340078 -0.394681 -0.364165 -0.205259 -0.042749 0.011779 0.000769 0.000113 0.000000 
0.000000 0.000000 0.003058 0.030046 0.170393 0.333505 0.416207 0.512398 0.702757 0.872246 1.024512 1.074318 1.067495 1.061146 1.057221 1.055777 1.034763 0.882704 0.574559 0.306592 0.200932 0.163697 0.134509 0.092548 -0.025173 -0.205310 -0.308605 -0.289230 -0.170765 -0.036072 0.022822 0.008793 0.000828 0.000000 0.000000 
0.000000 0.000000 0.001403 0.006118 0.060466 0.194270 0.330447 0.463764 0.685393 0.880462 1.042005 1.101846 1.093371 1.076636 1.050637 1.012334 0.949575 0.840921 0.651722 0.506168 0.394889 0.309017 0.246193 0.194496 0.083802 -0.051204 -0.095626 -0.067426 0.002916 0.038053 0.020498 0.002215 0.000534 0.000000 0.000000 
0.000000 0.000000 0.000000 0.003077 0.009201 0.064442 0.176382 0.335319 0.587728 0.814435 0.988989 1.076118 1.066446 1.038227 0.989251 0.916371 0.808533 0.691054 0.667810 0.649611 0.603609 0.547953 0.495952 0.441111 0.303772 0.162399 0.089389 0.065562 0.053577 0.025202 0.003816 0.001387 0.000000 0.000000 0.000000 
0.000000 0.000000 0.000000 0.000807 0.004350 0.010419 0.043367 0.135852 0.373577 0.644547 0.843908 0.976909 0.973088 0.934505 0.864016 0.767482 0.668881 0.638884 0.634823 0.658614 0.670022 0.659034 0.627111 0.566838 0.390167 0.238576 0.127601 0.053839 0.019447 0.004585 0.002078 0.000415 0.000000 0.000000 0.000000 
0.000000 0.000000 0.000000 0.000000 0.001297 0.005059 0.010875 0.023212 0.142667 0.377397 0.594233 0.756487 0.802157 0.763526 0.709830 0.681762 0.665031 0.651513 0.640318 0.630010 0.623486 0.622660 0.599289 0.490050 0.304110 0.155563 0.054833 0.010041 0.004874 0.002428 0.000713 0.000000 0.000000 0.000000 0.000000 
0.000000 0.000000 0.000000 0.000000 0.000000 0.001560 0.005378 0.011304 0.045983 0.200693 0.410622 0.588538 0.711104 0.726727 0.716125 0.700947 0.685718 0.671670 0.659265 0.646210 0.628610 0.598679 0.530112 0.356206 0.195097 0.081088 0.018316 0.005095 0.002485 0.000784 0.000000 0.000000 0.000000 0.000000 0.000000 
0.000000 0.000000 0.000000 0.000000 0.000000 0.000000 0.001523 0.005259 0.011707 0.074864 0.240576 0.447053 0.616494 0.714692 0.730124 0.720543 0.706902 0.693939 0.677482 0.658990 0.630999 0.566564 0.413767 0.244061 0.111382 0.031696 0.005269 0.002336 0.000686 0.000000 0.000000 0.000000 0.000000 0.000000 0.000000 
0.000000 0.000000 0.000000 0.000000 0.000000 0.000000 0.000000 0.001222 0.004791 0.011189 0.075826 0.228395 0.409718 0.580907 0.684932 0.719579 0.718726 0.705746 0.683257 0.643520 0.560164 0.413555 0.247186 0.118483 0.035323 0.005207 0.002116 0.000499 0.000000 0.000000 0.000000 0.000000 0.000000 0.000000 0.000000 
0.000000 0.000000 0.000000 0.000000 0.000000 0.000000 0.000000 0.000000 0.000835 0.003690 0.008200 0.040402 0.148512 0.293555 0.424119 0.531465 0.576412 0.577636 0.535076 0.449541 0.314874 0.190352 0.084303 0.020860 0.004093 0.001706 0.000350 0.000000 0.000000 0.000000 0.000000 0.000000 0.000000 0.000000 0.000000 
0.000000 0.000000 0.000000 0.000000 0.000000 0.000000 0.000000 0.000000 0.000000 0.000000 0.001951 0.004763 0.009227 0.031143 0.091184 0.159387 0.203428 0.209912 0.179663 0.123822 0.062390 0.019534 0.005535 0.002635 0.000995 0.000000 0.000000 0.000000 0.000000 0.000000 0.000000 0.000000 0.000000 0.000000 0.000000 
0.000000 0.000000 0.000000 0.000000 0.000000 0.000000 0.000000 0.000000 0.000000 0.000000 0.000000 0.000000 0.001266 0.002866 0.004504 0.006015 0.006999 0.007024 0.006251 0.004811 0.003256 0.001892 0.000767 0.000000 0.000000 0.000000 0.000000 0.000000 0.000000 0.000000 0.000000 0.000000 0.000000 0.000000 0.000000 
0.000000 0.000000 0.000000 0.000000 0.000000 0.000000 0.000000 0.000000 0.000000 0.000000 0.000000 0.000000 0.000000 0.000000 0.000000 0.000000 0.000000 0.000000 0.000000 0.000000 0.000000 0.000000 0.000000 0.000000 0.000000 0.000000 0.000000 0.000000 0.000000 0.000000 0.000000 0.000000 0.000000 0.000000 0.000000 
