0.000000 0.000000 0.000000 0.000000 0.000000 0.000000 0.000000 0.000000 0.000000 0.000000 0.000000 0.000000 0.000000 0.000000 0.000000 0.000000 0.000000 0.000000 0.000000 0.000000 0.000000 0.000000 0.000000 0.000000 0.000000 0.000000 0.000000 0.000000 0.000000 0.000000 0.000000 0.000000 0.000000 0.000000 0.000000 
0.000000 0.000000 0.000000 0.000000 0.000000 0.000000 0.000000 0.000000 0.000000 0.000000 0.000000 0.000000 0.000000 0.000000 0.000000 0.000000 0.000000 0.000000 0.000000 0.000000 0.000000 0.000000 0.000000 0.000000 0.000000 0.000000 0.000000 0.000000 0.000000 0.000000 0.000000 0.000000 0.000000 0.000000 0.000000 
0.000000 0.000000 0.000000 0.000000 0.000000 0.000000 0.000000 0.000000 0.000000 0.000000 0.000000 0.000000 -0.000024 -0.000047 -0.000062 -0.000062 -0.000040 0.000001 0.000044 0.000068 0.000058 0.000018 -0.000011 0.000000 0.000000 0.000000 0.000000 0.000000 0.000000 0.000000 0.000000 0.000000 0.000000 0.000000 0.000000 
0.000000 0.000000 0.000000 0.000000 0.000000 0.000000 0.000000 0.000000 0.000000 0.000000 -0.000031 -0.000085 -0.000162 -0.000639 -0.002124 -0.003337 -0.003206 -0.001974 -0.000444 -0.000059 -0.000241 0.000305 0.000479 0.000229 0.000040 0.000000 0.000000 0.000000 0.000000 0.000000 0.000000 0.000000 0.000000 0.000000 0.000000 
0.000000 0.000000 0.000000 0.000000 0.000000 0.000000 0.000000 0.000000 -0.000010 -0.000069 -0.000184 -0.001202 -0.004665 -0.007864 -0.007225 0.000207 0.014780 0.029442 0.038589 0.038529 0.030150 0.017853 0.006948 0.001727 0.000758 0.000257 0.000023 0.000000 0.000000 0.000000 0.000000 0.000000 0.000000 0.000000 0.000000 
0.000000 0.000000 0.000000 0.000000 0.000000 0.000000 0.000000 -0.000016 -0.000115 -0.000327 -0.002842 -0.009263 -0.015041 -0.013744 0.003207 0.033380 0.064497 0.089233 0.104851 0.109224 0.099583 0.076044 0.046889 0.020782 0.005392 0.001297 0.000477 0.000071 0.000000 0.000000 0.000000 0.000000 0.000000 0.000000 0.000000 
0.000000 0.000000 0.000000 0.000000 0.000000 0.000000 -0.000026 -0.000142 -0.000397 -0.003335 -0.012359 -0.022562 -0.022769 -0.003275 0.034404 0.070690 0.100937 0.125581 0.144433 0.156254 0.158306 0.145022 0.111341 0.067534 0.029241 0.007264 0.001614 0.000590 0.000087 0.000000 0.000000 0.000000 0.000000 0.000000 0.000000 
0.000000 0.000000 0.000000 0.000000 0.000000 -0.000030 -0.000150 -0.000398 -0.002119 -0.011755 -0.026393 -0.033010 -0.020640 0.017069 0.054865 0.088155 0.117263 0.142203 0.162863 0.178214 0.187002 0.185610 0.167005 0.124395 0.072120 0.027756 0.005799 0.001756 0.000610 0.000068 0.000000 0.000000 0.000000 0.000000 0.000000 
0.000000 0.000000 0.000000 0.000000 -0.000024 -0.000132 -0.000357 -0.000903 -0.007765 -0.025508 -0.040896 -0.041547 -0.012315 0.027586 0.064642 0.097162 0.126134 0.151756 0.173614 0.191166 0.203654 0.212640 0.210204 0.181530 0.127289 0.066234 0.020129 0.004138 0.001826 0.000577 0.000025 0.000000 0.000000 0.000000 0.000000 
0.000000 0.000000 0.000000 -0.000015 -0.000100 -0.000290 -0.001290 -0.004694 -0.019308 -0.041399 -0.054617 -0.046821 -0.009267 0.029604 0.066540 0.100892 0.132613 0.159968 0.184031 0.214549 0.251262 0.281397 0.294066 0.280696 0.226692 0.151305 0.072449 0.022756 0.006023 0.001790 0.000464 -0.000005 0.000000 0.000000 0.000000 
0.000000 0.000000 0.000000 -0.000054 -0.000199 -0.001431 -0.003872 -0.008966 -0.027567 -0.048863 -0.059263 -0.041167 -0.003267 0.034831 0.070744 0.104995 0.137415 0.171137 0.222681 0.288487 0.348905 0.393806 0.415357 0.409882 0.362068 0.280053 0.182139 0.091688 0.037029 0.008518 0.001521 0.000249 0.000000 0.000000 0.000000 
0.000000 0.000000 -0.000014 -0.000092 -0.000876 -0.002327 -0.002567 -0.005817 -0.024216 -0.043546 -0.051484 -0.027462 0.010292 0.047429 0.082134 0.114981 0.150149 0.213713 0.308911 0.403241 0.479301 0.531287 0.556756 0.553546 0.510339 0.424149 0.317583 0.207093 0.116923 0.044683 0.006968 0.000975 0.000036 0.000000 0.000000 
0.000000 0.000000 -0.000023 -0.000277 -0.000581 0.001710 0.007029 0.007183 -0.008775 -0.026400 -0.033501 -0.007680 0.030246 0.067289 0.101296 0.133561 0.191014 0.303332 0.431559 0.535360 0.604047 0.641388 0.656549 0.651452 0.614759 0.540357 0.447431 0.336087 0.232203 0.122500 0.035585 0.002490 0.000364 0.000000 0.000000 
0.000000 -0.000000 -0.000001 0.000133 0.003965 0.013591 0.024554 0.028151 0.012559 -0.006091 -0.014622 0.009936 0.048189 0.086160 0.121674 0.165905 0.271423 0.425831 0.551772 0.628192 0.671328 0.695190 0.704542 0.697261 0.660930 0.591264 0.511695 0.429393 0.348870 0.229047 0.094365 0.013746 0.000917 -0.000000 0.000000 
0.000000 0.000008 0.000106 0.003100 0.014574 0.032271 0.045529 0.049079 0.033802 0.014737 0.004182 0.023983 0.062315 0.101007 0.138036 0.211036 0.374232 0.539999 0.631835 0.675296 0.702673 0.720437 0.726379 0.716043 0.675101 0.607799 0.535955 0.470215 0.420200 0.329678 0.173807 0.042723 0.001211 0.000108 0.000000 
0.000000 0.000031 0.000561 0.009181 0.030762 0.052608 0.063068 0.066723 0.055197 0.037266 0.024127 0.035380 0.072569 0.112100 0.152796 0.264867 0.462450 0.613035 0.674492 0.698892 0.714681 0.727716 0.729724 0.713390 0.664562 0.598215 0.533597 0.485738 0.453404 0.390742 0.252792 0.082837 0.003053 0.000287 0.000000 
0.000000 0.000067 0.001843 0.018041 0.048483 0.069068 0.077119 0.080317 0.075230 0.060246 0.046506 0.048044 0.078411 0.115177 0.154869 0.287326 0.488557 0.607941 0.656264 0.673205 0.690303 0.712773 0.717165 0.690597 0.633947 0.571148 0.516836 0.487858 0.463966 0.416640 0.305648 0.122784 0.008773 0.000461 0.000000 
0.000000 0.000105 0.003366 0.027495 0.063215 0.081738 0.088778 0.091583 0.092020 0.082786 0.071481 0.063509 0.071048 0.090670 0.121702 0.255509 0.445789 0.543386 0.583357 0.592482 0.607621 0.640863 0.659409 0.637045 0.584785 0.531010 0.495490 0.479056 0.459120 0.419463 0.326027 0.146288 0.014254 0.000573 0.000000 
0.000000 0.000126 0.004131 0.034263 0.073282 0.091393 0.098222 0.101084 0.102685 0.102675 0.094435 0.074798 0.052055 0.042401 0.066701 0.203729 0.393041 0.486857 0.520510 0.514190 0.508121 0.524487 0.538757 0.536140 0.517154 0.491188 0.474223 0.460441 0.442186 0.405861 0.318757 0.146101 0.015306 0.000589 0.000000 
0.000000 0.000125 0.003904 0.035837 0.078043 0.097958 0.105554 0.108839 0.111339 0.115111 0.105455 0.078197 0.038951 0.008358 0.015587 0.135193 0.317839 0.414941 0.444967 0.424854 0.398879 0.392544 0.395107 0.414748 0.439934 0.453024 0.445689 0.432670 0.414669 0.377131 0.286970 0.123691 0.012024 0.000506 0.000000 
0.000000 0.000099 0.002365 0.031126 0.076090 0.100990 0.110407 0.114601 0.120125 0.119518 0.104521 0.073562 0.034634 0.002211 -0.012001 0.062063 0.208581 0.306021 0.329049 0.300366 0.273894 0.272522 0.284619 0.318469 0.367404 0.400567 0.408345 0.396087 0.376114 0.333459 0.232535 0.086598 0.006282 0.000359 0.000000 
0.000000 0.000059 0.000668 0.020693 0.064966 0.098665 0.111992 0.118281 0.125377 0.120284 0.099356 0.064999 0.030943 0.003856 -0.015699 0.009968 0.108352 0.199721 0.217789 0.194094 0.184513 0.196493 0.214773 0.244320 0.293773 0.338212 0.358360 0.350037 0.324921 0.270603 0.160569 0.048335 0.001790 0.000196 0.000000 
0.000000 0.000021 0.000196 0.010543 0.045060 0.086572 0.108320 0.119250 0.126815 0.118914 0.094183 0.058598 0.026891 0.001261 -0.019832 -0.022307 0.029194 0.097146 0.120685 0.114507 0.121618 0.135899 0.152640 0.176944 0.221226 0.270343 0.296986 0.291422 0.256568 0.186614 0.088990 0.019429 0.000567 0.000067 0.000000 
0.000000 0.000000 0.000151 0.002969 0.023706 0.060545 0.093648 0.113731 0.122981 0.114502 0.088440 0.053218 0.022418 -0.003690 -0.026776 -0.046869 -0.044541 -0.019172 0.003982 0.026510 0.049304 0.066978 0.084532 0.107211 0.146765 0.196669 0.223929 0.215192 0.167756 0.100813 0.036835 0.003729 0.000375 0.000000 0.000000 
0.000000 0.000000 0.000047 0.000282 0.008269 0.031274 0.061778 0.091218 0.110239 0.104852 0.079790 0.045219 0.014267 -0.013470 -0.041052 -0.073686 -0.105822 -0.116964 -0.102687 -0.069657 -0.037126 -0.013073 0.007245 0.030253 0.067817 0.115264 0.137636 0.123166 0.082246 0.037890 0.008209 0.000070 0.000108 0.000000 0.000000 
0.000000 0.000000 -0.000005 0.000102 0.001191 0.010418 0.029501 0.054552 0.075071 0.076436 0.056793 0.023804 -0.008552 -0.040661 -0.074486 -0.110645 -0.147556 -0.171802 -0.167561 -0.146503 -0.122777 -0.100249 -0.078642 -0.054575 -0.015788 0.030181 0.054332 0.048722 0.024515 0.006476 -0.000192 0.000156 -0.000007 0.000000 0.000000 
0.000000 0.000000 0.000000 0.000000 0.000165 0.001502 0.008254 0.022496 0.039337 0.040343 0.021315 -0.012374 -0.046019 -0.078068 -0.109611 -0.140217 -0.166741 -0.185177 -0.191663 -0.186299 -0.175180 -0.160992 -0.142636 -0.117573 -0.071840 -0.023774 0.004722 0.007012 0.000772 -0.000894 0.000088 -0.000014 0.000000 0.000000 0.000000 
0.000000 0.000000 0.000000 -0.000011 0.000018 0.000198 0.000848 0.004705 0.013217 0.013181 -0.004235 -0.037078 -0.072520 -0.103706 -0.131130 -0.153993 -0.170380 -0.180851 -0.188022 -0.193281 -0.191744 -0.183670 -0.167366 -0.138415 -0.085643 -0.038091 -0.009416 -0.002450 -0.001028 -0.000001 -0.000037 -0.000023 0.000000 0.000000 0.000000 
0.000000 0.000000 0.000000 0.000000 -0.000018 0.000038 0.000188 0.000460 0.003343 0.002583 -0.012715 -0.042299 -0.079210 -0.110439 -0.134258 -0.152041 -0.165710 -0.175700 -0.181930 -0.184191 -0.181894 -0.174714 -0.156223 -0.116444 -0.063440 -0.021852 -0.003061 -0.000341 -0.000081 -0.000047 -0.000036 0.000000 0.000000 0.000000 0.000000 
0.000000 0.000000 0.000000 0.000000 0.000000 -0.000000 0.000061 0.000145 0.001082 0.002280 -0.005756 -0.028581 -0.062353 -0.097276 -0.124086 -0.143813 -0.158357 -0.168296 -0.174119 -0.174887 -0.169594 -0.154981 -0.125065 -0.076408 -0.031820 -0.006506 -0.000211 -0.000153 -0.000028 -0.000011 0.000000 0.000000 0.000000 0.000000 0.000000 
0.000000 0.000000 0.000000 0.000000 0.000000 0.000000 0.000019 0.000070 0.000103 0.001321 -0.000113 -0.011732 -0.036411 -0.069889 -0.102302 -0.126509 -0.143170 -0.153579 -0.158214 -0.156010 -0.144624 -0.119080 -0.077004 -0.035656 -0.009489 -0.000423 -0.000162 0.000008 0.000023 0.000000 0.000000 0.000000 0.000000 0.000000 0.000000 
0.000000 0.000000 0.000000 0.000000 0.000000 0.000000 0.000000 0.000032 0.000063 0.000053 0.000914 -0.001314 -0.012174 -0.032523 -0.060164 -0.087547 -0.108052 -0.119663 -0.121630 -0.112529 -0.090502 -0.058274 -0.027755 -0.007331 -0.000111 -0.000124 0.000035 0.000052 0.000000 0.000000 0.000000 0.000000 0.000000 0.000000 0.000000 
0.000000 0.000000 0.000000 0.000000 0.000000 0.000000 0.000000 0.000000 0.000022 0.000043 -0.000010 0.000360 -0.000281 -0.005946 -0.017190 -0.031785 -0.045905 -0.053991 -0.053104 -0.042577 -0.026151 -0.010781 -0.001632 0.000258 -0.000082 0.000051 0.000035 0.000000 0.000000 0.000000 0.000000 0.000000 0.000000 0.000000 0.000000 
0.000000 0.000000 0.000000 0.000000 0.000000 0.000000 0.000000 0.000000 0.000000 0.000000 0.000023 -0.000015 -0.000119 -0.000027 -0.000008 -0.001313 -0.003186 -0.004042 -0.003199 -0.001037 0.000533 0.000149 -0.000174 -0.000026 0.000041 0.000000 0.000000 0.000000 0.000000 0.000000 0.000000 0.000000 0.000000 0.000000 0.000000 
0.000000 0.000000 0.000000 0.000000 0.000000 0.000000 0.000000 0.000000 0.000000 0.000000 0.000000 0.000000 0.000011 -0.000011 -0.000065 -0.000132 -0.000189 -0.000212 -0.000192 -0.000135 -0.000063 -0.000000 0.000024 0.000000 0.000000 0.000000 0.000000 0.000000 0.000000 0.000000 0.000000 0.000000 0.000000 0.000000 0.000000 
