0.000000 0.000000 0.000000 0.000000 0.000000 0.000000 0.000000 0.000000 0.000000 0.000000 0.000000 0.000000 0.000000 0.000000 0.000000 0.000000 0.000000 0.000000 0.000000 0.000000 0.000000 0.000000 0.000000 0.000000 0.000000 0.000000 0.000000 0.000000 0.000000 0.000000 0.000000 0.000000 0.000000 0.000000 0.000000 
0.000000 0.000000 0.000000 0.000000 0.000000 0.000000 0.000000 0.000000 0.000000 0.000000 0.000000 0.000000 0.000000 0.000000 0.000000 0.000000 0.000000 0.000000 0.000000 0.000000 0.000000 0.000000 0.000000 0.000000 0.000000 0.000000 0.000000 0.000000 0.000000 0.000000 0.000000 0.000000 0.000000 0.000000 0.000000 
0.000000 0.000000 0.000000 0.000000 0.000000 0.000000 0.000000 0.000000 0.000000 0.000000 0.000000 0.000000 -0.000976 -0.002232 -0.003409 -0.004260 -0.004570 -0.004201 -0.003403 -0.002451 -0.001564 -0.000845 -0.000291 0.000000 0.000000 0.000000 0.000000 0.000000 0.000000 0.000000 0.000000 0.000000 0.000000 0.000000 0.000000 
0.000000 0.000000 0.000000 0.000000 0.000000 0.000000 0.000000 0.000000 0.000000 0.000000 -0.001568 -0.003952 -0.007426 -0.020463 -0.050839 -0.071696 -0.071008 -0.055365 -0.034803 -0.018423 -0.008252 -0.003905 -0.002220 -0.001154 -0.000422 0.000000 0.000000 0.000000 0.000000 0.000000 0.000000 0.000000 0.000000 0.000000 0.000000 
0.000000 0.000000 0.000000 0.000000 0.000000 0.000000 0.000000 0.000000 -0.000620 -0.002889 -0.006717 -0.029454 -0.090707 -0.135884 -0.128057 -0.075933 -0.014273 0.031935 0.056509 0.060724 0.048445 0.025024 0.005546 -0.001838 -0.001603 -0.000681 -0.000142 0.000000 0.000000 0.000000 0.000000 0.000000 0.000000 0.000000 0.000000 
0.000000 0.000000 0.000000 0.000000 0.000000 0.000000 0.000000 -0.000793 -0.003395 -0.008428 -0.053181 -0.137755 -0.175518 -0.117702 -0.003253 0.093632 0.158003 0.203152 0.234708 0.247434 0.227890 0.171110 0.090136 0.029872 0.002633 -0.001613 -0.000737 -0.000123 0.000000 0.000000 0.000000 0.000000 0.000000 0.000000 0.000000 
0.000000 0.000000 0.000000 0.000000 0.000000 0.000000 -0.000799 -0.003073 -0.007795 -0.053592 -0.155550 -0.198314 -0.109373 0.018410 0.097147 0.147215 0.189292 0.229723 0.269116 0.306416 0.332708 0.327115 0.257681 0.138026 0.041567 0.003741 -0.001611 -0.000771 -0.000253 0.000000 0.000000 0.000000 0.000000 0.000000 0.000000 
0.000000 0.000000 0.000000 0.000000 0.000000 -0.000719 -0.002402 -0.005713 -0.030859 -0.138173 -0.212216 -0.141540 -0.013537 0.057120 0.098286 0.135073 0.170396 0.209632 0.250132 0.294829 0.338505 0.374895 0.374612 0.283763 0.139356 0.034582 0.000429 -0.001558 -0.000867 -0.000352 0.000000 0.000000 0.000000 0.000000 0.000000 
0.000000 0.000000 0.000000 0.000000 -0.000519 -0.001630 -0.003415 -0.008054 -0.075504 -0.181892 -0.158631 -0.034429 0.042864 0.067061 0.085562 0.113185 0.146540 0.183248 0.224512 0.269803 0.315578 0.352512 0.387297 0.369503 0.237432 0.089680 0.010523 -0.002224 -0.001262 -0.000881 -0.000427 0.000000 0.000000 0.000000 0.000000 
0.000000 0.000000 0.000000 -0.000332 -0.001031 -0.001208 0.008773 0.032592 -0.031847 -0.071079 0.017881 0.129500 0.165715 0.173937 0.163250 0.137615 0.127235 0.155456 0.188660 0.208533 0.253995 0.320671 0.390345 0.430914 0.345533 0.172304 0.042547 -0.001510 -0.003955 -0.000777 -0.000731 -0.000296 0.000000 0.000000 0.000000 
0.000000 0.000000 0.000000 -0.000616 0.000103 0.028814 0.109742 0.150270 0.039506 -0.006802 0.074807 0.141192 0.176462 0.206412 0.234459 0.235536 0.196942 0.134023 0.131022 0.198873 0.291729 0.389515 0.482459 0.544395 0.515889 0.338133 0.161906 0.057995 0.023392 0.000977 -0.000125 -0.000527 0.000000 0.000000 0.000000 
0.000000 0.000000 -0.000229 0.000182 0.031555 0.141955 0.232086 0.165558 -0.041807 -0.130252 -0.076705 -0.039076 -0.005478 0.052992 0.141236 0.235685 0.257376 0.190980 0.182703 0.273457 0.375862 0.471543 0.559030 0.626332 0.632064 0.470074 0.292151 0.178137 0.116988 0.057616 0.005733 0.000308 -0.000268 0.000000 0.000000 
0.000000 0.000000 0.000141 0.014617 0.133549 0.247078 0.206793 0.025854 -0.201463 -0.239737 -0.148462 -0.106679 -0.081303 -0.053205 -0.005746 0.072863 0.168268 0.289597 0.327656 0.359248 0.452497 0.544224 0.626257 0.689752 0.701304 0.530961 0.345500 0.248657 0.217686 0.165538 0.068350 0.004450 0.000310 0.000000 0.000000 
0.000000 -0.000000 0.001481 0.079442 0.232789 0.221889 0.082142 -0.031641 -0.181833 -0.208514 -0.115716 -0.073119 -0.051005 -0.029667 -0.003961 -0.000542 0.073961 0.311729 0.475601 0.485417 0.522792 0.602192 0.679354 0.741197 0.749565 0.574408 0.387148 0.274147 0.249207 0.247012 0.178977 0.042123 0.002033 0.000000 0.000000 
0.000000 0.000318 0.011016 0.162411 0.251522 0.137072 0.077717 0.023639 -0.120971 -0.161458 -0.072498 -0.020967 -0.000269 0.017245 0.026595 0.006130 0.110429 0.338902 0.558130 0.592000 0.581564 0.648917 0.722697 0.780958 0.766094 0.580529 0.406688 0.304992 0.272475 0.259689 0.256818 0.126588 0.007486 0.000523 0.000000 
0.000000 0.000828 0.045335 0.222679 0.217625 0.138984 0.116011 0.090023 -0.030587 -0.097684 -0.038189 0.034408 0.049344 0.023687 -0.059029 -0.154936 0.013764 0.244293 0.466854 0.592026 0.626076 0.683609 0.757993 0.809920 0.742906 0.553866 0.403311 0.321575 0.298610 0.272269 0.270429 0.212592 0.031261 0.001467 0.000000 
0.000000 0.001353 0.079999 0.227278 0.207902 0.179800 0.160607 0.143965 0.070641 -0.025671 -0.011390 0.031042 -0.066542 -0.200991 -0.310775 -0.286810 0.027631 0.295088 0.478132 0.600447 0.637412 0.731877 0.800524 0.811492 0.680920 0.504181 0.384731 0.335025 0.315790 0.289715 0.263750 0.256799 0.069735 0.002578 0.000000 
0.000000 0.001686 0.095295 0.232611 0.235104 0.223573 0.207824 0.192963 0.168755 0.076519 -0.045845 -0.179449 -0.267934 -0.237750 -0.190772 -0.048074 0.279170 0.478804 0.611215 0.676322 0.689065 0.785530 0.893822 0.810749 0.592982 0.449820 0.365603 0.342340 0.324475 0.297562 0.262302 0.262268 0.093820 0.003400 0.000000 
0.000000 0.001725 0.090342 0.238585 0.273781 0.268074 0.254712 0.240626 0.224958 0.117635 -0.174423 -0.342338 -0.223989 -0.007508 -0.014068 0.051307 0.366548 0.549150 0.659698 0.666784 0.623459 0.718002 0.806966 0.763803 0.577360 0.403314 0.361548 0.342624 0.324631 0.299617 0.259470 0.247858 0.090571 0.003536 0.000000 
0.000000 0.001416 0.068693 0.237018 0.310510 0.311821 0.300186 0.287141 0.248603 0.014501 -0.211183 -0.241448 -0.064564 0.077059 0.054278 0.106736 0.423744 0.609490 0.704428 0.651529 0.552719 0.550785 0.547465 0.578144 0.571315 0.453948 0.356195 0.335462 0.317701 0.289501 0.246485 0.214911 0.065477 0.003026 0.000000 
0.000000 0.000982 0.040107 0.209181 0.333120 0.351341 0.343632 0.330759 0.187777 -0.061549 -0.159041 -0.039236 0.054887 0.086293 0.068045 0.090936 0.413364 0.627382 0.695961 0.538118 0.357757 0.308875 0.300140 0.387754 0.535717 0.513721 0.381854 0.321779 0.302271 0.270993 0.219880 0.157401 0.029274 0.002053 0.000000 
0.000000 0.000558 0.015144 0.154608 0.321496 0.383004 0.383016 0.362537 0.126743 -0.075927 -0.058570 0.096642 0.129132 0.128945 0.072342 -0.017842 0.193849 0.427164 0.443252 0.235948 0.111643 0.136052 0.183555 0.278900 0.460634 0.526986 0.417136 0.304177 0.277300 0.239892 0.169047 0.075876 0.002752 0.001063 0.000000 
0.000000 0.000188 0.002540 0.087332 0.255516 0.389311 0.414447 0.361949 0.104212 -0.040863 0.044461 0.169781 0.179161 0.178249 0.146949 0.010239 0.039638 0.237351 0.213581 0.049252 0.033036 0.079752 0.133428 0.213294 0.379796 0.514542 0.434917 0.291699 0.237753 0.185546 0.081808 0.010923 -0.000444 0.000337 0.000000 
0.000000 -0.000000 0.000959 0.029702 0.163303 0.321985 0.419126 0.364248 0.112287 0.001383 0.121250 0.213141 0.218915 0.216457 0.203645 0.101142 -0.019470 0.004329 -0.023357 -0.062945 -0.014122 0.029158 0.083685 0.158840 0.312572 0.479897 0.420130 0.266000 0.177282 0.071536 -0.004229 -0.020103 0.000696 0.000000 0.000000 
0.000000 0.000000 0.000210 0.003051 0.069837 0.205823 0.337775 0.338230 0.127663 0.036912 0.161915 0.242300 0.247247 0.242516 0.222690 0.150511 -0.063144 -0.260158 -0.310034 -0.206328 -0.101512 -0.037307 0.023219 0.100109 0.254326 0.431964 0.373121 0.179464 0.032435 -0.043244 -0.042872 -0.009215 -0.000078 0.000000 0.000000 
0.000000 0.000000 -0.000125 0.000379 0.011108 0.086255 0.206510 0.245781 0.065613 -0.001967 0.134011 0.225068 0.225368 0.202234 0.147192 0.053140 -0.127845 -0.386746 -0.470409 -0.392523 -0.285366 -0.187013 -0.097904 -0.008410 0.161650 0.312428 0.213557 0.009766 -0.086570 -0.066287 -0.023551 -0.000668 -0.000287 0.000000 0.000000 
0.000000 0.000000 0.000000 -0.000222 0.000201 0.013343 0.071156 0.122102 -0.023318 -0.112833 -0.009335 0.102326 0.097251 0.064632 -0.011347 -0.117860 -0.235176 -0.340925 -0.435115 -0.462121 -0.430342 -0.363828 -0.283714 -0.185881 0.027372 0.156945 0.064457 -0.078732 -0.075797 -0.027009 -0.001705 -0.000611 0.000000 0.000000 0.000000 
0.000000 0.000000 0.000000 -0.000157 -0.000470 -0.000548 0.004131 0.018627 -0.098116 -0.251605 -0.219389 -0.085830 -0.087959 -0.125216 -0.191423 -0.260997 -0.296330 -0.301426 -0.316021 -0.372272 -0.403312 -0.388253 -0.330676 -0.216978 0.040570 0.128166 0.047247 -0.034440 -0.015265 -0.001554 -0.000852 -0.000228 0.000000 0.000000 0.000000 
0.000000 0.000000 0.000000 0.000000 -0.000327 -0.000863 -0.001846 -0.005114 -0.079685 -0.292392 -0.390538 -0.298463 -0.253149 -0.268208 -0.285976 -0.293392 -0.299102 -0.301050 -0.297537 -0.285958 -0.266674 -0.248062 -0.188452 0.010096 0.217145 0.211052 0.076757 0.002495 -0.000110 -0.000635 -0.000322 0.000000 0.000000 0.000000 0.000000 
0.000000 0.000000 0.000000 0.000000 0.000000 -0.000408 -0.001246 -0.003014 -0.022337 -0.155955 -0.354211 -0.387262 -0.296773 -0.288500 -0.290663 -0.294920 -0.296812 -0.295499 -0.286550 -0.267455 -0.231444 -0.167379 -0.018535 0.229102 0.295310 0.171258 0.029839 0.002134 0.000170 -0.000171 0.000000 0.000000 0.000000 0.000000 0.000000 
0.000000 0.000000 0.000000 0.000000 0.000000 0.000000 -0.000367 -0.001323 -0.003553 -0.038971 -0.169079 -0.328385 -0.349482 -0.290119 -0.286716 -0.288053 -0.286515 -0.279285 -0.262157 -0.228981 -0.167392 -0.023186 0.217869 0.320190 0.221683 0.064043 0.005171 0.001380 0.000128 0.000000 0.000000 0.000000 0.000000 0.000000 0.000000 
0.000000 0.000000 0.000000 0.000000 0.000000 0.000000 0.000000 -0.000290 -0.000946 -0.002914 -0.033888 -0.127598 -0.224434 -0.265148 -0.251120 -0.248322 -0.242185 -0.223960 -0.184897 -0.098023 0.070626 0.267676 0.328392 0.222794 0.071789 0.007273 0.002313 0.000385 0.000000 0.000000 0.000000 0.000000 0.000000 0.000000 0.000000 
0.000000 0.000000 0.000000 0.000000 0.000000 0.000000 0.000000 0.000000 -0.000051 -0.000347 -0.001143 -0.009661 -0.047608 -0.086984 -0.083976 -0.040034 0.005577 0.058645 0.138333 0.241852 0.310342 0.274767 0.155121 0.040541 0.006265 0.002319 0.000366 0.000000 0.000000 0.000000 0.000000 0.000000 0.000000 0.000000 0.000000 
0.000000 0.000000 0.000000 0.000000 0.000000 0.000000 0.000000 0.000000 0.000000 0.000000 0.000107 0.000152 0.000363 0.000663 0.007064 0.035571 0.087124 0.143521 0.172388 0.157341 0.098268 0.031834 0.008143 0.003755 0.001329 0.000000 0.000000 0.000000 0.000000 0.000000 0.000000 0.000000 0.000000 0.000000 0.000000 
0.000000 0.000000 0.000000 0.000000 0.000000 0.000000 0.000000 0.000000 0.000000 0.000000 0.000000 0.000000 0.000322 0.000854 0.001670 0.002928 0.004476 0.005796 0.006216 0.005551 0.004153 0.002511 0.001010 0.000000 0.000000 0.000000 0.000000 0.000000 0.000000 0.000000 0.000000 0.000000 0.000000 0.000000 0.000000 
