0.000000 0.000000 0.000000 0.000000 0.000000 0.000000 0.000000 0.000000 0.000000 0.000000 0.000000 0.000000 0.000000 0.000000 0.000000 0.000000 0.000000 0.000000 0.000000 0.000000 0.000000 0.000000 0.000000 0.000000 0.000000 0.000000 0.000000 0.000000 0.000000 0.000000 0.000000 0.000000 0.000000 0.000000 0.000000 
0.000000 0.000000 0.000000 0.000000 0.000000 0.000000 0.000000 0.000000 0.000000 0.000000 0.000000 0.000000 0.000770 0.001651 0.002418 0.003082 0.003649 0.004068 0.004386 0.004221 0.003588 0.002536 0.001226 0.000000 0.000000 0.000000 0.000000 0.000000 0.000000 0.000000 0.000000 0.000000 0.000000 0.000000 0.000000 
0.000000 0.000000 0.000000 0.000000 0.000000 0.000000 0.000000 0.000000 0.000000 0.000000 0.001126 0.002717 0.004883 0.014150 0.027084 0.029474 0.030691 0.038070 0.053890 0.062052 0.050803 0.024180 0.008505 0.004712 0.001968 0.000000 0.000000 0.000000 0.000000 0.000000 0.000000 0.000000 0.000000 0.000000 0.000000 
0.000000 0.000000 0.000000 0.000000 0.000000 0.000000 0.000000 0.000000 0.000353 0.001913 0.004456 0.021051 0.046325 0.031377 -0.001081 0.014346 0.049073 0.092940 0.127004 0.153216 0.153266 0.158919 0.112037 0.038266 0.008272 0.003602 0.000733 0.000000 0.000000 0.000000 0.000000 0.000000 0.000000 0.000000 0.000000 
0.000000 0.000000 0.000000 0.000000 0.000000 0.000000 0.000000 0.000462 0.002407 0.006167 0.037304 0.052387 -0.008992 -0.057657 -0.030737 0.033949 0.092408 0.141395 0.182895 0.220220 0.240992 0.246749 0.232957 0.184760 0.077280 0.011052 0.004259 0.000902 0.000000 0.000000 0.000000 0.000000 0.000000 0.000000 0.000000 
0.000000 0.000000 0.000000 0.000000 0.000000 0.000000 0.000493 0.002309 0.006028 0.037819 0.055808 -0.027336 -0.113232 -0.067377 0.011677 0.069849 0.115567 0.154561 0.186068 0.217827 0.254140 0.283071 0.291768 0.298410 0.219739 0.080692 0.010202 0.003683 0.000759 0.000000 0.000000 0.000000 0.000000 0.000000 0.000000 
0.000000 0.000000 0.000000 0.000000 0.000000 0.000323 0.001648 0.004572 0.024114 0.063815 -0.014611 -0.143601 -0.110912 -0.020195 0.048731 0.099160 0.137601 0.167644 0.193926 0.219365 0.246180 0.276842 0.305343 0.311387 0.325699 0.210804 0.047301 0.006817 0.002209 0.000429 0.000000 0.000000 0.000000 0.000000 0.000000 
0.000000 0.000000 0.000000 0.000000 0.000115 0.000634 0.002566 0.007482 0.052348 0.038677 -0.104266 -0.148080 -0.044720 0.031838 0.079605 0.118293 0.151450 0.176668 0.198138 0.216431 0.234273 0.236302 0.249840 0.257444 0.290704 0.287844 0.120842 0.009631 0.002710 0.000452 0.000050 0.000000 0.000000 0.000000 0.000000 
0.000000 0.000000 0.000000 -0.000205 -0.000394 0.000263 0.001253 0.029272 0.116563 0.064862 -0.057008 0.005330 0.105006 0.165310 0.191033 0.185044 0.171275 0.181657 0.189388 0.142739 0.093522 0.076896 0.083761 0.111093 0.118421 0.169049 0.084632 -0.048233 -0.021249 -0.001670 -0.000840 -0.000114 0.000000 0.000000 0.000000 
0.000000 0.000000 0.000000 -0.001048 -0.001533 -0.003079 0.042419 0.168345 0.272565 0.169598 0.075944 0.182845 0.277686 0.334028 0.355197 0.323815 0.274471 0.182338 0.054570 -0.005392 -0.033583 -0.030939 -0.014707 0.017024 0.021063 0.065616 0.017475 -0.183164 -0.162459 -0.056937 -0.004504 -0.001301 0.000000 0.000000 0.000000 
0.000000 0.000000 -0.001014 -0.002439 -0.006778 0.055071 0.212904 0.348817 0.376955 0.198490 0.093503 0.203219 0.299950 0.388634 0.450285 0.474941 0.392108 0.161063 -0.025669 -0.081721 -0.074105 -0.054150 -0.030471 0.001604 0.010851 0.046284 0.010352 -0.238023 -0.323660 -0.213546 -0.065522 -0.004282 -0.001017 0.000000 0.000000 
0.000000 0.000000 -0.002306 -0.009891 0.041096 0.230807 0.359161 0.386537 0.320344 0.114183 0.021442 0.135238 0.226104 0.302499 0.376320 0.443954 0.374532 0.214496 0.060305 -0.054976 -0.070096 -0.053240 -0.031475 0.001237 0.017346 0.054000 0.028650 -0.223506 -0.370655 -0.365677 -0.213049 -0.035748 -0.002958 0.000000 0.000000 
0.000000 -0.000871 -0.004091 0.000442 0.178775 0.373888 0.356764 0.336644 0.289365 0.093206 -0.008237 0.104783 0.197021 0.271392 0.326788 0.288384 0.207363 0.273509 0.230870 0.031247 -0.072748 -0.056384 -0.030537 0.005051 0.022211 0.060391 0.026630 -0.223812 -0.356429 -0.406995 -0.353300 -0.142300 -0.006631 -0.000886 0.000000 
0.000000 -0.001817 -0.009638 0.069695 0.332471 0.391729 0.330975 0.298452 0.278451 0.101181 -0.026301 0.072212 0.169160 0.245688 0.278313 0.168770 0.120369 0.234499 0.310257 0.162380 -0.043918 -0.051502 -0.020904 0.017514 0.034709 0.074247 0.006320 -0.261330 -0.354933 -0.392526 -0.430843 -0.264488 -0.027393 -0.002087 0.000000 
0.000000 -0.002638 -0.011266 0.166368 0.416055 0.379816 0.310346 0.266387 0.273692 0.146912 -0.015779 0.032713 0.140615 0.222882 0.221517 0.099248 0.097446 0.156339 0.268052 0.248176 -0.008390 -0.054226 -0.008783 0.030307 0.052422 0.080733 -0.051680 -0.311142 -0.355508 -0.391073 -0.443062 -0.347411 -0.082850 -0.003336 0.000000 
0.000000 -0.003250 0.004055 0.245039 0.446342 0.368568 0.300581 0.254494 0.256541 0.208737 0.046883 0.002920 0.155132 0.320353 0.379966 0.380778 0.456818 0.507892 0.560909 0.544599 0.186815 -0.033214 -0.017168 0.024634 0.070856 0.050201 -0.158500 -0.325044 -0.357277 -0.393467 -0.445506 -0.383518 -0.127093 -0.004230 0.000000 
0.000000 -0.003565 0.018964 0.295867 0.454142 0.367278 0.299332 0.254088 0.228458 0.244731 0.175895 0.164463 0.377121 0.653801 0.774380 0.787306 0.786689 0.830437 0.916686 1.004655 0.653805 0.247341 0.105849 0.045081 0.050097 -0.056765 -0.280740 -0.331417 -0.362126 -0.398094 -0.450918 -0.394932 -0.135039 -0.004382 0.000000 
0.000000 -0.003556 0.022095 0.316054 0.464983 0.377216 0.308931 0.261963 0.230440 0.253082 0.430915 0.551971 0.649050 0.822487 0.860927 0.800663 0.753221 0.812432 0.906704 1.020938 0.812880 0.513986 0.343433 0.177015 -0.024274 -0.241935 -0.316460 -0.341012 -0.369896 -0.405753 -0.460851 -0.389898 -0.107487 -0.003631 0.000000 
0.000000 -0.003167 0.017379 0.300491 0.485048 0.398255 0.327377 0.279498 0.255988 0.404454 0.640809 0.821022 0.879693 0.869810 0.832517 0.793917 0.708777 0.779346 0.893637 1.004775 0.760815 0.536601 0.461321 0.192097 -0.119499 -0.296201 -0.335648 -0.353210 -0.380785 -0.417444 -0.472905 -0.347516 -0.053574 -0.002276 0.000000 
0.000000 -0.002534 0.003332 0.245043 0.499046 0.432303 0.358780 0.308221 0.367981 0.589622 0.783416 0.905850 0.962337 0.937242 0.901714 0.823764 0.672053 0.730743 0.852810 0.882694 0.589688 0.395375 0.297649 0.109438 -0.107165 -0.257898 -0.345014 -0.367257 -0.394274 -0.432127 -0.467994 -0.243049 -0.000295 -0.000890 0.000000 
0.000000 -0.001782 -0.008757 0.159195 0.464595 0.478064 0.403511 0.356170 0.518713 0.740198 0.882671 0.952553 0.953775 0.947969 0.957722 0.919278 0.756458 0.699061 0.779075 0.650985 0.317105 0.202513 0.155469 0.096751 -0.062188 -0.218769 -0.333939 -0.381282 -0.409273 -0.448458 -0.389086 -0.086690 0.022751 0.000076 0.000000 
0.000000 -0.001074 -0.006803 0.065659 0.349943 0.503883 0.463293 0.452563 0.660536 0.861922 0.960952 0.992604 0.976744 0.962974 0.965467 1.004445 0.908464 0.747826 0.656201 0.394260 0.176939 0.139225 0.116651 0.081183 -0.039175 -0.190679 -0.317682 -0.389815 -0.422822 -0.418624 -0.189666 0.029571 0.010723 0.000470 0.000000 
0.000000 -0.000429 -0.002324 0.005046 0.179705 0.432360 0.510069 0.565267 0.784177 0.965405 1.035418 1.042968 1.023077 1.009336 1.009419 1.068667 1.119936 0.919857 0.542588 0.239596 0.130483 0.113436 0.093033 0.062151 -0.031543 -0.175158 -0.305455 -0.388408 -0.389159 -0.207981 0.008614 0.057186 0.002178 0.000379 0.000000 
0.000000 0.000000 -0.001007 -0.005116 0.046074 0.246155 0.440696 0.619473 0.889924 1.063529 1.119853 1.117488 1.096771 1.086269 1.092513 1.118848 1.142894 0.942209 0.561857 0.271002 0.151143 0.112416 0.087392 0.056970 -0.027057 -0.162651 -0.280102 -0.274498 -0.141630 0.023447 0.082325 0.022083 0.001538 0.000000 0.000000 
0.000000 0.000000 -0.000293 -0.000698 0.000732 0.067299 0.241389 0.491408 0.856302 1.109845 1.198981 1.205604 1.185285 1.157844 1.103798 1.008242 0.884030 0.788200 0.648363 0.501916 0.373530 0.274753 0.208632 0.166001 0.096037 0.010751 -0.029419 0.000957 0.074376 0.098996 0.044629 0.003252 0.000870 0.000000 0.000000 
0.000000 0.000000 0.000000 0.000069 0.000550 0.007465 0.060842 0.247597 0.628106 0.937329 1.067874 1.088392 1.061390 1.002817 0.911095 0.787820 0.670855 0.601152 0.624215 0.628852 0.587750 0.534345 0.483444 0.442338 0.360437 0.259016 0.180423 0.142553 0.106260 0.046752 0.005007 0.001781 0.000000 0.000000 0.000000 
0.000000 0.000000 0.000000 0.000167 0.000879 0.002706 0.010491 0.068981 0.353010 0.674721 0.836122 0.871409 0.846801 0.796701 0.725866 0.645364 0.575206 0.545105 0.538208 0.579501 0.609249 0.612512 0.593492 0.558546 0.449084 0.315121 0.187456 0.086239 0.029566 0.005283 0.002290 0.000485 0.000000 0.000000 0.000000 
0.000000 0.000000 0.000000 0.000000 0.000474 0.002007 0.005629 0.016095 0.175186 0.464495 0.663923 0.726279 0.711070 0.676817 0.633974 0.601866 0.576835 0.555874 0.538539 0.524011 0.516375 0.524635 0.519510 0.465090 0.328808 0.182946 0.070631 0.011753 0.005112 0.002404 0.000726 0.000000 0.000000 0.000000 0.000000 
0.000000 0.000000 0.000000 0.000000 0.000000 0.000801 0.003366 0.008821 0.059739 0.296225 0.549489 0.673245 0.687665 0.664550 0.642956 0.619649 0.596210 0.574501 0.556239 0.539742 0.521616 0.498807 0.465588 0.352089 0.211600 0.097958 0.022180 0.005301 0.002333 0.000678 0.000000 0.000000 0.000000 0.000000 0.000000 
0.000000 0.000000 0.000000 0.000000 0.000000 0.000000 0.001038 0.004482 0.012191 0.111349 0.361406 0.588891 0.683079 0.676894 0.653956 0.635736 0.614485 0.595042 0.575411 0.555656 0.531526 0.500759 0.405463 0.263932 0.135114 0.039367 0.005744 0.002275 0.000584 0.000000 0.000000 0.000000 0.000000 0.000000 0.000000 
0.000000 0.000000 0.000000 0.000000 0.000000 0.000000 0.000000 0.000985 0.005044 0.013658 0.116190 0.350148 0.563986 0.672512 0.674855 0.645851 0.624155 0.606297 0.584790 0.559677 0.521363 0.427125 0.286736 0.146847 0.043934 0.006093 0.002290 0.000441 0.000000 0.000000 0.000000 0.000000 0.000000 0.000000 0.000000 
0.000000 0.000000 0.000000 0.000000 0.000000 0.000000 0.000000 0.000000 0.000876 0.004390 0.010730 0.062932 0.236649 0.439083 0.579439 0.646554 0.647259 0.627023 0.587947 0.517587 0.385119 0.243959 0.109760 0.026893 0.005103 0.002008 0.000376 0.000000 0.000000 0.000000 0.000000 0.000000 0.000000 0.000000 0.000000 
0.000000 0.000000 0.000000 0.000000 0.000000 0.000000 0.000000 0.000000 0.000000 0.000000 0.002606 0.006702 0.013602 0.049996 0.152004 0.259813 0.319429 0.321003 0.268711 0.182168 0.089443 0.026834 0.007416 0.003420 0.001226 0.000000 0.000000 0.000000 0.000000 0.000000 0.000000 0.000000 0.000000 0.000000 0.000000 
0.000000 0.000000 0.000000 0.000000 0.000000 0.000000 0.000000 0.000000 0.000000 0.000000 0.000000 0.000000 0.001934 0.004486 0.007145 0.009592 0.011099 0.011022 0.009614 0.007241 0.004779 0.002682 0.001046 0.000000 0.000000 0.000000 0.000000 0.000000 0.000000 0.000000 0.000000 0.000000 0.000000 0.000000 0.000000 
0.000000 0.000000 0.000000 0.000000 0.000000 0.000000 0.000000 0.000000 0.000000 0.000000 0.000000 0.000000 0.000000 0.000000 0.000000 0.000000 0.000000 0.000000 0.000000 0.000000 0.000000 0.000000 0.000000 0.000000 0.000000 0.000000 0.000000 0.000000 0.000000 0.000000 0.000000 0.000000 0.000000 0.000000 0.000000 
