-0.000000 -0.000000 -0.000000 -0.000000 -0.000000 -0.000000 -0.000000 -0.000000 -0.000000 -0.000000 -0.000000 -0.000000 -0.000000 -0.000000 -0.000000 -0.000000 0.000015 0.000051 0.000032 -0.000000 -0.000000 -0.000000 -0.000000 -0.000000 -0.000000 -0.000000 -0.000000 -0.000000 -0.000000 -0.000000 -0.000000 -0.000000 -0.000000 -0.000000 -0.000000 
-0.000000 -0.000000 -0.000000 -0.000000 -0.000000 -0.000000 -0.000000 -0.000000 -0.000000 -0.000000 -0.000000 -0.000000 0.000076 0.000227 0.000453 0.000754 0.001089 0.001344 0.001407 0.001266 0.000997 0.000665 0.000312 -0.000000 -0.000000 -0.000000 -0.000000 -0.000000 -0.000000 -0.000000 -0.000000 -0.000000 -0.000000 -0.000000 -0.000000 
-0.000000 -0.000000 -0.000000 -0.000000 -0.000000 -0.000000 -0.000000 -0.000000 -0.000000 -0.000005 0.000049 0.000213 0.000640 0.003500 0.013504 0.028851 0.044796 0.055466 0.054760 0.043359 0.025495 0.008734 0.002377 0.001249 0.000549 0.000010 -0.000000 -0.000000 -0.000000 -0.000000 -0.000000 -0.000000 -0.000000 -0.000000 -0.000000 
-0.000000 -0.000000 -0.000000 -0.000000 -0.000000 -0.000000 -0.000000 -0.000000 -0.000015 0.000033 0.000267 0.003273 0.016992 0.043374 0.080710 0.122515 0.154678 0.172832 0.175783 0.161177 0.128574 0.086656 0.044553 0.012710 0.002392 0.001128 0.000287 -0.000000 -0.000000 -0.000000 -0.000000 -0.000000 -0.000000 -0.000000 -0.000000 
-0.000000 -0.000000 -0.000000 -0.000000 -0.000000 -0.000000 -0.000000 -0.000043 -0.000037 0.000214 0.005170 0.023794 0.059953 0.112597 0.165413 0.199669 0.219767 0.233221 0.243246 0.247219 0.236022 0.196235 0.134057 0.072001 0.024109 0.003542 0.001522 0.000437 -0.000000 -0.000000 -0.000000 -0.000000 -0.000000 -0.000000 -0.000000 
-0.000000 -0.000000 -0.000000 -0.000000 -0.000000 -0.000000 -0.000068 -0.000134 -0.000037 0.003581 0.021072 0.058872 0.111833 0.163851 0.191646 0.208586 0.222644 0.234705 0.245397 0.254528 0.261402 0.257511 0.220392 0.156163 0.080613 0.024691 0.003783 0.001737 0.000524 -0.000000 -0.000000 -0.000000 -0.000000 -0.000000 -0.000000 
-0.000000 -0.000000 -0.000000 -0.000000 -0.000000 -0.000078 -0.000223 -0.000294 0.000810 0.012409 0.044073 0.092053 0.146836 0.174918 0.192668 0.207252 0.220018 0.231561 0.242625 0.252790 0.261943 0.268647 0.264703 0.218969 0.150249 0.069745 0.016150 0.003910 0.001860 0.000534 -0.000000 -0.000000 -0.000000 -0.000000 -0.000000 
-0.000000 -0.000000 -0.000000 -0.000000 -0.000074 -0.000278 -0.000504 -0.000717 0.002419 0.021855 0.060018 0.113464 0.151754 0.172981 0.190379 0.204166 0.216224 0.227816 0.239230 0.250749 0.265352 0.290655 0.309475 0.296782 0.231887 0.144619 0.053116 0.009115 0.004121 0.001882 0.000467 -0.000000 -0.000000 -0.000000 -0.000000 
-0.000000 -0.000000 -0.000000 -0.000058 -0.000296 -0.000671 -0.002802 -0.007040 -0.003209 0.020439 0.062523 0.114668 0.139665 0.160265 0.179100 0.197047 0.213497 0.226586 0.247415 0.299400 0.351199 0.390835 0.416041 0.423893 0.370985 0.282157 0.165191 0.062580 0.019757 0.004415 0.001780 0.000330 -0.000000 -0.000000 -0.000000 
-0.000000 -0.000000 0.000001 -0.000256 -0.000765 -0.005210 -0.013666 -0.021377 -0.015320 0.011262 0.056660 0.099776 0.122381 0.142843 0.162552 0.183171 0.205886 0.251964 0.333243 0.408426 0.468506 0.513133 0.540860 0.552090 0.517293 0.431374 0.317875 0.187823 0.095800 0.033484 0.004516 0.001416 0.000005 -0.000000 -0.000000 
-0.000000 -0.000000 -0.000160 -0.000604 -0.005763 -0.018049 -0.030787 -0.039055 -0.030741 -0.001967 0.046050 0.082422 0.104016 0.123960 0.144256 0.167423 0.221903 0.337973 0.453391 0.541158 0.604981 0.648034 0.673615 0.684033 0.660808 0.575852 0.464260 0.330918 0.225256 0.119726 0.034981 0.003267 0.000756 -0.000000 -0.000000 
-0.000000 -0.000000 -0.000398 -0.003476 -0.018322 -0.035902 -0.049029 -0.056374 -0.044425 -0.011032 0.040207 0.074750 0.095493 0.113366 0.130871 0.168520 0.289161 0.450997 0.588506 0.672005 0.709833 0.724533 0.732763 0.738473 0.726733 0.662947 0.583089 0.466558 0.359775 0.250971 0.114240 0.019468 0.001863 -0.000000 -0.000000 
-0.000000 -0.000126 -0.000814 -0.012786 -0.035168 -0.053891 -0.063489 -0.063889 -0.048861 -0.015401 0.035972 0.072423 0.093838 0.112325 0.131910 0.215184 0.398727 0.572630 0.680494 0.727617 0.739937 0.745612 0.751284 0.755919 0.742036 0.678626 0.604709 0.525252 0.475066 0.386282 0.228977 0.074276 0.003827 0.000514 -0.000000 
-0.000000 -0.000290 -0.003003 -0.026347 -0.052607 -0.065836 -0.067564 -0.066691 -0.053203 -0.021534 0.028724 0.070973 0.094058 0.113894 0.149818 0.303767 0.525385 0.654909 0.704302 0.739150 0.755268 0.759471 0.763778 0.766973 0.743536 0.677578 0.604386 0.530254 0.511126 0.487151 0.361387 0.156373 0.015178 0.001183 -0.000000 
-0.000000 -0.000473 -0.009272 -0.041037 -0.064801 -0.069446 -0.069402 -0.068275 -0.057830 -0.030190 0.017306 0.067914 0.096044 0.122609 0.200980 0.446297 0.679632 0.755173 0.772433 0.792493 0.795005 0.782323 0.775235 0.772373 0.732070 0.661264 0.588227 0.524267 0.523900 0.522534 0.466089 0.250217 0.048243 0.001920 -0.000000 
-0.000000 -0.000666 -0.016947 -0.053469 -0.069658 -0.070949 -0.070261 -0.068754 -0.062932 -0.040863 0.000730 0.060776 0.114205 0.169332 0.325728 0.627220 0.842605 0.882898 0.894330 0.912059 0.913259 0.873723 0.828846 0.780280 0.708207 0.632890 0.559810 0.523720 0.530281 0.533985 0.516569 0.337184 0.089168 0.002688 -0.000000 
-0.000006 -0.000824 -0.023191 -0.060257 -0.071294 -0.071647 -0.070554 -0.069052 -0.066969 -0.052419 -0.014317 0.059971 0.154081 0.241602 0.441891 0.751597 0.916098 0.942130 0.955249 0.985422 1.010670 0.988766 0.926063 0.817991 0.689955 0.592146 0.528166 0.524719 0.533221 0.539401 0.534138 0.390659 0.122877 0.003320 0.000053 
-0.000040 -0.000887 -0.025678 -0.062337 -0.071788 -0.071870 -0.070626 -0.069163 -0.067807 -0.059089 -0.018377 0.060968 0.175072 0.276187 0.478358 0.776254 0.924133 0.949840 0.960570 0.989798 1.032155 1.033282 0.970654 0.841962 0.694666 0.563134 0.521094 0.525078 0.533940 0.541356 0.538110 0.408213 0.136481 0.003575 0.000141 
-0.000006 -0.000824 -0.023191 -0.060257 -0.071294 -0.071647 -0.070554 -0.069052 -0.066969 -0.052419 -0.014317 0.059971 0.154081 0.241602 0.441891 0.751597 0.916098 0.942130 0.955249 0.985422 1.010670 0.988766 0.926063 0.817991 0.689955 0.592146 0.528166 0.524719 0.533221 0.539401 0.534138 0.390659 0.122877 0.003320 0.000053 
-0.000000 -0.000666 -0.016947 -0.053469 -0.069658 -0.070949 -0.070261 -0.068754 -0.062932 -0.040863 0.000730 0.060776 0.114205 0.169332 0.325728 0.627220 0.842605 0.882898 0.894330 0.912059 0.913259 0.873723 0.828846 0.780280 0.708207 0.632890 0.559810 0.523720 0.530281 0.533985 0.516569 0.337184 0.089168 0.002688 -0.000000 
-0.000000 -0.000473 -0.009272 -0.041037 -0.064801 -0.069446 -0.069402 -0.068275 -0.057830 -0.030190 0.017306 0.067914 0.096044 0.122609 0.200980 0.446297 0.679632 0.755173 0.772433 0.792493 0.795005 0.782323 0.775235 0.772373 0.732070 0.661264 0.588227 0.524267 0.523900 0.522534 0.466089 0.250217 0.048243 0.001920 -0.000000 
-0.000000 -0.000290 -0.003003 -0.026347 -0.052607 -0.065836 -0.067564 -0.066691 -0.053203 -0.021534 0.028724 0.070973 0.094058 0.113894 0.149818 0.303767 0.525385 0.654909 0.704302 0.739150 0.755268 0.759471 0.763778 0.766973 0.743536 0.677578 0.604386 0.530254 0.511126 0.487151 0.361387 0.156373 0.015178 0.001183 -0.000000 
-0.000000 -0.000126 -0.000814 -0.012786 -0.035168 -0.053891 -0.063489 -0.063889 -0.048861 -0.015401 0.035972 0.072423 0.093838 0.112325 0.131910 0.215184 0.398727 0.572630 0.680494 0.727617 0.739937 0.745612 0.751284 0.755919 0.742036 0.678626 0.604709 0.525252 0.475066 0.386282 0.228977 0.074276 0.003827 0.000514 -0.000000 
-0.000000 -0.000000 -0.000398 -0.003476 -0.018322 -0.035902 -0.049029 -0.056374 -0.044425 -0.011032 0.040207 0.074750 0.095493 0.113366 0.130871 0.168520 0.289161 0.450997 0.588506 0.672005 0.709833 0.724533 0.732763 0.738473 0.726733 0.662947 0.583089 0.466558 0.359775 0.250971 0.114240 0.019468 0.001863 -0.000000 -0.000000 
-0.000000 -0.000000 -0.000160 -0.000604 -0.005763 -0.018049 -0.030787 -0.039055 -0.030741 -0.001967 0.046050 0.082422 0.104016 0.123960 0.144256 0.167423 0.221903 0.337973 0.453391 0.541158 0.604981 0.648034 0.673615 0.684033 0.660808 0.575852 0.464260 0.330918 0.225256 0.119726 0.034981 0.003267 0.000756 -0.000000 -0.000000 
-0.000000 -0.000000 0.000001 -0.000256 -0.000765 -0.005210 -0.013666 -0.021377 -0.015320 0.011262 0.056660 0.099776 0.122381 0.142843 0.162552 0.183171 0.205886 0.251964 0.333243 0.408426 0.468506 0.513133 0.540860 0.552090 0.517293 0.431374 0.317875 0.187823 0.095800 0.033484 0.004516 0.001416 0.000005 -0.000000 -0.000000 
-0.000000 -0.000000 -0.000000 -0.000058 -0.000296 -0.000671 -0.002802 -0.007040 -0.003209 0.020439 0.062523 0.114668 0.139665 0.160265 0.179100 0.197047 0.213497 0.226586 0.247415 0.299400 0.351199 0.390835 0.416041 0.423893 0.370985 0.282157 0.165191 0.062580 0.019757 0.004415 0.001780 0.000330 -0.000000 -0.000000 -0.000000 
-0.000000 -0.000000 -0.000000 -0.000000 -0.000074 -0.000278 -0.000504 -0.000717 0.002419 0.021855 0.060018 0.113464 0.151754 0.172981 0.190379 0.204166 0.216224 0.227816 0.239230 0.250749 0.265352 0.290655 0.309475 0.296782 0.231887 0.144619 0.053116 0.009115 0.004121 0.001882 0.000467 -0.000000 -0.000000 -0.000000 -0.000000 
-0.000000 -0.000000 -0.000000 -0.000000 -0.000000 -0.000078 -0.000223 -0.000294 0.000810 0.012409 0.044073 0.092053 0.146836 0.174918 0.192668 0.207252 0.220018 0.231561 0.242625 0.252790 0.261943 0.268647 0.264703 0.218969 0.150249 0.069745 0.016150 0.003910 0.001860 0.000534 -0.000000 -0.000000 -0.000000 -0.000000 -0.000000 
-0.000000 -0.000000 -0.000000 -0.000000 -0.000000 -0.000000 -0.000068 -0.000134 -0.000037 0.003581 0.021072 0.058872 0.111833 0.163851 0.191646 0.208586 0.222644 0.234705 0.245397 0.254528 0.261402 0.257511 0.220392 0.156163 0.080613 0.024691 0.003783 0.001737 0.000524 -0.000000 -0.000000 -0.000000 -0.000000 -0.000000 -0.000000 
-0.000000 -0.000000 -0.000000 -0.000000 -0.000000 -0.000000 -0.000000 -0.000043 -0.000037 0.000214 0.005170 0.023794 0.059953 0.112597 0.165413 0.199669 0.219767 0.233221 0.243246 0.247219 0.236022 0.196235 0.134057 0.072001 0.024109 0.003542 0.001522 0.000437 -0.000000 -0.000000 -0.000000 -0.000000 -0.000000 -0.000000 -0.000000 
-0.000000 -0.000000 -0.000000 -0.000000 -0.000000 -0.000000 -0.000000 -0.000000 -0.000015 0.000033 0.000267 0.003273 0.016992 0.043374 0.080710 0.122515 0.154678 0.172832 0.175783 0.161177 0.128574 0.086656 0.044553 0.012710 0.002392 0.001128 0.000287 -0.000000 -0.000000 -0.000000 -0.000000 -0.000000 -0.000000 -0.000000 -0.000000 
-0.000000 -0.000000 -0.000000 -0.000000 -0.000000 -0.000000 -0.000000 -0.000000 -0.000000 -0.000005 0.000049 0.000213 0.000640 0.003500 0.013504 0.028851 0.044796 0.055466 0.054760 0.043359 0.025495 0.008734 0.002377 0.001249 0.000549 0.000010 -0.000000 -0.000000 -0.000000 -0.000000 -0.000000 -0.000000 -0.000000 -0.000000 -0.000000 
-0.000000 -0.000000 -0.000000 -0.000000 -0.000000 -0.000000 -0.000000 -0.000000 -0.000000 -0.000000 -0.000000 -0.000000 0.000076 0.000227 0.000453 0.000754 0.001089 0.001344 0.001407 0.001266 0.000997 0.000665 0.000312 -0.000000 -0.000000 -0.000000 -0.000000 -0.000000 -0.000000 -0.000000 -0.000000 -0.000000 -0.000000 -0.000000 -0.000000 
-0.000000 -0.000000 -0.000000 -0.000000 -0.000000 -0.000000 -0.000000 -0.000000 -0.000000 -0.000000 -0.000000 -0.000000 -0.000000 -0.000000 -0.000000 -0.000000 0.000015 0.000051 0.000032 -0.000000 -0.000000 -0.000000 -0.000000 -0.000000 -0.000000 -0.000000 -0.000000 -0.000000 -0.000000 -0.000000 -0.000000 -0.000000 -0.000000 -0.000000 -0.000000 
