-0.000000 -0.000000 -0.000000 -0.000000 -0.000000 -0.000000 -0.000000 -0.000000 -0.000000 -0.000000 -0.000000 -0.000000 -0.000000 -0.000000 -0.000000 -0.000000 -0.000000 -0.000000 -0.000000 -0.000000 -0.000000 -0.000000 -0.000000 -0.000000 -0.000000 -0.000000 -0.000000 -0.000000 -0.000000 -0.000000 -0.000000 -0.000000 -0.000000 -0.000000 -0.000000 
-0.000000 -0.000000 -0.000000 -0.000000 -0.000000 -0.000000 -0.000000 -0.000000 -0.000000 -0.000000 -0.000000 -0.000000 -0.000316 -0.000798 -0.001302 -0.001777 -0.002177 -0.002428 -0.002512 -0.002377 -0.002047 -0.001482 -0.000739 -0.000000 -0.000000 -0.000000 -0.000000 -0.000000 -0.000000 -0.000000 -0.000000 -0.000000 -0.000000 -0.000000 -0.000000 
-0.000000 -0.000000 -0.000000 -0.000000 -0.000000 -0.000000 -0.000000 -0.000000 -0.000000 -0.000000 -0.000664 -0.001810 -0.003703 -0.014838 -0.048737 -0.086572 -0.113129 -0.124291 -0.116579 -0.093120 -0.057187 -0.019935 -0.005965 -0.003448 -0.001577 -0.000000 -0.000000 -0.000000 -0.000000 -0.000000 -0.000000 -0.000000 -0.000000 -0.000000 -0.000000 
-0.000000 -0.000000 -0.000000 -0.000000 -0.000000 -0.000000 -0.000000 -0.000000 -0.000310 -0.001654 -0.004073 -0.024855 -0.097941 -0.192022 -0.272002 -0.330129 -0.365496 -0.381281 -0.376014 -0.345743 -0.289757 -0.212673 -0.118175 -0.034928 -0.007123 -0.003540 -0.000915 -0.000000 -0.000000 -0.000000 -0.000000 -0.000000 -0.000000 -0.000000 -0.000000 
-0.000000 -0.000000 -0.000000 -0.000000 -0.000000 -0.000000 -0.000000 -0.000620 -0.002452 -0.006428 -0.054607 -0.172539 -0.293211 -0.372039 -0.404581 -0.415978 -0.425365 -0.438279 -0.455702 -0.470519 -0.467491 -0.423866 -0.332451 -0.205572 -0.074253 -0.011054 -0.005102 -0.001474 -0.000000 -0.000000 -0.000000 -0.000000 -0.000000 -0.000000 -0.000000 
-0.000000 -0.000000 -0.000000 -0.000000 -0.000000 -0.000000 -0.000608 -0.002590 -0.006621 -0.057482 -0.197564 -0.336130 -0.379842 -0.363560 -0.355861 -0.357333 -0.364440 -0.378244 -0.398006 -0.424726 -0.455410 -0.479232 -0.469724 -0.400403 -0.244616 -0.082111 -0.012720 -0.005978 -0.001762 -0.000000 -0.000000 -0.000000 -0.000000 -0.000000 -0.000000 
-0.000000 -0.000000 -0.000000 -0.000000 -0.000000 -0.000446 -0.002100 -0.005391 -0.034025 -0.174690 -0.333102 -0.368455 -0.324208 -0.307760 -0.303818 -0.306823 -0.314148 -0.328407 -0.347565 -0.374449 -0.407591 -0.447380 -0.482834 -0.486008 -0.417149 -0.231074 -0.055896 -0.013306 -0.006377 -0.001747 -0.000000 -0.000000 -0.000000 -0.000000 -0.000000 
-0.000000 -0.000000 -0.000000 -0.000000 -0.000190 -0.001276 -0.003723 -0.009824 -0.101440 -0.282070 -0.354498 -0.301777 -0.264133 -0.263056 -0.266465 -0.270717 -0.279761 -0.293188 -0.312716 -0.338709 -0.378508 -0.453651 -0.533005 -0.582497 -0.573688 -0.440999 -0.180125 -0.029121 -0.013776 -0.006257 -0.001416 -0.000000 -0.000000 -0.000000 -0.000000 
-0.000000 -0.000000 -0.000000 -0.000022 -0.000506 -0.001858 -0.002552 -0.011749 -0.152511 -0.280943 -0.262728 -0.174303 -0.168208 -0.183286 -0.212857 -0.241371 -0.255283 -0.268025 -0.298425 -0.400728 -0.523811 -0.631887 -0.719268 -0.787142 -0.814845 -0.740729 -0.482044 -0.181533 -0.058242 -0.014250 -0.005762 -0.001002 -0.000000 -0.000000 -0.000000 
-0.000000 -0.000000 -0.000000 -0.000022 -0.000511 0.003705 0.025688 0.015344 -0.137081 -0.206103 -0.133128 -0.059118 -0.058748 -0.075670 -0.119084 -0.176795 -0.233974 -0.289388 -0.432888 -0.587093 -0.709430 -0.802601 -0.875956 -0.939004 -0.989893 -0.971265 -0.788382 -0.450693 -0.246592 -0.094451 -0.013651 -0.004462 -0.000000 -0.000000 -0.000000 
-0.000000 -0.000000 0.000062 0.000206 0.003712 0.033455 0.081056 0.059340 -0.110140 -0.169130 -0.081642 -0.030325 -0.024428 -0.028907 -0.050163 -0.099783 -0.205797 -0.433796 -0.631206 -0.758399 -0.846382 -0.910911 -0.964213 -1.018030 -1.074504 -1.084208 -0.954593 -0.656499 -0.460778 -0.291569 -0.095049 -0.009996 -0.002383 -0.000000 -0.000000 
-0.000000 -0.000000 0.000225 0.000729 0.025209 0.076227 0.124874 0.055465 -0.156597 -0.233054 -0.148278 -0.105429 -0.097038 -0.087752 -0.076882 -0.089536 -0.262881 -0.583088 -0.811427 -0.887787 -0.927624 -0.955622 -0.986448 -1.032230 -1.091987 -1.116248 -1.016118 -0.751732 -0.593502 -0.490237 -0.277469 -0.050993 -0.005848 -0.000000 -0.000000 
-0.000000 0.000069 0.000561 0.008561 0.053204 0.095046 0.094884 -0.007879 -0.224857 -0.306478 -0.224356 -0.178735 -0.171349 -0.164106 -0.154620 -0.198393 -0.438592 -0.721880 -0.920256 -0.962656 -0.935330 -0.947479 -0.974976 -1.019994 -1.079994 -1.100052 -0.996386 -0.751746 -0.643666 -0.604992 -0.460212 -0.185167 -0.011358 -0.001582 -0.000000 
-0.000000 0.000153 0.000972 0.023078 0.052396 0.053440 0.026558 -0.041463 -0.253455 -0.357813 -0.300822 -0.240942 -0.233367 -0.228109 -0.228906 -0.353677 -0.666658 -0.854784 -0.950369 -0.989419 -0.943438 -0.943075 -0.969692 -1.015911 -1.071645 -1.070921 -0.944991 -0.695782 -0.636819 -0.638205 -0.583138 -0.349061 -0.039411 -0.003610 -0.000000 
-0.000000 0.000207 0.001708 0.021255 0.010412 -0.007617 -0.026949 -0.052233 -0.239311 -0.383295 -0.370334 -0.299548 -0.282711 -0.257971 -0.240720 -0.430781 -0.782449 -0.868766 -0.909580 -1.013023 -0.980101 -0.953382 -0.975783 -1.021814 -1.059110 -1.019646 -0.853435 -0.626370 -0.623730 -0.633442 -0.624615 -0.473716 -0.117510 -0.005678 -0.000000 
-0.000000 0.000179 0.004323 0.001712 -0.046340 -0.056617 -0.067762 -0.079024 -0.180036 -0.354934 -0.422294 -0.347354 -0.251252 -0.172170 -0.154577 -0.432481 -0.772869 -0.783141 -0.810210 -0.937670 -0.957621 -0.976658 -1.024540 -1.046279 -1.033881 -0.930377 -0.722558 -0.595378 -0.609367 -0.623950 -0.624965 -0.552651 -0.203196 -0.007577 -0.000000 
-0.000000 0.000007 0.001989 -0.039124 -0.099710 -0.097967 -0.101873 -0.106463 -0.123779 -0.273937 -0.374863 -0.297171 -0.173940 -0.124841 -0.146242 -0.481210 -0.758614 -0.732557 -0.716218 -0.779874 -0.799647 -0.852615 -1.021405 -1.079058 -0.977716 -0.791093 -0.592962 -0.579186 -0.595914 -0.612369 -0.617502 -0.571467 -0.255099 -0.008805 -0.000000 
-0.000000 -0.000305 -0.004160 -0.081841 -0.149094 -0.136651 -0.132187 -0.130792 -0.129839 -0.133605 -0.159826 -0.194345 -0.200489 -0.186609 -0.201426 -0.545818 -0.821382 -0.810531 -0.801310 -0.839680 -0.748877 -0.679829 -0.823778 -0.936978 -0.856878 -0.636538 -0.559063 -0.567409 -0.584262 -0.602700 -0.607208 -0.564092 -0.262325 -0.008833 -0.000000 
-0.000000 -0.000654 -0.010996 -0.110893 -0.198739 -0.175376 -0.162963 -0.155411 -0.139240 -0.021080 0.034513 -0.043410 -0.148879 -0.198806 -0.249933 -0.589148 -0.906289 -0.908933 -0.918973 -0.931470 -0.765312 -0.580290 -0.528232 -0.575577 -0.624034 -0.610070 -0.557936 -0.559267 -0.575602 -0.591086 -0.590818 -0.531202 -0.225006 -0.007817 -0.000000 
-0.000000 -0.000831 -0.012768 -0.117628 -0.244955 -0.219918 -0.198393 -0.182421 -0.105105 0.014724 0.075366 0.069721 0.018989 -0.055763 -0.130429 -0.437611 -0.848878 -0.894377 -0.912690 -0.836842 -0.569777 -0.356768 -0.243236 -0.260061 -0.459813 -0.595808 -0.588937 -0.553637 -0.568015 -0.578717 -0.565680 -0.467319 -0.157157 -0.005984 -0.000000 
-0.000000 -0.000794 -0.008264 -0.092226 -0.259295 -0.275197 -0.242255 -0.213630 -0.081749 0.018358 0.056135 0.067955 0.073708 0.058770 0.030087 -0.160127 -0.552480 -0.710181 -0.719108 -0.570255 -0.298471 -0.180270 -0.133936 -0.150335 -0.347502 -0.550668 -0.605763 -0.553798 -0.557552 -0.558873 -0.517857 -0.351065 -0.079418 -0.004004 -0.000000 
-0.000000 -0.000590 -0.004096 -0.061909 -0.216004 -0.320865 -0.298802 -0.238937 -0.095276 -0.009289 0.021707 0.033197 0.036762 0.032717 0.024607 -0.048887 -0.337556 -0.598454 -0.598488 -0.397535 -0.211901 -0.155786 -0.127864 -0.124282 -0.267147 -0.502189 -0.602793 -0.561040 -0.539145 -0.521309 -0.420251 -0.226479 -0.024046 -0.002280 -0.000000 
-0.000000 -0.000304 -0.001835 -0.027552 -0.132885 -0.288092 -0.351732 -0.287109 -0.139151 -0.056471 -0.028712 -0.016951 -0.017008 -0.026810 -0.043556 -0.075823 -0.247272 -0.446717 -0.450388 -0.287526 -0.181339 -0.143968 -0.118135 -0.109953 -0.215845 -0.459008 -0.582079 -0.551411 -0.499596 -0.420838 -0.282302 -0.104111 -0.006445 -0.000900 -0.000000 
-0.000000 -0.000000 -0.000997 -0.006131 -0.060857 -0.187099 -0.304331 -0.314193 -0.207567 -0.127173 -0.097836 -0.086829 -0.089931 -0.104532 -0.124872 -0.131576 -0.136448 -0.170012 -0.158607 -0.132010 -0.131584 -0.115528 -0.094943 -0.087119 -0.181291 -0.422002 -0.544622 -0.487173 -0.381225 -0.278074 -0.145477 -0.025159 -0.002944 -0.000000 -0.000000 
-0.000000 -0.000000 -0.000383 -0.001517 -0.015977 -0.076854 -0.189013 -0.236083 -0.169182 -0.138323 -0.138591 -0.139947 -0.141882 -0.139525 -0.117936 -0.062902 0.029434 0.099917 0.111756 0.065500 0.018928 -0.003094 -0.007480 -0.008514 -0.111980 -0.336138 -0.427890 -0.345723 -0.234347 -0.139234 -0.042914 -0.004455 -0.001047 -0.000000 -0.000000 
-0.000000 -0.000000 -0.000000 -0.000536 -0.001699 -0.017088 -0.066792 -0.117786 -0.062475 -0.031688 -0.035707 -0.042204 -0.040085 -0.025475 0.015124 0.084521 0.176211 0.269347 0.275707 0.228729 0.186316 0.157701 0.145334 0.136148 -0.010475 -0.221305 -0.285957 -0.190059 -0.103413 -0.038627 -0.005354 -0.001691 -0.000000 -0.000000 -0.000000 
-0.000000 -0.000000 -0.000000 -0.000062 -0.000399 -0.000935 -0.007272 -0.019746 0.049111 0.110820 0.118562 0.112261 0.116768 0.137425 0.178398 0.234924 0.292526 0.317691 0.336425 0.338794 0.323943 0.307474 0.296927 0.274569 0.063087 -0.119479 -0.146212 -0.065519 -0.020701 -0.004909 -0.001879 -0.000292 -0.000000 -0.000000 -0.000000 
-0.000000 -0.000000 -0.000000 -0.000000 0.000030 0.000127 0.000783 0.003794 0.070382 0.199617 0.260330 0.267616 0.270761 0.285772 0.305663 0.315308 0.325156 0.338854 0.355615 0.374355 0.392305 0.402211 0.401281 0.302873 0.069612 -0.067476 -0.053433 -0.008908 -0.004197 -0.001801 -0.000342 -0.000000 -0.000000 -0.000000 -0.000000 
-0.000000 -0.000000 -0.000000 -0.000000 -0.000000 0.000206 0.000931 0.002832 0.026760 0.143985 0.275159 0.324142 0.327881 0.331257 0.336031 0.342279 0.351715 0.364211 0.380105 0.398102 0.416618 0.431455 0.402432 0.194167 0.003887 -0.051968 -0.017998 -0.003648 -0.001731 -0.000425 -0.000000 -0.000000 -0.000000 -0.000000 -0.000000 
-0.000000 -0.000000 -0.000000 -0.000000 -0.000000 -0.000000 0.000354 0.001730 0.005007 0.053846 0.181743 0.309688 0.358218 0.361713 0.366236 0.373575 0.383139 0.395499 0.411124 0.428461 0.445212 0.419773 0.244381 0.048087 -0.037505 -0.025416 -0.003337 -0.001671 -0.000509 -0.000000 -0.000000 -0.000000 -0.000000 -0.000000 -0.000000 
-0.000000 -0.000000 -0.000000 -0.000000 -0.000000 -0.000000 -0.000000 0.000513 0.002138 0.006140 0.059029 0.179946 0.300265 0.380048 0.405584 0.414839 0.425134 0.438532 0.452253 0.449785 0.385891 0.223569 0.056080 -0.025465 -0.022679 -0.002876 -0.001508 -0.000516 -0.000000 -0.000000 -0.000000 -0.000000 -0.000000 -0.000000 -0.000000 
-0.000000 -0.000000 -0.000000 -0.000000 -0.000000 -0.000000 -0.000000 -0.000000 0.000359 0.001951 0.004944 0.032492 0.121727 0.226764 0.306472 0.350903 0.371252 0.373499 0.342595 0.259786 0.130519 0.025178 -0.018227 -0.010455 -0.001681 -0.001097 -0.000338 -0.000000 -0.000000 -0.000000 -0.000000 -0.000000 -0.000000 -0.000000 -0.000000 
-0.000000 -0.000000 -0.000000 -0.000000 -0.000000 -0.000000 -0.000000 -0.000000 -0.000000 -0.000000 0.001157 0.003030 0.006311 0.024414 0.072476 0.114351 0.129910 0.115469 0.074135 0.027673 -0.000935 -0.003037 -0.000445 -0.000638 -0.000474 -0.000000 -0.000000 -0.000000 -0.000000 -0.000000 -0.000000 -0.000000 -0.000000 -0.000000 -0.000000 
-0.000000 -0.000000 -0.000000 -0.000000 -0.000000 -0.000000 -0.000000 -0.000000 -0.000000 -0.000000 -0.000000 -0.000000 0.000831 0.001919 0.003028 0.003886 0.004202 0.003770 0.002748 0.001556 0.000594 0.000042 -0.000125 -0.000000 -0.000000 -0.000000 -0.000000 -0.000000 -0.000000 -0.000000 -0.000000 -0.000000 -0.000000 -0.000000 -0.000000 
-0.000000 -0.000000 -0.000000 -0.000000 -0.000000 -0.000000 -0.000000 -0.000000 -0.000000 -0.000000 -0.000000 -0.000000 -0.000000 -0.000000 -0.000000 -0.000000 -0.000000 -0.000000 -0.000000 -0.000000 -0.000000 -0.000000 -0.000000 -0.000000 -0.000000 -0.000000 -0.000000 -0.000000 -0.000000 -0.000000 -0.000000 -0.000000 -0.000000 -0.000000 -0.000000 
