0.000000 0.000000 0.000000 0.000000 0.000000 0.000000 0.000000 0.000000 0.000000 0.000000 0.000000 0.000000 0.000000 0.000000 0.000000 0.000000 0.000000 -0.000000 -0.000093 0.000000 0.000000 0.000000 0.000000 0.000000 0.000000 0.000000 0.000000 0.000000 0.000000 0.000000 0.000000 0.000000 0.000000 0.000000 0.000000 
0.000000 0.000000 0.000000 0.000000 0.000000 0.000000 0.000000 0.000000 0.000000 0.000000 0.000000 0.000000 0.000000 -0.000406 -0.000867 -0.001310 -0.001687 -0.001920 -0.001917 -0.001702 -0.001349 -0.000980 -0.000640 -0.000312 0.000000 0.000000 0.000000 0.000000 0.000000 0.000000 0.000000 0.000000 0.000000 0.000000 0.000000 
0.000000 0.000000 0.000000 0.000000 0.000000 0.000000 0.000000 0.000000 0.000000 0.000000 -0.000013 -0.000621 -0.001446 -0.002638 -0.008102 -0.020695 -0.030542 -0.033898 -0.031688 -0.026290 -0.020232 -0.013266 -0.005256 -0.001575 -0.000886 -0.000419 -0.000010 0.000000 0.000000 0.000000 0.000000 0.000000 0.000000 0.000000 0.000000 
0.000000 0.000000 0.000000 0.000000 0.000000 0.000000 0.000000 0.000000 0.000000 -0.000306 -0.001226 -0.002550 -0.010605 -0.028511 -0.038903 -0.031053 -0.007441 0.019692 0.036199 0.038786 0.027927 0.011916 -0.003057 -0.009505 -0.005574 -0.001353 -0.000732 -0.000211 0.000000 0.000000 0.000000 0.000000 0.000000 0.000000 0.000000 
0.000000 0.000000 0.000000 0.000000 0.000000 0.000000 0.000000 0.000000 -0.000525 -0.001792 -0.003837 -0.017818 -0.037399 -0.035394 -0.001730 0.046738 0.083209 0.102325 0.112020 0.118359 0.117420 0.100954 0.066643 0.026009 -0.001473 -0.006766 -0.001945 -0.001013 -0.000349 0.000000 0.000000 0.000000 0.000000 0.000000 0.000000 
0.000000 0.000000 0.000000 0.000000 0.000000 0.000000 0.000000 -0.000699 -0.002265 -0.004521 -0.018631 -0.039345 -0.032847 0.004676 0.053048 0.079187 0.089205 0.095480 0.099954 0.106099 0.112109 0.117947 0.113135 0.085894 0.042035 0.003178 -0.006527 -0.002348 -0.001303 -0.000450 0.000000 0.000000 0.000000 0.000000 0.000000 
0.000000 0.000000 0.000000 0.000000 0.000000 0.000000 -0.000792 -0.002651 -0.005180 -0.014413 -0.037987 -0.038754 -0.007081 0.040670 0.063074 0.069775 0.073608 0.077215 0.081274 0.086014 0.091791 0.099231 0.107570 0.106554 0.080909 0.037173 -0.000738 -0.006273 -0.002922 -0.001607 -0.000522 0.000000 0.000000 0.000000 0.000000 
0.000000 0.000000 0.000000 0.000000 0.000000 -0.000706 -0.002792 -0.005758 -0.011359 -0.044159 -0.077766 -0.076774 -0.040336 -0.004886 0.022014 0.049511 0.058178 0.061082 0.065001 0.069487 0.074760 0.076356 0.067801 0.063665 0.054599 0.029560 -0.002758 -0.016862 -0.006613 -0.003480 -0.001774 -0.000484 0.000000 0.000000 0.000000 
0.000000 0.000000 0.000000 0.000000 -0.000436 -0.002571 -0.006201 -0.027129 -0.079185 -0.151172 -0.185797 -0.170182 -0.130748 -0.116865 -0.098441 -0.064308 -0.011401 0.040674 0.053056 0.051113 0.021445 -0.003680 -0.014154 -0.011597 -0.005827 -0.021299 -0.051304 -0.071169 -0.050325 -0.018566 -0.003976 -0.001716 -0.000326 0.000000 0.000000 
0.000000 0.000000 0.000000 -0.000037 -0.001842 -0.006019 -0.042505 -0.116288 -0.190461 -0.232696 -0.222519 -0.176229 -0.142333 -0.140746 -0.144739 -0.144229 -0.118404 -0.053676 0.008340 -0.014383 -0.038585 -0.039551 -0.027970 -0.012113 0.001236 -0.006375 -0.044935 -0.091087 -0.107355 -0.074769 -0.029867 -0.004063 -0.001298 -0.000037 0.000000 
0.000000 0.000000 0.000000 -0.000841 -0.004031 -0.040469 -0.131922 -0.204966 -0.226952 -0.208938 -0.154819 -0.084084 -0.055801 -0.060077 -0.083445 -0.118413 -0.149492 -0.154094 -0.129666 -0.066025 -0.030015 0.005950 0.037149 0.061526 0.077190 0.075170 0.029180 -0.037388 -0.094849 -0.110048 -0.082409 -0.029330 -0.002773 -0.000645 0.000000 
0.000000 0.000000 0.000000 -0.002041 -0.020129 -0.117328 -0.208222 -0.212701 -0.169950 -0.127495 -0.086428 -0.032180 -0.014620 -0.016318 -0.029444 -0.054067 -0.101913 -0.192188 -0.217875 -0.089232 0.029735 0.067152 0.082007 0.093927 0.106115 0.113161 0.085677 0.039824 -0.023230 -0.075847 -0.104949 -0.074137 -0.015634 -0.001475 0.000000 
0.000000 0.000000 -0.000458 -0.003866 -0.070545 -0.187857 -0.218256 -0.160814 -0.129513 -0.113047 -0.077078 -0.024061 -0.005929 -0.006552 -0.017272 -0.036391 -0.087857 -0.172514 -0.189437 -0.099186 0.035879 0.080150 0.089288 0.099761 0.111479 0.119035 0.090911 0.048266 0.011858 -0.011760 -0.068850 -0.096242 -0.049080 -0.002743 -0.000374 
0.000000 0.000000 -0.001024 -0.012816 -0.129023 -0.215310 -0.188270 -0.147242 -0.120065 -0.106719 -0.077142 -0.028781 -0.005026 -0.002948 -0.011049 -0.031085 -0.089423 -0.138126 -0.140076 -0.112195 0.010288 0.083915 0.094330 0.104624 0.115779 0.120310 0.088901 0.045945 0.013451 0.003264 -0.018150 -0.077197 -0.075206 -0.010267 -0.000784 
0.000000 0.000000 -0.001569 -0.036522 -0.168433 -0.209377 -0.182727 -0.146871 -0.115343 -0.105189 -0.087244 -0.044821 -0.010395 -0.002773 -0.006191 -0.023127 -0.063989 -0.093675 -0.104981 -0.116211 -0.006902 0.084179 0.099245 0.110385 0.121139 0.116134 0.077465 0.036051 0.010205 0.003443 -0.004793 -0.038791 -0.078406 -0.027831 -0.001128 
0.000000 0.000000 -0.002001 -0.059903 -0.182117 -0.206577 -0.187867 -0.149805 -0.117735 -0.104686 -0.097439 -0.067468 -0.024689 -0.010377 -0.009363 -0.021851 -0.079084 -0.123050 -0.161262 -0.182474 -0.077898 0.051985 0.072667 0.097672 0.121139 0.102674 0.058396 0.021193 0.006144 0.000567 -0.006006 -0.018354 -0.063833 -0.040096 -0.001346 
0.000000 -0.000011 -0.002235 -0.071135 -0.181966 -0.212072 -0.193570 -0.154848 -0.124655 -0.105250 -0.101830 -0.093856 -0.068807 -0.042835 -0.033755 -0.046504 -0.111978 -0.160985 -0.202698 -0.228770 -0.135578 0.005085 0.017478 0.038913 0.064870 0.061998 0.032303 0.006618 0.000369 -0.003767 -0.009428 -0.014999 -0.049334 -0.041219 -0.001389 
0.000026 -0.000048 -0.002182 -0.067726 -0.173350 -0.216313 -0.200821 -0.163413 -0.133032 -0.112888 -0.109594 -0.130529 -0.116651 -0.070288 -0.054253 -0.043906 -0.092817 -0.143843 -0.183174 -0.204104 -0.103583 0.026297 0.011287 0.000021 -0.033147 -0.038201 -0.010047 -0.003379 -0.006279 -0.009702 -0.014109 -0.017438 -0.040149 -0.033479 -0.001222 
-0.000025 -0.000028 -0.001902 -0.053851 -0.155799 -0.212508 -0.208967 -0.173762 -0.143230 -0.126067 -0.148033 -0.146852 -0.113793 -0.088245 -0.076072 -0.052868 -0.081873 -0.131980 -0.162595 -0.172034 -0.054568 0.055270 0.014660 -0.033781 -0.096632 -0.127148 -0.085570 -0.019150 -0.013689 -0.016304 -0.019575 -0.020367 -0.034687 -0.022005 -0.000961 
0.000008 0.000000 -0.001506 -0.037016 -0.128409 -0.196377 -0.214884 -0.186306 -0.155849 -0.161499 -0.173576 -0.147709 -0.103581 -0.093096 -0.089579 -0.062314 -0.076852 -0.138102 -0.162772 -0.146287 -0.011651 0.046752 -0.021671 -0.075027 -0.123780 -0.162664 -0.142944 -0.069070 -0.021611 -0.023271 -0.024733 -0.022752 -0.028916 -0.012627 -0.000710 
0.000000 0.000000 -0.001115 -0.020709 -0.093887 -0.166676 -0.210036 -0.197539 -0.174203 -0.197026 -0.187784 -0.137823 -0.102480 -0.107058 -0.115599 -0.110160 -0.104530 -0.153856 -0.181655 -0.131631 -0.022449 -0.024157 -0.069087 -0.096648 -0.122116 -0.163912 -0.176204 -0.119731 -0.034501 -0.029625 -0.028280 -0.023613 -0.019912 -0.006708 -0.000522 
0.000000 0.000000 -0.000737 -0.007439 -0.061607 -0.126417 -0.186347 -0.200365 -0.202490 -0.225481 -0.198757 -0.135775 -0.110294 -0.117230 -0.131262 -0.144622 -0.147729 -0.182715 -0.200103 -0.122056 -0.044624 -0.055647 -0.075999 -0.095141 -0.118414 -0.158446 -0.192770 -0.155740 -0.062723 -0.033811 -0.030246 -0.018748 -0.013584 -0.002816 -0.000362 
0.000000 0.000000 -0.000366 -0.002275 -0.033560 -0.089729 -0.144649 -0.183315 -0.218365 -0.244580 -0.210366 -0.141856 -0.122588 -0.129103 -0.141988 -0.158604 -0.161420 -0.151620 -0.119727 -0.067462 -0.043511 -0.061841 -0.076267 -0.094558 -0.117722 -0.154978 -0.201382 -0.176481 -0.084548 -0.036082 -0.024123 -0.016963 -0.009876 -0.001140 -0.000197 
0.000000 0.000000 0.000000 -0.001264 -0.010919 -0.054832 -0.102990 -0.145859 -0.206164 -0.248078 -0.219132 -0.152417 -0.134791 -0.140356 -0.150342 -0.158728 -0.148167 -0.110537 -0.064665 -0.033229 -0.041316 -0.063383 -0.078683 -0.096968 -0.120095 -0.156745 -0.206210 -0.184636 -0.090525 -0.029640 -0.021157 -0.016138 -0.004807 -0.000728 0.000000 
0.000000 0.000000 0.000000 -0.000588 -0.002237 -0.021557 -0.064382 -0.105682 -0.168455 -0.228181 -0.216271 -0.158779 -0.138186 -0.139769 -0.139443 -0.132714 -0.114905 -0.081966 -0.046243 -0.029744 -0.042177 -0.058926 -0.076723 -0.098084 -0.122598 -0.162784 -0.207418 -0.178281 -0.079708 -0.028622 -0.021975 -0.009830 -0.001450 -0.000375 0.000000 
0.000000 0.000000 0.000000 -0.000013 -0.001132 -0.003594 -0.023994 -0.061301 -0.117754 -0.191083 -0.198933 -0.154615 -0.125195 -0.124587 -0.117605 -0.104630 -0.082677 -0.055727 -0.034067 -0.040828 -0.054006 -0.069088 -0.085629 -0.107819 -0.131748 -0.177766 -0.209065 -0.165341 -0.065554 -0.026519 -0.012605 -0.002581 -0.000828 -0.000010 0.000000 
0.000000 0.000000 0.000000 0.000000 -0.000306 -0.001652 -0.004139 -0.017180 -0.053116 -0.129179 -0.162891 -0.137222 -0.096773 -0.094533 -0.086010 -0.070068 -0.049065 -0.034147 -0.037775 -0.045755 -0.061637 -0.080465 -0.100888 -0.123955 -0.147352 -0.196549 -0.202139 -0.131044 -0.037599 -0.011502 -0.003433 -0.001352 -0.000241 0.000000 0.000000 
0.000000 0.000000 0.000000 0.000000 0.000000 -0.000509 -0.002038 -0.004429 -0.009510 -0.054228 -0.103373 -0.100292 -0.063520 -0.047648 -0.043233 -0.035780 -0.037636 -0.042661 -0.049174 -0.057220 -0.067393 -0.081679 -0.104280 -0.127645 -0.160905 -0.191603 -0.159331 -0.068601 -0.009683 -0.004233 -0.001840 -0.000461 0.000000 0.000000 0.000000 
0.000000 0.000000 0.000000 0.000000 0.000000 0.000000 -0.000653 -0.002258 -0.004507 -0.018589 -0.061996 -0.082370 -0.062628 -0.035370 -0.038581 -0.046341 -0.052326 -0.057918 -0.065132 -0.074150 -0.085865 -0.099666 -0.115036 -0.134816 -0.167496 -0.161013 -0.095685 -0.023611 -0.004855 -0.002232 -0.000606 0.000000 0.000000 0.000000 0.000000 
0.000000 0.000000 0.000000 0.000000 0.000000 0.000000 0.000000 -0.000702 -0.002194 -0.004390 -0.026222 -0.063970 -0.078133 -0.064228 -0.051050 -0.057428 -0.068550 -0.077405 -0.085455 -0.096152 -0.107347 -0.118930 -0.134844 -0.157658 -0.154107 -0.103280 -0.035875 -0.005227 -0.002344 -0.000675 0.000000 0.000000 0.000000 0.000000 0.000000 
0.000000 0.000000 0.000000 0.000000 0.000000 0.000000 0.000000 0.000000 -0.000611 -0.001894 -0.003968 -0.023912 -0.055727 -0.073903 -0.073903 -0.070337 -0.075506 -0.087479 -0.099414 -0.109800 -0.120387 -0.134144 -0.144840 -0.132152 -0.088319 -0.033195 -0.004999 -0.002132 -0.000585 0.000000 0.000000 0.000000 0.000000 0.000000 0.000000 
0.000000 0.000000 0.000000 0.000000 0.000000 0.000000 0.000000 0.000000 0.000000 -0.000377 -0.001321 -0.002527 -0.012356 -0.036047 -0.057531 -0.072342 -0.082954 -0.093153 -0.102894 -0.112034 -0.116257 -0.110903 -0.089312 -0.052887 -0.016418 -0.003278 -0.001521 -0.000372 0.000000 0.000000 0.000000 0.000000 0.000000 0.000000 0.000000 
0.000000 0.000000 0.000000 0.000000 0.000000 0.000000 0.000000 0.000000 0.000000 0.000000 -0.000033 -0.000631 -0.001325 -0.002297 -0.007693 -0.020602 -0.033077 -0.042901 -0.049473 -0.049458 -0.041903 -0.026825 -0.010019 -0.003115 -0.001695 -0.000720 -0.000034 0.000000 0.000000 0.000000 0.000000 0.000000 0.000000 0.000000 0.000000 
0.000000 0.000000 0.000000 0.000000 0.000000 0.000000 0.000000 0.000000 0.000000 0.000000 0.000000 0.000000 0.000000 -0.000333 -0.000665 -0.000971 -0.001244 -0.001498 -0.001668 -0.001695 -0.001541 -0.001246 -0.000842 -0.000396 0.000000 0.000000 0.000000 0.000000 0.000000 0.000000 0.000000 0.000000 0.000000 0.000000 0.000000 
0.000000 0.000000 0.000000 0.000000 0.000000 0.000000 0.000000 0.000000 0.000000 0.000000 0.000000 0.000000 0.000000 0.000000 0.000000 0.000000 0.000000 -0.000000 -0.000014 0.000000 0.000000 0.000000 0.000000 0.000000 0.000000 0.000000 0.000000 0.000000 0.000000 0.000000 0.000000 0.000000 0.000000 0.000000 0.000000 
