0.000000 0.000000 0.000000 0.000000 0.000000 0.000000 0.000000 0.000000 0.000000 0.000000 0.000000 0.000000 0.000000 0.000000 0.000000 0.000000 -0.000103 -0.000114 -0.000029 0.000000 0.000000 0.000000 0.000000 0.000000 0.000000 0.000000 0.000000 0.000000 0.000000 0.000000 0.000000 0.000000 0.000000 0.000000 0.000000 
0.000000 0.000000 0.000000 0.000000 0.000000 0.000000 0.000000 0.000000 0.000000 0.000000 0.000000 0.000000 -0.000665 -0.001376 -0.001993 -0.002431 -0.002432 -0.001903 -0.001137 -0.000407 0.000054 0.000209 0.000132 0.000000 0.000000 0.000000 0.000000 0.000000 0.000000 0.000000 0.000000 0.000000 0.000000 0.000000 0.000000 
0.000000 0.000000 0.000000 0.000000 0.000000 0.000000 0.000000 0.000000 0.000000 -0.000025 -0.001057 -0.002324 -0.004129 -0.012525 -0.029894 -0.035245 -0.018398 0.009583 0.031346 0.038168 0.028971 0.010446 0.002052 0.001040 0.000452 0.000012 0.000000 0.000000 0.000000 0.000000 0.000000 0.000000 0.000000 0.000000 0.000000 
0.000000 0.000000 0.000000 0.000000 0.000000 0.000000 0.000000 0.000000 -0.000578 -0.002066 -0.004069 -0.017096 -0.040950 -0.040324 0.017654 0.129462 0.240463 0.308713 0.327958 0.299914 0.238010 0.161849 0.084051 0.021827 0.002634 0.001052 0.000199 0.000000 0.000000 0.000000 0.000000 0.000000 0.000000 0.000000 0.000000 
0.000000 0.000000 0.000000 0.000000 0.000000 0.000000 0.000000 -0.001045 -0.003263 -0.006710 -0.028149 -0.052005 -0.017697 0.119297 0.303550 0.426196 0.487196 0.524425 0.555742 0.573951 0.551485 0.456906 0.306068 0.161172 0.049379 0.004642 0.001517 0.000366 0.000000 0.000000 0.000000 0.000000 0.000000 0.000000 0.000000 
0.000000 0.000000 0.000000 0.000000 0.000000 0.000000 -0.001514 -0.004547 -0.008771 -0.031298 -0.055660 -0.009495 0.132819 0.313830 0.399364 0.439738 0.474485 0.504620 0.536225 0.566422 0.595359 0.601269 0.533253 0.390768 0.195904 0.052274 0.004420 0.001532 0.000321 0.000000 0.000000 0.000000 0.000000 0.000000 0.000000 
0.000000 0.000000 0.000000 0.000000 0.000000 -0.001858 -0.005744 -0.010974 -0.027612 -0.058818 -0.032563 0.080454 0.263198 0.343481 0.382348 0.414596 0.443841 0.473420 0.503814 0.535489 0.567977 0.599594 0.611425 0.535463 0.387957 0.171116 0.028965 0.003004 0.000970 0.000168 0.000000 0.000000 0.000000 0.000000 0.000000 
0.000000 0.000000 0.000000 0.000000 -0.001768 -0.006223 -0.012765 -0.026637 -0.096066 -0.163647 -0.162232 -0.039963 0.088936 0.198399 0.325595 0.381425 0.411192 0.440364 0.470881 0.503333 0.534523 0.559857 0.582943 0.571302 0.474659 0.305642 0.091135 0.005150 0.001143 0.000116 -0.000028 0.000000 0.000000 0.000000 0.000000 
0.000000 0.000000 0.000000 -0.001040 -0.005608 -0.013962 -0.076035 -0.237443 -0.454977 -0.583965 -0.564751 -0.427244 -0.371274 -0.289282 -0.151113 0.064007 0.318974 0.405170 0.435961 0.442559 0.445088 0.456273 0.478127 0.503140 0.448242 0.326492 0.128133 -0.014265 -0.009439 -0.000964 -0.000661 -0.000216 0.000000 0.000000 0.000000 
0.000000 0.000000 -0.000150 -0.003893 -0.013369 -0.124589 -0.368851 -0.657683 -0.800890 -0.815530 -0.710365 -0.593669 -0.569604 -0.547538 -0.506454 -0.393827 -0.149693 0.205859 0.347587 0.346558 0.356603 0.375649 0.408409 0.442178 0.427662 0.324630 0.144420 -0.055125 -0.064257 -0.024154 -0.002594 -0.000982 0.000020 0.000000 0.000000 
0.000000 0.000000 -0.001700 -0.007931 -0.117222 -0.408717 -0.731707 -0.860579 -0.851970 -0.772998 -0.608317 -0.511869 -0.496473 -0.515038 -0.559970 -0.597868 -0.546846 -0.317630 0.099076 0.291806 0.335370 0.377650 0.419721 0.458241 0.467626 0.370823 0.192900 -0.048795 -0.114133 -0.077936 -0.027349 -0.002480 -0.000705 0.000000 0.000000 
0.000000 0.000000 -0.003368 -0.054045 -0.341468 -0.717910 -0.847824 -0.833427 -0.781027 -0.698228 -0.537088 -0.453819 -0.424378 -0.416093 -0.439830 -0.528835 -0.687723 -0.701479 -0.317856 0.203287 0.355255 0.394518 0.432478 0.470576 0.490745 0.409496 0.249292 0.006013 -0.102225 -0.106799 -0.070190 -0.015787 -0.001647 0.000000 0.000000 
0.000000 -0.000597 -0.005730 -0.192324 -0.572653 -0.836869 -0.840586 -0.827899 -0.772901 -0.688086 -0.529387 -0.443925 -0.414938 -0.406026 -0.416067 -0.472613 -0.604344 -0.753532 -0.650448 -0.065741 0.334535 0.390153 0.431815 0.472443 0.492768 0.411687 0.248840 0.019275 -0.059449 -0.077623 -0.086363 -0.047177 -0.003112 -0.000496 0.000000 
0.000000 -0.000929 -0.026935 -0.332112 -0.751494 -0.871371 -0.865438 -0.827806 -0.766937 -0.683267 -0.538508 -0.439593 -0.410162 -0.401373 -0.417804 -0.487527 -0.548673 -0.619302 -0.771911 -0.407559 0.236092 0.384457 0.431224 0.474529 0.487154 0.396158 0.221134 -0.005493 -0.050080 -0.039516 -0.057344 -0.060568 -0.011065 -0.001005 0.000000 
0.000000 -0.000580 -0.073738 -0.425130 -0.854182 -0.912100 -0.874606 -0.831742 -0.771460 -0.693878 -0.567394 -0.446649 -0.413527 -0.416213 -0.460792 -0.553578 -0.625719 -0.713847 -0.883585 -0.798302 -0.027016 0.337127 0.424045 0.475682 0.469600 0.359224 0.164466 -0.039176 -0.044338 -0.029350 -0.017753 -0.041045 -0.024995 -0.001319 0.000000 
0.000000 0.000516 -0.093315 -0.488313 -0.926347 -0.929234 -0.885473 -0.839952 -0.784568 -0.711027 -0.612145 -0.488459 -0.451039 -0.453208 -0.512934 -0.594771 -0.680061 -0.817605 -0.964381 -1.091263 -0.457320 0.102325 0.271919 0.424133 0.428317 0.285574 0.073370 -0.045407 -0.037212 -0.021079 0.001917 -0.002148 -0.023295 -0.001294 0.000000 
0.000380 0.002245 -0.068342 -0.537509 -0.960795 -0.943702 -0.897672 -0.852035 -0.806142 -0.741627 -0.677633 -0.558796 -0.445590 -0.428766 -0.502414 -0.609008 -0.721756 -0.857349 -0.991267 -1.149632 -0.662175 -0.089187 0.023374 0.180521 0.260445 0.161114 -0.026998 -0.041239 -0.029508 -0.011030 0.014500 0.030606 -0.004399 -0.000889 -0.000169 
0.000292 0.004069 -0.007945 -0.531644 -0.974008 -0.957622 -0.913273 -0.867998 -0.827118 -0.796858 -0.726381 -0.576007 -0.442040 -0.459566 -0.550251 -0.613350 -0.726733 -0.859211 -0.980109 -1.086471 -0.670753 -0.123285 -0.102331 -0.109870 -0.117025 -0.080452 -0.052088 -0.035227 -0.018824 0.002157 0.029504 0.057686 0.021875 -0.000184 0.000012 
0.000336 0.005068 0.054704 -0.443161 -0.973304 -0.969329 -0.928887 -0.887562 -0.855388 -0.831707 -0.722665 -0.595622 -0.565183 -0.575158 -0.606416 -0.624046 -0.727306 -0.842488 -0.960561 -0.984770 -0.556220 -0.136657 -0.246876 -0.406835 -0.481853 -0.344881 -0.080208 -0.026308 -0.006003 0.019027 0.049055 0.082186 0.042086 0.000387 -0.000047 
0.000000 0.004866 0.085942 -0.266231 -0.921480 -0.975146 -0.945113 -0.907936 -0.884261 -0.807252 -0.690080 -0.686522 -0.761249 -0.775556 -0.740828 -0.693667 -0.746070 -0.836507 -0.941397 -0.870123 -0.474627 -0.337016 -0.528594 -0.664093 -0.646124 -0.490308 -0.208583 -0.014185 0.012749 0.041364 0.075468 0.106196 0.044768 0.000613 0.000000 
0.000000 0.003793 0.069060 -0.052861 -0.730211 -0.967341 -0.955071 -0.927502 -0.889508 -0.768500 -0.669817 -0.758911 -0.887538 -0.984339 -1.038033 -0.985313 -0.967985 -1.061419 -1.107131 -0.977424 -0.631393 -0.608890 -0.687116 -0.720261 -0.685947 -0.565397 -0.321465 -0.009775 0.036830 0.069054 0.111551 0.120052 0.028232 0.000531 0.000000 
0.000000 0.002375 0.025893 0.070553 -0.370252 -0.861792 -0.950934 -0.940849 -0.881215 -0.735354 -0.679489 -0.805816 -0.931168 -1.044416 -1.146700 -1.193070 -1.208703 -1.277433 -1.185659 -0.902907 -0.639964 -0.633313 -0.672753 -0.705678 -0.692167 -0.593686 -0.380192 -0.042190 0.068860 0.107782 0.150571 0.099151 0.007156 0.000291 0.000000 
0.000000 0.000994 0.006439 0.076812 -0.053997 -0.511235 -0.856658 -0.930974 -0.865283 -0.717888 -0.693635 -0.832027 -0.955187 -1.066246 -1.165127 -1.243179 -1.209439 -1.083850 -0.877125 -0.667181 -0.560393 -0.599302 -0.640317 -0.675254 -0.672066 -0.581058 -0.387733 -0.051910 0.112888 0.160645 0.141387 0.049032 0.000422 0.000078 0.000000 
0.000000 0.000000 0.002970 0.026953 0.058278 -0.156467 -0.484406 -0.750852 -0.823003 -0.697321 -0.692868 -0.837113 -0.959260 -1.066726 -1.147960 -1.176814 -1.063379 -0.803001 -0.605172 -0.491884 -0.502498 -0.555118 -0.598037 -0.633962 -0.631591 -0.542351 -0.352971 -0.003959 0.168260 0.153736 0.078489 0.007432 -0.000266 0.000000 0.000000 
0.000000 0.000000 0.001082 0.003978 0.033903 0.022028 -0.161768 -0.374132 -0.493430 -0.489125 -0.555673 -0.735387 -0.852240 -0.917206 -0.918131 -0.868076 -0.784307 -0.653341 -0.497825 -0.419790 -0.441884 -0.486743 -0.531476 -0.567673 -0.552781 -0.457639 -0.267608 0.048595 0.139388 0.078506 0.015065 -0.001353 -0.000322 0.000000 0.000000 
0.000000 0.000000 0.000007 0.001456 0.003833 0.022223 0.003687 -0.115771 -0.200539 -0.175003 -0.201433 -0.378001 -0.502505 -0.576947 -0.607065 -0.605045 -0.586716 -0.554390 -0.507827 -0.491010 -0.481758 -0.492717 -0.513544 -0.539810 -0.508621 -0.426918 -0.247119 0.019659 0.049918 0.009199 -0.002696 -0.001276 -0.000107 0.000000 0.000000 
0.000000 0.000000 0.000000 0.000224 0.001102 0.001761 0.007641 -0.000933 -0.033460 -0.003493 0.022679 -0.118962 -0.256230 -0.351985 -0.410492 -0.437856 -0.442832 -0.478967 -0.533165 -0.568159 -0.579748 -0.591066 -0.604873 -0.618633 -0.559852 -0.465847 -0.242314 -0.024315 -0.005986 -0.004956 -0.002168 -0.000470 0.000000 0.000000 0.000000 
0.000000 0.000000 0.000000 0.000000 0.000103 0.000342 -0.000088 -0.001368 0.004130 0.057096 0.136542 0.082619 -0.074070 -0.179660 -0.258702 -0.332254 -0.401768 -0.463067 -0.517617 -0.566368 -0.614879 -0.653702 -0.680836 -0.660366 -0.583064 -0.430008 -0.162048 -0.019686 -0.007823 -0.003250 -0.000853 0.000000 0.000000 0.000000 0.000000 
0.000000 0.000000 0.000000 0.000000 0.000000 -0.000052 -0.000303 -0.001071 -0.002745 0.020609 0.096138 0.139381 0.023050 -0.112397 -0.217765 -0.306068 -0.381128 -0.445577 -0.502763 -0.554075 -0.599150 -0.634893 -0.643917 -0.584223 -0.478982 -0.255356 -0.058253 -0.010503 -0.004383 -0.001188 0.000000 0.000000 0.000000 0.000000 0.000000 
0.000000 0.000000 0.000000 0.000000 0.000000 0.000000 -0.000145 -0.000615 -0.001361 0.000114 0.035778 0.097644 0.091866 -0.041341 -0.169982 -0.265625 -0.345986 -0.417070 -0.475046 -0.525938 -0.568498 -0.580030 -0.535797 -0.446803 -0.272685 -0.093112 -0.012541 -0.005078 -0.001350 0.000000 0.000000 0.000000 0.000000 0.000000 0.000000 
0.000000 0.000000 0.000000 0.000000 0.000000 0.000000 0.000000 -0.000169 -0.000639 -0.001150 0.001381 0.033933 0.080356 0.056424 -0.062652 -0.192853 -0.290972 -0.366517 -0.426249 -0.466516 -0.467957 -0.423880 -0.338074 -0.223997 -0.087817 -0.012806 -0.005040 -0.001249 0.000000 0.000000 0.000000 0.000000 0.000000 0.000000 0.000000 
0.000000 0.000000 0.000000 0.000000 0.000000 0.000000 0.000000 0.000000 -0.000124 -0.000449 -0.000700 -0.000929 0.015607 0.047456 0.047110 -0.016458 -0.097598 -0.172236 -0.219301 -0.237433 -0.227295 -0.197213 -0.131023 -0.045194 -0.008920 -0.003990 -0.000965 0.000000 0.000000 0.000000 0.000000 0.000000 0.000000 0.000000 0.000000 
0.000000 0.000000 0.000000 0.000000 0.000000 0.000000 0.000000 0.000000 0.000000 -0.000078 -0.000279 -0.000451 -0.000489 0.000077 0.006860 0.014175 0.006077 -0.021609 -0.052527 -0.067653 -0.057612 -0.026222 -0.008684 -0.004886 -0.002177 0.000020 0.000000 0.000000 0.000000 0.000000 0.000000 0.000000 0.000000 0.000000 0.000000 
0.000000 0.000000 0.000000 0.000000 0.000000 0.000000 0.000000 0.000000 0.000000 0.000000 0.000000 0.000000 -0.000135 -0.000269 -0.000408 -0.000689 -0.001238 -0.002166 -0.003075 -0.003535 -0.003317 -0.002504 -0.001267 0.000000 0.000000 0.000000 0.000000 0.000000 0.000000 0.000000 0.000000 0.000000 0.000000 0.000000 0.000000 
0.000000 0.000000 0.000000 0.000000 0.000000 0.000000 0.000000 0.000000 0.000000 0.000000 0.000000 0.000000 0.000000 0.000000 0.000000 0.000000 0.000197 -0.000072 0.000047 0.000000 0.000000 0.000000 0.000000 0.000000 0.000000 0.000000 0.000000 0.000000 0.000000 0.000000 0.000000 0.000000 0.000000 0.000000 0.000000 
