0.000000 0.000000 0.000000 0.000000 0.000000 0.000000 0.000000 0.000000 0.000000 0.000000 0.000000 0.000000 0.000000 0.000000 0.000000 0.000000 0.000048 0.000031 0.000123 0.000000 0.000000 0.000000 0.000000 0.000000 0.000000 0.000000 0.000000 0.000000 0.000000 0.000000 0.000000 0.000000 0.000000 0.000000 0.000000 
0.000000 0.000000 0.000000 0.000000 0.000000 0.000000 0.000000 0.000000 0.000000 0.000000 0.000000 0.000000 0.000044 0.000260 0.000638 0.001172 0.001797 0.002283 0.002394 0.002146 0.001676 0.001111 0.000517 0.000000 0.000000 0.000000 0.000000 0.000000 0.000000 0.000000 0.000000 0.000000 0.000000 0.000000 0.000000 
0.000000 0.000000 0.000000 0.000000 0.000000 0.000000 0.000000 0.000000 0.000000 0.000009 -0.000007 0.000244 0.001154 0.009735 0.039202 0.080301 0.118575 0.140162 0.133631 0.102914 0.058228 0.018210 0.004205 0.002085 0.000883 0.000002 0.000000 0.000000 0.000000 0.000000 0.000000 0.000000 0.000000 0.000000 0.000000 
0.000000 0.000000 0.000000 0.000000 0.000000 0.000000 0.000000 0.000000 -0.000091 -0.000054 0.000482 0.011987 0.060552 0.137122 0.227681 0.316684 0.386079 0.424606 0.432440 0.399566 0.320992 0.215219 0.107344 0.027711 0.003972 0.001725 0.000408 0.000000 0.000000 0.000000 0.000000 0.000000 0.000000 0.000000 0.000000 
0.000000 0.000000 0.000000 0.000000 0.000000 0.000000 0.000000 -0.000224 -0.000510 0.000090 0.023336 0.092370 0.191830 0.298762 0.382574 0.431573 0.465174 0.494894 0.526040 0.551547 0.549444 0.476379 0.336418 0.181488 0.056498 0.005936 0.002196 0.000595 0.000000 0.000000 0.000000 0.000000 0.000000 0.000000 0.000000 
0.000000 0.000000 0.000000 0.000000 0.000000 0.000000 -0.000612 -0.001474 -0.001812 0.019084 0.092206 0.193651 0.279680 0.339457 0.370704 0.395974 0.422476 0.449461 0.482456 0.516831 0.552839 0.575880 0.524342 0.388630 0.204667 0.057574 0.005345 0.002074 0.000529 0.000000 0.000000 0.000000 0.000000 0.000000 0.000000 
0.000000 0.000000 0.000000 0.000000 0.000000 -0.001003 -0.002744 -0.004424 0.003847 0.065562 0.160955 0.234344 0.284016 0.310368 0.331563 0.354052 0.378544 0.406818 0.438533 0.474123 0.512743 0.553851 0.581889 0.517834 0.372675 0.173390 0.032260 0.003765 0.001446 0.000322 0.000000 0.000000 0.000000 0.000000 0.000000 
0.000000 0.000000 0.000000 0.000000 -0.001139 -0.003757 -0.006967 -0.012743 -0.004569 0.039629 0.070814 0.094481 0.133413 0.199469 0.278069 0.316569 0.342175 0.370324 0.402398 0.438506 0.473302 0.504012 0.537736 0.545021 0.452737 0.289109 0.095534 0.006439 0.001984 0.000610 0.000088 0.000000 0.000000 0.000000 0.000000 
0.000000 0.000000 0.000000 -0.000807 -0.004048 -0.009379 -0.052738 -0.151261 -0.214273 -0.234461 -0.240985 -0.232195 -0.198621 -0.133841 -0.027246 0.121344 0.279557 0.337151 0.363744 0.368224 0.378817 0.402502 0.439046 0.478641 0.433500 0.307596 0.126289 -0.006111 -0.006226 0.000120 -0.000056 -0.000036 0.000000 0.000000 0.000000 
0.000000 0.000000 -0.000046 -0.003288 -0.010457 -0.092737 -0.268001 -0.443722 -0.485844 -0.490032 -0.494292 -0.487335 -0.461279 -0.411720 -0.326008 -0.193248 0.001737 0.213224 0.274025 0.278286 0.302503 0.338382 0.384567 0.430951 0.425086 0.315179 0.136798 -0.043081 -0.054555 -0.018354 -0.001220 -0.000354 0.000013 0.000000 0.000000 
0.000000 0.000000 -0.001676 -0.007301 -0.093202 -0.317909 -0.568628 -0.687038 -0.678453 -0.661588 -0.657720 -0.648838 -0.630625 -0.601218 -0.548299 -0.456893 -0.315037 -0.122834 0.123820 0.237944 0.293322 0.347950 0.402411 0.452311 0.465739 0.360633 0.176426 -0.040916 -0.108353 -0.068210 -0.021030 -0.001204 -0.000240 0.000000 0.000000 
0.000000 0.000000 -0.003869 -0.048115 -0.288479 -0.601225 -0.793758 -0.847308 -0.786101 -0.718314 -0.686581 -0.667547 -0.655724 -0.651367 -0.647190 -0.635915 -0.609207 -0.445002 -0.096424 0.221489 0.329775 0.379018 0.426399 0.473232 0.494826 0.401928 0.230483 0.005946 -0.105340 -0.108164 -0.062689 -0.011483 -0.000659 0.000000 0.000000 
0.000000 -0.000991 -0.007719 -0.179764 -0.530885 -0.822970 -0.928520 -0.891135 -0.778142 -0.697570 -0.660150 -0.639916 -0.628858 -0.627680 -0.636493 -0.698631 -0.762253 -0.650636 -0.319526 0.118274 0.336150 0.388386 0.435982 0.482837 0.498683 0.400259 0.226778 0.019886 -0.064305 -0.094350 -0.091428 -0.040793 -0.001496 -0.000162 0.000000 
0.000000 -0.002149 -0.033163 -0.354053 -0.765045 -0.945225 -0.941519 -0.885469 -0.764464 -0.671426 -0.625192 -0.603277 -0.592040 -0.592232 -0.615733 -0.705999 -0.755862 -0.710599 -0.518111 -0.061585 0.307811 0.398047 0.446940 0.493325 0.490468 0.376072 0.195445 -0.004506 -0.053245 -0.058571 -0.084717 -0.062934 -0.007717 -0.000350 0.000000 
0.000000 -0.003284 -0.104365 -0.528995 -0.916183 -0.964127 -0.924682 -0.878011 -0.761756 -0.655384 -0.590671 -0.562877 -0.549266 -0.543328 -0.583126 -0.693959 -0.755637 -0.793743 -0.758927 -0.358589 0.176289 0.378153 0.453636 0.499235 0.461172 0.323199 0.136443 -0.037208 -0.049043 -0.048106 -0.055461 -0.060875 -0.021110 -0.000442 0.000000 
0.000000 -0.004322 -0.184463 -0.673477 -0.969065 -0.952203 -0.904668 -0.858927 -0.774466 -0.657456 -0.570503 -0.512931 -0.472663 -0.476225 -0.592274 -0.755215 -0.854193 -0.961139 -1.026723 -0.741666 -0.165409 0.167764 0.339523 0.451754 0.396291 0.235908 0.051454 -0.044790 -0.046301 -0.044018 -0.038376 -0.039098 -0.025551 -0.000354 0.000000 
-0.000130 -0.005049 -0.242299 -0.753961 -0.973045 -0.936266 -0.885103 -0.838648 -0.792259 -0.686388 -0.556409 -0.434423 -0.404105 -0.498885 -0.677655 -0.844588 -0.916141 -1.000309 -1.072225 -0.905929 -0.389611 -0.070130 0.061764 0.191348 0.221229 0.112847 -0.031306 -0.045742 -0.044368 -0.040210 -0.030254 -0.017449 -0.015175 -0.000025 -0.000036 
-0.000133 -0.005134 -0.258133 -0.769130 -0.960468 -0.920434 -0.868796 -0.821552 -0.782408 -0.707417 -0.540247 -0.433196 -0.469598 -0.583534 -0.694720 -0.784395 -0.857560 -0.940840 -1.006574 -0.864323 -0.374415 -0.120368 -0.162547 -0.182531 -0.142646 -0.076755 -0.051586 -0.046486 -0.042386 -0.035814 -0.023236 0.002748 0.005565 0.000497 0.000030 
-0.000121 -0.004477 -0.223967 -0.724207 -0.941692 -0.905039 -0.854451 -0.808300 -0.759638 -0.651757 -0.571375 -0.572682 -0.633463 -0.654135 -0.672380 -0.721192 -0.800152 -0.873315 -0.939300 -0.771259 -0.336061 -0.206532 -0.371464 -0.507364 -0.482048 -0.292128 -0.077433 -0.046670 -0.039551 -0.029655 -0.013643 0.024730 0.025224 0.000920 0.000013 
0.000000 -0.003412 -0.158004 -0.617838 -0.905852 -0.889267 -0.842662 -0.797381 -0.701363 -0.592814 -0.595974 -0.724006 -0.808147 -0.813959 -0.794206 -0.792884 -0.852064 -0.916259 -0.995848 -0.800823 -0.455821 -0.438427 -0.586540 -0.687401 -0.640467 -0.444204 -0.186992 -0.045928 -0.033862 -0.020775 0.003829 0.051183 0.032432 0.001045 0.000000 
0.000000 -0.002319 -0.082542 -0.455421 -0.820589 -0.869360 -0.830138 -0.782480 -0.645317 -0.563049 -0.621588 -0.779912 -0.876375 -0.942935 -0.976629 -0.984208 -1.045504 -1.140637 -1.158471 -0.899373 -0.601079 -0.595267 -0.660011 -0.709134 -0.696742 -0.543698 -0.294181 -0.051780 -0.024965 -0.007595 0.037924 0.075552 0.023660 0.000893 0.000000 
0.000000 -0.001367 -0.023739 -0.282852 -0.644402 -0.819297 -0.813814 -0.749407 -0.605599 -0.549451 -0.647980 -0.792420 -0.877859 -0.954122 -1.020128 -1.049756 -1.109469 -1.202466 -1.107950 -0.791558 -0.582322 -0.597272 -0.646371 -0.695643 -0.713638 -0.598162 -0.363020 -0.087812 -0.010581 0.021653 0.087368 0.073405 0.008125 0.000581 0.000000 
0.000000 -0.000575 -0.004728 -0.132126 -0.416662 -0.670118 -0.769481 -0.714192 -0.578612 -0.543399 -0.661144 -0.789951 -0.871173 -0.944327 -1.011575 -1.050099 -1.042489 -1.010111 -0.854187 -0.612104 -0.535516 -0.576984 -0.626640 -0.677057 -0.707617 -0.614379 -0.392125 -0.108228 0.020554 0.085775 0.101745 0.043629 0.001689 0.000244 0.000000 
0.000000 0.000000 -0.002088 -0.031628 -0.209816 -0.454357 -0.614146 -0.638161 -0.548898 -0.527999 -0.654337 -0.777711 -0.856455 -0.925761 -0.982627 -1.004622 -0.928873 -0.761218 -0.571649 -0.465954 -0.500222 -0.552769 -0.604071 -0.654978 -0.688093 -0.602009 -0.380926 -0.067482 0.093980 0.112810 0.067745 0.010804 0.000661 0.000000 0.000000 
0.000000 0.000000 -0.000820 -0.003772 -0.061244 -0.222984 -0.408524 -0.477439 -0.426805 -0.443181 -0.586015 -0.723592 -0.796930 -0.845495 -0.864197 -0.844946 -0.758323 -0.574308 -0.396234 -0.373842 -0.426635 -0.489592 -0.551607 -0.605281 -0.627911 -0.522681 -0.284061 0.012161 0.109140 0.071355 0.020084 0.000758 0.000169 0.000000 0.000000 
0.000000 0.000000 -0.000007 -0.001486 -0.005272 -0.058320 -0.177800 -0.284014 -0.264805 -0.282492 -0.414336 -0.571644 -0.643765 -0.680288 -0.680831 -0.639805 -0.557614 -0.449468 -0.394755 -0.391753 -0.410131 -0.447513 -0.494390 -0.542801 -0.554212 -0.445572 -0.217795 0.026884 0.054173 0.016720 0.000413 -0.000011 -0.000035 0.000000 0.000000 
0.000000 0.000000 0.000000 -0.000315 -0.001677 -0.004027 -0.029604 -0.085252 -0.081655 -0.085771 -0.191156 -0.369714 -0.447170 -0.480261 -0.475024 -0.435995 -0.394003 -0.415294 -0.449023 -0.462312 -0.473384 -0.497192 -0.532348 -0.572924 -0.557072 -0.425251 -0.187628 -0.004306 0.003345 -0.001283 -0.000463 -0.000100 0.000000 0.000000 0.000000 
0.000000 0.000000 0.000000 0.000000 -0.000416 -0.001261 -0.001924 -0.002582 0.031551 0.089199 0.049337 -0.107604 -0.228103 -0.273013 -0.296945 -0.337022 -0.379298 -0.419893 -0.460011 -0.500434 -0.541893 -0.577606 -0.614096 -0.638266 -0.574866 -0.386420 -0.131758 -0.011252 -0.003742 -0.001304 -0.000312 0.000000 0.000000 0.000000 0.000000 
0.000000 0.000000 0.000000 0.000000 0.000000 -0.000252 -0.000423 0.000087 0.014700 0.081837 0.126777 0.049898 -0.116931 -0.214025 -0.280163 -0.334721 -0.382615 -0.426515 -0.469180 -0.512127 -0.556003 -0.599813 -0.637331 -0.618909 -0.481936 -0.234884 -0.046422 -0.006318 -0.002399 -0.000584 0.000000 0.000000 0.000000 0.000000 0.000000 
0.000000 0.000000 0.000000 0.000000 0.000000 0.000000 0.000001 0.000431 0.001877 0.027935 0.083669 0.092302 -0.013654 -0.171310 -0.264718 -0.328167 -0.381710 -0.430299 -0.475465 -0.519953 -0.563739 -0.600691 -0.599485 -0.492032 -0.277394 -0.082965 -0.008758 -0.003319 -0.000830 0.000000 0.000000 0.000000 0.000000 0.000000 0.000000 
0.000000 0.000000 0.000000 0.000000 0.000000 0.000000 0.000000 0.000181 0.000908 0.002744 0.025817 0.061840 0.051175 -0.045627 -0.189778 -0.296744 -0.368266 -0.423813 -0.472550 -0.517115 -0.547549 -0.532073 -0.422639 -0.251014 -0.084434 -0.009952 -0.003661 -0.000891 0.000000 0.000000 0.000000 0.000000 0.000000 0.000000 0.000000 
0.000000 0.000000 0.000000 0.000000 0.000000 0.000000 0.000000 0.000000 0.000197 0.000852 0.001940 0.011570 0.030747 0.019455 -0.047226 -0.156046 -0.253618 -0.328152 -0.376634 -0.394612 -0.367448 -0.283248 -0.158141 -0.045235 -0.007280 -0.003107 -0.000719 0.000000 0.000000 0.000000 0.000000 0.000000 0.000000 0.000000 0.000000 
0.000000 0.000000 0.000000 0.000000 0.000000 0.000000 0.000000 0.000000 0.000000 -0.000005 0.000400 0.000846 0.001287 0.003811 0.001605 -0.022897 -0.069720 -0.120932 -0.148625 -0.136737 -0.088744 -0.031412 -0.008229 -0.004200 -0.001761 0.000006 0.000000 0.000000 0.000000 0.000000 0.000000 0.000000 0.000000 0.000000 0.000000 
0.000000 0.000000 0.000000 0.000000 0.000000 0.000000 0.000000 0.000000 0.000000 0.000000 0.000000 0.000000 0.000124 0.000111 -0.000224 -0.001024 -0.002272 -0.003638 -0.004474 -0.004426 -0.003662 -0.002507 -0.001180 0.000000 0.000000 0.000000 0.000000 0.000000 0.000000 0.000000 0.000000 0.000000 0.000000 0.000000 0.000000 
0.000000 0.000000 0.000000 0.000000 0.000000 0.000000 0.000000 0.000000 0.000000 0.000000 0.000000 0.000000 0.000000 0.000000 0.000000 0.000000 0.000033 -0.000162 -0.000095 0.000000 0.000000 0.000000 0.000000 0.000000 0.000000 0.000000 0.000000 0.000000 0.000000 0.000000 0.000000 0.000000 0.000000 0.000000 0.000000 
