0.000000 0.000000 0.000000 0.000000 0.000000 0.000000 0.000000 0.000000 0.000000 0.000000 0.000000 0.000000 0.000000 0.000000 0.000000 0.000000 0.000000 0.000000 0.000000 0.000000 0.000000 0.000000 0.000000 0.000000 0.000000 0.000000 0.000000 0.000000 0.000000 0.000000 0.000000 0.000000 0.000000 0.000000 0.000000 
0.000000 0.000000 0.000000 0.000000 0.000000 0.000000 0.000000 0.000000 0.000000 0.000000 0.000000 0.000000 0.000161 0.000358 0.000547 0.000696 0.000751 0.000663 0.000477 0.000254 0.000080 -0.000017 -0.000037 0.000000 0.000000 0.000000 0.000000 0.000000 0.000000 0.000000 0.000000 0.000000 0.000000 0.000000 0.000000 
0.000000 0.000000 0.000000 0.000000 0.000000 0.000000 0.000000 0.000000 0.000000 0.000000 0.000282 0.000689 0.001354 0.005069 0.015717 0.027216 0.033668 0.033026 0.025394 0.014928 0.005568 0.000733 -0.000183 -0.000239 -0.000151 0.000000 0.000000 0.000000 0.000000 0.000000 0.000000 0.000000 0.000000 0.000000 0.000000 
0.000000 0.000000 0.000000 0.000000 0.000000 0.000000 0.000000 0.000000 0.000132 0.000587 0.001333 0.007401 0.029047 0.059422 0.087492 0.108471 0.115043 0.110797 0.096401 0.073198 0.044254 0.019735 0.004705 -0.000477 -0.000595 -0.000397 -0.000125 0.000000 0.000000 0.000000 0.000000 0.000000 0.000000 0.000000 0.000000 
0.000000 0.000000 0.000000 0.000000 0.000000 0.000000 0.000000 0.000201 0.000766 0.001884 0.015072 0.049013 0.092979 0.136050 0.159912 0.162726 0.155309 0.145374 0.134792 0.120550 0.096535 0.060044 0.025735 0.005194 -0.001630 -0.001073 -0.000654 -0.000211 0.000000 0.000000 0.000000 0.000000 0.000000 0.000000 0.000000 
0.000000 0.000000 0.000000 0.000000 0.000000 0.000000 0.000217 0.000805 0.001929 0.015221 0.054541 0.109344 0.153644 0.173381 0.167803 0.156043 0.145031 0.135243 0.126448 0.117929 0.108503 0.091068 0.055487 0.020714 0.000716 -0.003525 -0.001585 -0.000908 -0.000310 0.000000 0.000000 0.000000 0.000000 0.000000 0.000000 
0.000000 0.000000 0.000000 0.000000 0.000000 0.000197 0.000768 0.001768 0.009045 0.046282 0.104403 0.152536 0.178379 0.171165 0.157483 0.144903 0.133967 0.124526 0.116364 0.108909 0.101467 0.092746 0.075747 0.038813 0.008043 -0.005821 -0.004520 -0.002128 -0.001153 -0.000349 0.000000 0.000000 0.000000 0.000000 0.000000 
0.000000 0.000000 0.000000 0.000000 0.000146 0.000700 0.001656 0.003831 0.029500 0.089611 0.147005 0.185413 0.186375 0.167927 0.149639 0.135880 0.124666 0.115265 0.107360 0.100247 0.090707 0.071640 0.052013 0.025604 -0.007274 -0.021972 -0.015952 -0.005007 -0.002659 -0.001306 -0.000324 0.000000 0.000000 0.000000 0.000000 
0.000000 0.000000 0.000000 0.000103 0.000625 0.001608 0.006420 0.021806 0.076200 0.148121 0.201964 0.228874 0.213561 0.192786 0.168773 0.143767 0.120236 0.107714 0.093883 0.056841 0.018321 -0.012965 -0.034424 -0.051366 -0.082892 -0.097110 -0.080199 -0.042218 -0.014147 -0.003160 -0.001307 -0.000229 0.000000 0.000000 0.000000 
0.000000 0.000000 0.000000 0.000486 0.001531 0.010739 0.031522 0.068438 0.142163 0.212693 0.263132 0.275037 0.256758 0.234456 0.206662 0.177256 0.143511 0.094418 0.026878 -0.029802 -0.073205 -0.105386 -0.125624 -0.140000 -0.165373 -0.184712 -0.175219 -0.130907 -0.072554 -0.024903 -0.003245 -0.001053 0.000000 0.000000 0.000000 
0.000000 0.000000 0.000253 0.001149 0.011565 0.041370 0.081216 0.130183 0.210846 0.282359 0.333195 0.336897 0.318335 0.294238 0.264819 0.229027 0.170137 0.060817 -0.049622 -0.120141 -0.161667 -0.187916 -0.203940 -0.215555 -0.236700 -0.260441 -0.258195 -0.223237 -0.164969 -0.089418 -0.025635 -0.002442 -0.000566 0.000000 0.000000 
0.000000 0.000000 0.000658 0.006461 0.041122 0.095935 0.144407 0.199678 0.278799 0.337488 0.378828 0.376409 0.359540 0.342860 0.324020 0.286738 0.181084 0.030649 -0.103039 -0.184211 -0.208903 -0.213895 -0.217646 -0.226034 -0.249763 -0.288155 -0.310486 -0.294481 -0.249380 -0.179719 -0.083761 -0.013681 -0.001412 0.000000 0.000000 
0.000000 0.000170 0.001390 0.027051 0.090607 0.163533 0.211261 0.242356 0.300259 0.354375 0.395502 0.394455 0.378489 0.363893 0.350189 0.298787 0.168532 0.023538 -0.095234 -0.172914 -0.196831 -0.196954 -0.200193 -0.209159 -0.234566 -0.274135 -0.300427 -0.308244 -0.302839 -0.259224 -0.161554 -0.053011 -0.002826 -0.000373 0.000000 
0.000000 0.000425 0.005321 0.062507 0.157864 0.227276 0.241574 0.251737 0.304616 0.358766 0.402420 0.409003 0.394456 0.381193 0.361760 0.271234 0.131488 0.045846 -0.020224 -0.111151 -0.167609 -0.174856 -0.179573 -0.190344 -0.220398 -0.259764 -0.284715 -0.292685 -0.301494 -0.303208 -0.239629 -0.109358 -0.010216 -0.000864 0.000000 
0.000000 0.000740 0.018116 0.108995 0.222539 0.257511 0.255443 0.252760 0.296468 0.350815 0.399959 0.421381 0.413729 0.422875 0.429808 0.357334 0.273637 0.261988 0.218812 0.075392 -0.075606 -0.132732 -0.156205 -0.173642 -0.210567 -0.247361 -0.268126 -0.274554 -0.288778 -0.303344 -0.288235 -0.167196 -0.032032 -0.001390 0.000000 
0.000000 0.001103 0.035964 0.158808 0.262991 0.271683 0.264898 0.257872 0.280088 0.333553 0.388696 0.451398 0.527003 0.640563 0.727637 0.682331 0.633861 0.653815 0.629296 0.469918 0.236751 0.053515 -0.064754 -0.147763 -0.205454 -0.237327 -0.251846 -0.259838 -0.275653 -0.292957 -0.300887 -0.212354 -0.057182 -0.001879 0.000000 
0.000000 0.001458 0.053189 0.195360 0.284124 0.282189 0.272899 0.264248 0.264501 0.309742 0.408507 0.586802 0.788400 0.959540 1.013136 0.916462 0.836252 0.843825 0.849530 0.757945 0.545725 0.339323 0.147352 -0.043493 -0.176711 -0.227067 -0.236108 -0.247973 -0.264206 -0.282364 -0.296774 -0.233068 -0.074979 -0.002207 0.000000 
0.000000 0.001698 0.063809 0.214062 0.296198 0.291171 0.280656 0.271645 0.268134 0.320603 0.513498 0.759425 0.992661 1.120431 1.077368 0.915055 0.829226 0.837638 0.846667 0.778836 0.627587 0.492419 0.330588 0.107869 -0.077337 -0.192540 -0.225256 -0.238665 -0.254724 -0.272827 -0.287983 -0.233187 -0.079179 -0.002232 0.000000 
0.000000 0.001729 0.061427 0.213544 0.303806 0.299902 0.289587 0.280596 0.289680 0.424324 0.624153 0.864379 1.041543 1.100919 1.058074 0.911731 0.814823 0.818744 0.828102 0.753215 0.590663 0.480702 0.400496 0.234084 0.038935 -0.112485 -0.210928 -0.231626 -0.247518 -0.264652 -0.277092 -0.214885 -0.066741 -0.001936 0.000000 
0.000000 0.001542 0.048128 0.193061 0.303630 0.308070 0.299060 0.291584 0.363992 0.536191 0.729996 0.910407 0.983536 1.004956 0.990708 0.875985 0.772845 0.771092 0.768280 0.663572 0.499822 0.417909 0.391779 0.311247 0.135846 -0.034689 -0.167941 -0.226126 -0.241492 -0.256571 -0.260248 -0.178101 -0.045018 -0.001440 0.000000 
0.000000 0.001205 0.028269 0.151918 0.284155 0.314343 0.308876 0.308749 0.443172 0.625737 0.815766 0.939520 0.942406 0.930976 0.912289 0.823676 0.714641 0.684889 0.659816 0.541733 0.406875 0.375369 0.372472 0.344497 0.205239 0.027562 -0.121422 -0.218566 -0.235345 -0.246512 -0.226619 -0.124272 -0.021879 -0.000925 0.000000 
0.000000 0.000797 0.009637 0.101220 0.232064 0.306654 0.316630 0.344673 0.504847 0.690578 0.871785 0.948631 0.935024 0.914655 0.892675 0.832088 0.723970 0.644534 0.572258 0.449703 0.363306 0.358606 0.360996 0.349283 0.248967 0.072048 -0.084485 -0.199749 -0.226438 -0.223831 -0.165429 -0.070644 -0.005899 -0.000492 0.000000 
0.000000 0.000368 0.002907 0.051274 0.156640 0.258635 0.310114 0.371967 0.541908 0.727381 0.902994 0.953133 0.935660 0.914005 0.894108 0.864097 0.780939 0.656616 0.517174 0.392396 0.347088 0.353157 0.356978 0.349518 0.272926 0.098870 -0.058777 -0.178634 -0.203986 -0.164123 -0.095521 -0.028788 -0.001309 -0.000176 0.000000 
0.000000 0.000000 0.001576 0.014473 0.084089 0.182552 0.255057 0.355195 0.552337 0.742234 0.915492 0.959738 0.940971 0.917783 0.892591 0.859043 0.783801 0.654180 0.499678 0.388094 0.359668 0.361028 0.363785 0.357295 0.286901 0.116591 -0.036948 -0.138964 -0.138731 -0.093102 -0.040795 -0.005669 -0.000494 0.000000 0.000000 
0.000000 0.000000 0.000686 0.003050 0.028093 0.094302 0.175560 0.281105 0.489603 0.701411 0.888132 0.946933 0.926801 0.893218 0.850015 0.797982 0.729930 0.626577 0.510171 0.448813 0.423530 0.411063 0.404527 0.394482 0.318238 0.158610 0.020562 -0.072315 -0.070625 -0.036486 -0.009107 -0.000541 -0.000133 0.000000 0.000000 
0.000000 0.000000 0.000000 0.001461 0.004441 0.029238 0.082660 0.178100 0.382962 0.602586 0.793053 0.883400 0.864746 0.830037 0.780596 0.724691 0.657013 0.584167 0.540381 0.517633 0.500730 0.490194 0.482365 0.468363 0.364548 0.205181 0.065580 -0.021245 -0.021415 -0.006405 -0.000335 -0.000078 0.000000 0.000000 0.000000 
0.000000 0.000000 0.000000 0.000359 0.002030 0.005073 0.019867 0.066430 0.230465 0.460801 0.661773 0.804002 0.796490 0.762191 0.712076 0.654513 0.598761 0.578475 0.572408 0.567587 0.561625 0.556440 0.548505 0.523763 0.376916 0.215570 0.074065 0.002406 -0.000699 0.000305 0.000098 0.000027 0.000000 0.000000 0.000000 
0.000000 0.000000 0.000000 0.000000 0.000556 0.002396 0.005503 0.012528 0.093458 0.286539 0.494163 0.668642 0.722379 0.694098 0.657522 0.632577 0.615336 0.603890 0.598030 0.596944 0.598590 0.597812 0.588017 0.508833 0.339884 0.174956 0.048006 0.003690 0.001188 0.000390 0.000087 0.000000 0.000000 0.000000 0.000000 
0.000000 0.000000 0.000000 0.000000 0.000000 0.000721 0.002672 0.006026 0.029332 0.149634 0.347059 0.538799 0.680548 0.698570 0.683300 0.665649 0.650354 0.639181 0.632751 0.629655 0.627285 0.620151 0.577917 0.425076 0.250700 0.097531 0.015767 0.002130 0.000750 0.000175 0.000000 0.000000 0.000000 0.000000 0.000000 
0.000000 0.000000 0.000000 0.000000 0.000000 0.000000 0.000761 0.002794 0.006645 0.050674 0.184019 0.381793 0.570003 0.691855 0.713468 0.703116 0.690544 0.680298 0.671962 0.665002 0.654168 0.609542 0.471847 0.293163 0.130195 0.031928 0.003132 0.001080 0.000234 0.000000 0.000000 0.000000 0.000000 0.000000 0.000000 
0.000000 0.000000 0.000000 0.000000 0.000000 0.000000 0.000000 0.000670 0.002684 0.006635 0.052092 0.173363 0.342099 0.527864 0.660904 0.714407 0.721949 0.714730 0.701432 0.672231 0.597527 0.451859 0.274855 0.129545 0.035390 0.003678 0.001264 0.000258 0.000000 0.000000 0.000000 0.000000 0.000000 0.000000 0.000000 
0.000000 0.000000 0.000000 0.000000 0.000000 0.000000 0.000000 0.000000 0.000465 0.002120 0.004904 0.026991 0.108344 0.230981 0.359317 0.475630 0.537522 0.551789 0.518880 0.440357 0.316079 0.191294 0.084002 0.019112 0.002975 0.001136 0.000208 0.000000 0.000000 0.000000 0.000000 0.000000 0.000000 0.000000 0.000000 
0.000000 0.000000 0.000000 0.000000 0.000000 0.000000 0.000000 0.000000 0.000000 0.000000 0.001097 0.002754 0.005554 0.020610 0.065493 0.120696 0.161669 0.174451 0.153395 0.108409 0.055345 0.016275 0.004017 0.001826 0.000664 0.000000 0.000000 0.000000 0.000000 0.000000 0.000000 0.000000 0.000000 0.000000 0.000000 
0.000000 0.000000 0.000000 0.000000 0.000000 0.000000 0.000000 0.000000 0.000000 0.000000 0.000000 0.000000 0.000705 0.001646 0.002663 0.003667 0.004407 0.004553 0.004133 0.003225 0.002195 0.001271 0.000508 0.000000 0.000000 0.000000 0.000000 0.000000 0.000000 0.000000 0.000000 0.000000 0.000000 0.000000 0.000000 
0.000000 0.000000 0.000000 0.000000 0.000000 0.000000 0.000000 0.000000 0.000000 0.000000 0.000000 0.000000 0.000000 0.000000 0.000000 0.000000 0.000000 0.000000 0.000000 0.000000 0.000000 0.000000 0.000000 0.000000 0.000000 0.000000 0.000000 0.000000 0.000000 0.000000 0.000000 0.000000 0.000000 0.000000 0.000000 
