0.000000 0.000000 0.000000 0.000000 0.000000 0.000000 0.000000 0.000000 0.000000 0.000000 0.000000 0.000000 0.000000 0.000000 0.000000 0.000000 0.000000 -0.000000 -0.000098 0.000000 0.000000 0.000000 0.000000 0.000000 0.000000 0.000000 0.000000 0.000000 0.000000 0.000000 0.000000 0.000000 0.000000 0.000000 0.000000 
0.000000 0.000000 0.000000 0.000000 0.000000 0.000000 0.000000 0.000000 0.000000 0.000000 0.000000 0.000000 0.000000 -0.000391 -0.000850 -0.001314 -0.001742 -0.002051 -0.002126 -0.001954 -0.001592 -0.001177 -0.000776 -0.000378 0.000000 0.000000 0.000000 0.000000 0.000000 0.000000 0.000000 0.000000 0.000000 0.000000 0.000000 
0.000000 0.000000 0.000000 0.000000 0.000000 0.000000 0.000000 0.000000 0.000000 0.000000 -0.000012 -0.000601 -0.001410 -0.002585 -0.007465 -0.019058 -0.029849 -0.035997 -0.036647 -0.032594 -0.026192 -0.017455 -0.006887 -0.001966 -0.001081 -0.000507 -0.000015 0.000000 0.000000 0.000000 0.000000 0.000000 0.000000 0.000000 0.000000 
0.000000 0.000000 0.000000 0.000000 0.000000 0.000000 0.000000 0.000000 0.000000 -0.000305 -0.001202 -0.002474 -0.009554 -0.025781 -0.038387 -0.037094 -0.020539 0.003097 0.019004 0.022468 0.013521 -0.000530 -0.012995 -0.015784 -0.007632 -0.001630 -0.000861 -0.000246 0.000000 0.000000 0.000000 0.000000 0.000000 0.000000 0.000000 
0.000000 0.000000 0.000000 0.000000 0.000000 0.000000 0.000000 0.000000 -0.000534 -0.001769 -0.003707 -0.015864 -0.034066 -0.035674 -0.009523 0.033904 0.071425 0.092676 0.103217 0.109136 0.107315 0.090039 0.054965 0.014995 -0.009407 -0.010006 -0.002277 -0.001134 -0.000386 0.000000 0.000000 0.000000 0.000000 0.000000 0.000000 
0.000000 0.000000 0.000000 0.000000 0.000000 0.000000 0.000000 -0.000718 -0.002269 -0.004434 -0.016724 -0.034949 -0.030231 0.000697 0.045977 0.075709 0.087823 0.094290 0.098101 0.102756 0.106920 0.110883 0.105307 0.077435 0.032452 -0.004356 -0.009353 -0.002575 -0.001394 -0.000481 0.000000 0.000000 0.000000 0.000000 0.000000 
0.000000 0.000000 0.000000 0.000000 0.000000 0.000000 -0.000823 -0.002697 -0.005181 -0.013425 -0.033250 -0.032606 -0.005673 0.037838 0.063494 0.071706 0.075642 0.078770 0.081880 0.085240 0.089163 0.094333 0.100462 0.099015 0.073411 0.029084 -0.006719 -0.007688 -0.003023 -0.001652 -0.000541 0.000000 0.000000 0.000000 0.000000 
0.000000 0.000000 0.000000 0.000000 0.000000 -0.000743 -0.002884 -0.005861 -0.011429 -0.041844 -0.071533 -0.072289 -0.041570 -0.005129 0.023814 0.052544 0.061054 0.063297 0.066467 0.069980 0.073764 0.073621 0.063903 0.058794 0.050143 0.025073 -0.007951 -0.019700 -0.006679 -0.003478 -0.001776 -0.000493 0.000000 0.000000 0.000000 
0.000000 0.000000 0.000000 0.000000 -0.000471 -0.002692 -0.006428 -0.028548 -0.082030 -0.150108 -0.181018 -0.168685 -0.133402 -0.118006 -0.098954 -0.064843 -0.011724 0.042065 0.054791 0.053186 0.026297 0.002577 -0.008581 -0.007946 -0.003154 -0.018492 -0.049125 -0.070067 -0.047975 -0.017564 -0.003887 -0.001693 -0.000324 0.000000 0.000000 
0.000000 0.000000 0.000000 -0.000042 -0.001971 -0.006351 -0.045332 -0.122294 -0.195701 -0.230571 -0.218080 -0.176730 -0.145724 -0.143584 -0.147109 -0.146459 -0.120318 -0.055053 0.011682 -0.003989 -0.025967 -0.027858 -0.018863 -0.006405 0.004514 -0.002844 -0.040487 -0.086292 -0.101111 -0.070000 -0.027938 -0.003929 -0.001272 -0.000035 0.000000 
0.000000 0.000000 0.000000 -0.000929 -0.004307 -0.043705 -0.139452 -0.213098 -0.231489 -0.206195 -0.151296 -0.086519 -0.061081 -0.065531 -0.088755 -0.122824 -0.151408 -0.151405 -0.119890 -0.052430 -0.017565 0.014432 0.041403 0.061656 0.074490 0.072717 0.028697 -0.035907 -0.090375 -0.103886 -0.077972 -0.027359 -0.002694 -0.000625 0.000000 
0.000000 0.000000 0.000000 -0.002234 -0.022188 -0.125250 -0.217824 -0.220225 -0.174467 -0.124844 -0.083120 -0.034868 -0.020604 -0.023301 -0.037464 -0.061936 -0.104867 -0.181937 -0.202924 -0.080773 0.034333 0.068832 0.081010 0.090090 0.100162 0.107892 0.082330 0.037188 -0.024512 -0.074462 -0.102348 -0.070765 -0.014563 -0.001437 0.000000 
0.000000 0.000000 -0.000524 -0.004256 -0.076803 -0.198852 -0.226751 -0.168345 -0.134418 -0.109401 -0.071335 -0.023894 -0.009765 -0.011652 -0.023963 -0.044362 -0.089224 -0.162277 -0.178712 -0.095609 0.035629 0.080016 0.087042 0.094667 0.104517 0.113593 0.088129 0.047179 0.011590 -0.014631 -0.072897 -0.096488 -0.046334 -0.002686 -0.000359 
0.000000 0.000000 -0.001158 -0.014440 -0.138950 -0.226971 -0.196116 -0.154331 -0.123972 -0.101155 -0.067983 -0.024439 -0.005953 -0.005132 -0.014638 -0.035209 -0.085485 -0.134242 -0.140549 -0.107731 0.011279 0.082280 0.090725 0.097971 0.107802 0.115039 0.086617 0.045476 0.015273 0.003679 -0.025272 -0.084976 -0.074664 -0.009620 -0.000766 
0.000000 0.000000 -0.001765 -0.040697 -0.180846 -0.220290 -0.189832 -0.151779 -0.118082 -0.098932 -0.075446 -0.036169 -0.008536 -0.002770 -0.007726 -0.022677 -0.055078 -0.092733 -0.107198 -0.107532 0.002282 0.084625 0.095175 0.102535 0.113394 0.111840 0.075326 0.035574 0.013254 0.005385 -0.008307 -0.051645 -0.084389 -0.026167 -0.001131 
0.000000 0.000000 -0.002242 -0.065855 -0.196515 -0.216737 -0.193078 -0.152424 -0.118703 -0.099847 -0.084808 -0.054973 -0.019996 -0.010540 -0.008303 -0.012662 -0.063261 -0.122597 -0.163254 -0.175213 -0.062083 0.060870 0.076614 0.096294 0.118220 0.100777 0.056509 0.020892 0.009061 0.002609 -0.007378 -0.030194 -0.076904 -0.039356 -0.001398 
0.000000 -0.000011 -0.002485 -0.077417 -0.198261 -0.221348 -0.196852 -0.155615 -0.124163 -0.103163 -0.091484 -0.080209 -0.060216 -0.039145 -0.029284 -0.037923 -0.104776 -0.173516 -0.219796 -0.241304 -0.135162 0.005933 0.021325 0.049138 0.075120 0.064678 0.030939 0.008019 0.002583 -0.002205 -0.010564 -0.024667 -0.065911 -0.043263 -0.001516 
0.000026 -0.000053 -0.002388 -0.072657 -0.190596 -0.225149 -0.202705 -0.162812 -0.131569 -0.111136 -0.106228 -0.120734 -0.101699 -0.059503 -0.054595 -0.046083 -0.094891 -0.161153 -0.203981 -0.221414 -0.105657 0.024119 0.010945 0.010805 -0.018195 -0.028406 -0.006681 -0.001627 -0.004815 -0.009101 -0.015992 -0.026275 -0.057395 -0.038409 -0.001428 
-0.000030 -0.000028 -0.002029 -0.055895 -0.172376 -0.222176 -0.210103 -0.172199 -0.141016 -0.124665 -0.149397 -0.144172 -0.103543 -0.078020 -0.072224 -0.052019 -0.081457 -0.144513 -0.179693 -0.184565 -0.047366 0.063851 0.019131 -0.030091 -0.088041 -0.113502 -0.075224 -0.017063 -0.013197 -0.017071 -0.022858 -0.029643 -0.050982 -0.028287 -0.001212 
0.000008 0.000000 -0.001558 -0.036276 -0.141480 -0.208216 -0.216256 -0.184264 -0.152931 -0.161799 -0.175463 -0.149607 -0.106500 -0.094474 -0.085633 -0.053429 -0.061036 -0.130841 -0.164764 -0.145834 0.004172 0.055941 -0.020611 -0.075190 -0.119088 -0.150169 -0.130312 -0.064231 -0.022579 -0.025890 -0.029945 -0.032912 -0.043314 -0.018580 -0.000951 
0.000000 0.000000 -0.001118 -0.019045 -0.099870 -0.179531 -0.213549 -0.195597 -0.171154 -0.197503 -0.189923 -0.142117 -0.110225 -0.114908 -0.119669 -0.109714 -0.095346 -0.145177 -0.183872 -0.130689 -0.013538 -0.023707 -0.070621 -0.096645 -0.120257 -0.155261 -0.164405 -0.113473 -0.037240 -0.034533 -0.035385 -0.034526 -0.032325 -0.010883 -0.000719 
0.000000 0.000000 -0.000718 -0.006792 -0.061064 -0.134196 -0.193469 -0.199950 -0.200668 -0.225950 -0.201041 -0.141046 -0.118271 -0.123884 -0.134868 -0.146257 -0.146738 -0.178251 -0.200577 -0.118172 -0.040686 -0.059771 -0.079588 -0.097324 -0.119341 -0.154104 -0.183612 -0.150176 -0.066630 -0.040900 -0.038091 -0.030408 -0.023510 -0.004440 -0.000497 
0.000000 0.000000 -0.000351 -0.002219 -0.030814 -0.089975 -0.148695 -0.186185 -0.218633 -0.245667 -0.213148 -0.147298 -0.129550 -0.134198 -0.144234 -0.158739 -0.161670 -0.148043 -0.109002 -0.057226 -0.044878 -0.069812 -0.082958 -0.099658 -0.121559 -0.154811 -0.195640 -0.172835 -0.089452 -0.043613 -0.032618 -0.027957 -0.016134 -0.001530 -0.000262 
0.000000 0.000000 0.000000 -0.001226 -0.009848 -0.051459 -0.100389 -0.144474 -0.207446 -0.250714 -0.222479 -0.157686 -0.140744 -0.144193 -0.151339 -0.157048 -0.143569 -0.102079 -0.049714 -0.022978 -0.044270 -0.071252 -0.086702 -0.103951 -0.126079 -0.159434 -0.202902 -0.181985 -0.095042 -0.037163 -0.030759 -0.024061 -0.006866 -0.000921 0.000000 
0.000000 0.000000 0.000000 -0.000567 -0.002158 -0.019586 -0.059945 -0.099521 -0.163981 -0.226700 -0.216754 -0.161232 -0.140886 -0.139639 -0.135189 -0.124233 -0.102455 -0.068370 -0.036466 -0.027055 -0.044093 -0.063338 -0.082034 -0.103539 -0.127877 -0.165220 -0.203895 -0.175538 -0.084244 -0.036754 -0.029505 -0.013066 -0.001726 -0.000463 0.000000 
0.000000 0.000000 0.000000 -0.000012 -0.001106 -0.003460 -0.022066 -0.056532 -0.111509 -0.186288 -0.194485 -0.151083 -0.121918 -0.118879 -0.108497 -0.092938 -0.070059 -0.045333 -0.030725 -0.042206 -0.055920 -0.071318 -0.088000 -0.110656 -0.135139 -0.178267 -0.204625 -0.163216 -0.070794 -0.032524 -0.015432 -0.002913 -0.000957 -0.000015 0.000000 
0.000000 0.000000 0.000000 0.000000 -0.000304 -0.001628 -0.004051 -0.016179 -0.050765 -0.128078 -0.160711 -0.134415 -0.094100 -0.090882 -0.080437 -0.063810 -0.044212 -0.032074 -0.036039 -0.044364 -0.061959 -0.081000 -0.101401 -0.125097 -0.150006 -0.195052 -0.197360 -0.129980 -0.040443 -0.012920 -0.003660 -0.001473 -0.000276 0.000000 0.000000 
0.000000 0.000000 0.000000 0.000000 0.000000 -0.000518 -0.002040 -0.004427 -0.009576 -0.057066 -0.108566 -0.104779 -0.067976 -0.052519 -0.047131 -0.038516 -0.038632 -0.042168 -0.047708 -0.055005 -0.064518 -0.078646 -0.102480 -0.127888 -0.162139 -0.187119 -0.153098 -0.066286 -0.009753 -0.004336 -0.001931 -0.000498 0.000000 0.000000 0.000000 
0.000000 0.000000 0.000000 0.000000 0.000000 0.000000 -0.000671 -0.002303 -0.004609 -0.020004 -0.067977 -0.090458 -0.070126 -0.042909 -0.045689 -0.051239 -0.054954 -0.058692 -0.064526 -0.072594 -0.083831 -0.097735 -0.114616 -0.137648 -0.166088 -0.154864 -0.090948 -0.022623 -0.004856 -0.002278 -0.000637 0.000000 0.000000 0.000000 0.000000 
0.000000 0.000000 0.000000 0.000000 0.000000 0.000000 0.000000 -0.000733 -0.002285 -0.004617 -0.029048 -0.071504 -0.087717 -0.072687 -0.058878 -0.064492 -0.073739 -0.080748 -0.087308 -0.097342 -0.108729 -0.122408 -0.141915 -0.161636 -0.151491 -0.098885 -0.033968 -0.005140 -0.002348 -0.000694 0.000000 0.000000 0.000000 0.000000 0.000000 
0.000000 0.000000 0.000000 0.000000 0.000000 0.000000 0.000000 0.000000 -0.000648 -0.002016 -0.004299 -0.027153 -0.063661 -0.084917 -0.085580 -0.081252 -0.085611 -0.096702 -0.108217 -0.119449 -0.132171 -0.146979 -0.152633 -0.132432 -0.084986 -0.031241 -0.004869 -0.002110 -0.000595 0.000000 0.000000 0.000000 0.000000 0.000000 0.000000 
0.000000 0.000000 0.000000 0.000000 0.000000 0.000000 0.000000 0.000000 0.000000 -0.000411 -0.001450 -0.002804 -0.014414 -0.042326 -0.067469 -0.084788 -0.097360 -0.109472 -0.120090 -0.128629 -0.129356 -0.116944 -0.088796 -0.050157 -0.015367 -0.003202 -0.001496 -0.000371 0.000000 0.000000 0.000000 0.000000 0.000000 0.000000 0.000000 
0.000000 0.000000 0.000000 0.000000 0.000000 0.000000 0.000000 0.000000 0.000000 0.000000 -0.000037 -0.000719 -0.001519 -0.002688 -0.009324 -0.024791 -0.039037 -0.049205 -0.054432 -0.051557 -0.041210 -0.025187 -0.009382 -0.003062 -0.001659 -0.000700 -0.000033 0.000000 0.000000 0.000000 0.000000 0.000000 0.000000 0.000000 0.000000 
0.000000 0.000000 0.000000 0.000000 0.000000 0.000000 0.000000 0.000000 0.000000 0.000000 0.000000 0.000000 0.000000 -0.000399 -0.000801 -0.001168 -0.001487 -0.001751 -0.001876 -0.001826 -0.001596 -0.001250 -0.000824 -0.000381 0.000000 0.000000 0.000000 0.000000 0.000000 0.000000 0.000000 0.000000 0.000000 0.000000 0.000000 
0.000000 0.000000 0.000000 0.000000 0.000000 0.000000 0.000000 0.000000 0.000000 0.000000 0.000000 0.000000 0.000000 0.000000 0.000000 0.000000 0.000000 -0.000000 -0.000019 0.000000 0.000000 0.000000 0.000000 0.000000 0.000000 0.000000 0.000000 0.000000 0.000000 0.000000 0.000000 0.000000 0.000000 0.000000 0.000000 
