0.000000 0.000000 0.000000 0.000000 0.000000 0.000000 0.000000 0.000000 0.000000 0.000000 0.000000 0.000000 0.000000 0.000000 0.000000 0.000000 0.000000 -0.000001 -0.000002 0.000000 0.000000 0.000000 0.000000 0.000000 0.000000 0.000000 0.000000 0.000000 0.000000 0.000000 0.000000 0.000000 0.000000 0.000000 0.000000 
0.000000 0.000000 0.000000 0.000000 0.000000 0.000000 0.000000 0.000000 0.000000 0.000000 0.000000 0.000000 0.000000 0.000000 0.000000 0.000000 -0.000000 -0.000004 0.000001 0.000000 0.000000 0.000000 0.000000 0.000000 0.000000 0.000000 0.000000 0.000000 0.000000 0.000000 0.000000 0.000000 0.000000 0.000000 0.000000 
0.000000 0.000000 0.000000 0.000000 0.000000 0.000000 0.000000 0.000000 0.000000 0.000000 0.000000 0.000000 -0.000047 -0.000163 -0.000315 -0.000453 -0.000538 -0.000540 -0.000464 -0.000340 -0.000209 -0.000099 -0.000028 0.000000 0.000000 0.000000 0.000000 0.000000 0.000000 0.000000 0.000000 0.000000 0.000000 0.000000 0.000000 
0.000000 0.000000 0.000000 0.000000 0.000000 0.000000 0.000000 0.000000 0.000000 0.000002 -0.000094 -0.000366 -0.000807 -0.001799 -0.005337 -0.011237 -0.016131 -0.017302 -0.014215 -0.008873 -0.003904 -0.001180 -0.000410 -0.000169 -0.000045 -0.000001 0.000000 0.000000 0.000000 0.000000 0.000000 0.000000 0.000000 0.000000 0.000000 
0.000000 0.000000 0.000000 0.000000 0.000000 0.000000 0.000000 0.000000 -0.000028 -0.000257 -0.000766 -0.002893 -0.013520 -0.034532 -0.060561 -0.084184 -0.097690 -0.098209 -0.086374 -0.064948 -0.040591 -0.020193 -0.007001 -0.001370 -0.000312 -0.000105 -0.000016 0.000000 0.000000 0.000000 0.000000 0.000000 0.000000 0.000000 0.000000 
0.000000 0.000000 0.000000 0.000000 0.000000 0.000000 0.000000 -0.000055 -0.000375 -0.001080 -0.006624 -0.027290 -0.062892 -0.105213 -0.142487 -0.164044 -0.171257 -0.168279 -0.156697 -0.135128 -0.102675 -0.064617 -0.032744 -0.012076 -0.002545 -0.000373 -0.000128 -0.000026 0.000000 0.000000 0.000000 0.000000 0.000000 0.000000 0.000000 
0.000000 0.000000 0.000000 0.000000 0.000000 0.000000 -0.000077 -0.000397 -0.001091 -0.007070 -0.031249 -0.073887 -0.122704 -0.160677 -0.176918 -0.179771 -0.177083 -0.171857 -0.164741 -0.154316 -0.136977 -0.107150 -0.067801 -0.033583 -0.011729 -0.002250 -0.000326 -0.000117 -0.000026 0.000000 0.000000 0.000000 0.000000 0.000000 0.000000 
0.000000 0.000000 0.000000 0.000000 0.000000 -0.000079 -0.000361 -0.000943 -0.004287 -0.025058 -0.067412 -0.116438 -0.155513 -0.169339 -0.169711 -0.165740 -0.160773 -0.155348 -0.149722 -0.143120 -0.134209 -0.119384 -0.092042 -0.055436 -0.025616 -0.007723 -0.001172 -0.000263 -0.000101 -0.000021 0.000000 0.000000 0.000000 0.000000 0.000000 
0.000000 0.000000 0.000000 0.000000 -0.000060 -0.000295 -0.000753 -0.001845 -0.014429 -0.051261 -0.099612 -0.142834 -0.161750 -0.160891 -0.154859 -0.149452 -0.144505 -0.139494 -0.134126 -0.128486 -0.122147 -0.113774 -0.099128 -0.070885 -0.038893 -0.015852 -0.003823 -0.000560 -0.000237 -0.000092 -0.000014 0.000000 0.000000 0.000000 0.000000 
0.000000 0.000000 0.000000 -0.000028 -0.000207 -0.000561 -0.001887 -0.006446 -0.031078 -0.075128 -0.119939 -0.153141 -0.156941 -0.152722 -0.147066 -0.141267 -0.135053 -0.130113 -0.124660 -0.119978 -0.116152 -0.110721 -0.101194 -0.083497 -0.052928 -0.027779 -0.011137 -0.003160 -0.000848 -0.000242 -0.000082 -0.000007 0.000000 0.000000 0.000000 
0.000000 0.000000 -0.000002 -0.000103 -0.000368 -0.001655 -0.003328 -0.009939 -0.039940 -0.081771 -0.121961 -0.142754 -0.141358 -0.137642 -0.135192 -0.134328 -0.132511 -0.127877 -0.125152 -0.123286 -0.119765 -0.114848 -0.106792 -0.093814 -0.068342 -0.042604 -0.024699 -0.012713 -0.005533 -0.001433 -0.000240 -0.000059 0.000000 0.000000 0.000000 
0.000000 0.000000 -0.000020 -0.000150 -0.000866 -0.000343 0.002273 -0.002425 -0.032830 -0.072275 -0.109703 -0.121972 -0.118782 -0.115568 -0.115492 -0.118909 -0.124593 -0.132430 -0.136513 -0.135795 -0.132199 -0.126560 -0.118371 -0.106678 -0.085583 -0.059662 -0.041773 -0.028932 -0.018222 -0.007785 -0.001461 -0.000185 -0.000021 0.000000 0.000000 
0.000000 0.000000 -0.000009 -0.000213 0.001894 0.009416 0.019187 0.016140 -0.015347 -0.057338 -0.096532 -0.106716 -0.102245 -0.096745 -0.093910 -0.097024 -0.112058 -0.136996 -0.154190 -0.154629 -0.147159 -0.137415 -0.126687 -0.114573 -0.096211 -0.073028 -0.058912 -0.048138 -0.037272 -0.022203 -0.007415 -0.000680 -0.000092 0.000000 0.000000 
0.000000 0.000009 0.000079 0.001586 0.012518 0.029570 0.042416 0.035727 -0.001061 -0.045786 -0.087099 -0.099514 -0.095184 -0.088712 -0.082928 -0.083375 -0.103469 -0.138780 -0.166186 -0.168798 -0.156227 -0.144014 -0.132354 -0.119614 -0.100148 -0.077556 -0.066192 -0.062010 -0.057728 -0.043106 -0.020166 -0.003783 -0.000223 -0.000012 0.000000 
0.000000 0.000046 0.000368 0.008722 0.031601 0.054129 0.059747 0.050029 0.013057 -0.032748 -0.076953 -0.096568 -0.094002 -0.087283 -0.080611 -0.085028 -0.108979 -0.137503 -0.162674 -0.173274 -0.164077 -0.151762 -0.139760 -0.125321 -0.101855 -0.079190 -0.068709 -0.067306 -0.070572 -0.064521 -0.038889 -0.011394 -0.000517 -0.000049 0.000000 
0.000000 0.000120 0.001807 0.021691 0.055367 0.072740 0.069820 0.060857 0.029706 -0.015073 -0.062357 -0.093589 -0.096842 -0.091260 -0.085967 -0.100221 -0.128583 -0.142163 -0.155144 -0.175051 -0.175576 -0.163068 -0.149360 -0.130034 -0.101134 -0.078713 -0.068885 -0.069440 -0.076441 -0.078855 -0.059650 -0.022782 -0.001684 -0.000105 0.000000 
0.000000 0.000223 0.005150 0.038076 0.075836 0.084164 0.076582 0.067239 0.048754 0.009321 -0.038798 -0.082300 -0.100388 -0.102734 -0.106936 -0.134941 -0.165747 -0.165602 -0.165021 -0.189864 -0.199899 -0.184039 -0.161895 -0.130317 -0.097273 -0.076500 -0.067997 -0.071116 -0.079415 -0.086154 -0.075994 -0.035597 -0.004076 -0.000168 0.000000 
0.000000 0.000331 0.009245 0.052974 0.089942 0.091826 0.082101 0.072463 0.064290 0.038863 -0.004596 -0.057035 -0.100190 -0.121900 -0.137363 -0.173425 -0.202013 -0.192479 -0.182990 -0.209585 -0.227861 -0.209042 -0.170975 -0.125757 -0.090504 -0.072236 -0.067792 -0.072706 -0.081386 -0.089910 -0.085702 -0.045918 -0.006633 -0.000224 0.000000 
0.000006 0.000404 0.011971 0.062093 0.098753 0.097894 0.087267 0.077547 0.071242 0.063157 0.034178 -0.017192 -0.076641 -0.120471 -0.149385 -0.190360 -0.218409 -0.205255 -0.191153 -0.216824 -0.236718 -0.209464 -0.161280 -0.115212 -0.084472 -0.069729 -0.069101 -0.074197 -0.082954 -0.092127 -0.089916 -0.050629 -0.007914 -0.000254 -0.000002 
-0.000000 0.000411 0.011643 0.063397 0.103078 0.103142 0.092457 0.082523 0.076282 0.071664 0.058385 0.027399 -0.018094 -0.065543 -0.109882 -0.167301 -0.205476 -0.195126 -0.177720 -0.194415 -0.201606 -0.170874 -0.132206 -0.101466 -0.082158 -0.073486 -0.070596 -0.075518 -0.084379 -0.093188 -0.089218 -0.048537 -0.007159 -0.000246 0.000000 
0.000000 0.000350 0.008365 0.056129 0.101939 0.107435 0.097741 0.087590 0.081164 0.073685 0.062850 0.050009 0.034903 0.014006 -0.016451 -0.069048 -0.114749 -0.114893 -0.105009 -0.127692 -0.138876 -0.121410 -0.106055 -0.094878 -0.084910 -0.077795 -0.073912 -0.076813 -0.085533 -0.092837 -0.082826 -0.040105 -0.004770 -0.000202 0.000000 
0.000000 0.000243 0.004134 0.041230 0.091717 0.109092 0.102777 0.093195 0.085511 0.075601 0.064174 0.055505 0.052623 0.051508 0.048023 0.022183 -0.016645 -0.031238 -0.044496 -0.082207 -0.102821 -0.099661 -0.096802 -0.094243 -0.087528 -0.080921 -0.077584 -0.078364 -0.085935 -0.089005 -0.068908 -0.027521 -0.002164 -0.000136 0.000000 
0.000000 0.000130 0.001399 0.023919 0.069752 0.102799 0.105871 0.099164 0.090499 0.079095 0.067462 0.060967 0.059646 0.060883 0.063809 0.055694 0.026012 -0.006488 -0.045903 -0.086729 -0.099064 -0.096282 -0.094537 -0.093627 -0.089517 -0.083554 -0.080661 -0.080148 -0.083623 -0.077500 -0.048336 -0.014958 -0.000733 -0.000070 0.000000 
0.000000 0.000040 0.000581 0.009575 0.042324 0.080675 0.100763 0.102519 0.095489 0.084090 0.072723 0.067492 0.066736 0.068394 0.071737 0.069924 0.044202 -0.006148 -0.061794 -0.095035 -0.098530 -0.095360 -0.093732 -0.093400 -0.090983 -0.085285 -0.081959 -0.078765 -0.073491 -0.056061 -0.027365 -0.005548 -0.000341 -0.000020 0.000000 
0.000000 0.000000 0.000264 0.002118 0.018649 0.049194 0.076515 0.092764 0.095841 0.087754 0.077681 0.073068 0.072199 0.072856 0.072608 0.065447 0.038609 -0.012317 -0.063688 -0.089011 -0.093968 -0.093658 -0.093016 -0.093053 -0.090882 -0.084327 -0.077863 -0.066492 -0.051841 -0.031825 -0.011289 -0.001153 -0.000154 0.000000 0.000000 
0.000000 0.000000 0.000072 0.000522 0.004604 0.020950 0.044526 0.064512 0.074660 0.075072 0.070476 0.067289 0.064832 0.060472 0.052178 0.037683 0.014408 -0.020521 -0.052170 -0.068486 -0.077363 -0.082528 -0.085320 -0.086172 -0.081769 -0.071204 -0.059116 -0.043978 -0.028294 -0.012708 -0.002615 -0.000321 -0.000039 0.000000 0.000000 
0.000000 0.000000 -0.000001 0.000179 0.000720 0.004790 0.016575 0.032949 0.045206 0.047734 0.044127 0.039830 0.036241 0.030176 0.020335 0.006071 -0.011226 -0.026361 -0.037867 -0.048553 -0.057114 -0.063142 -0.066792 -0.067602 -0.061183 -0.049957 -0.036750 -0.021595 -0.009968 -0.002782 -0.000451 -0.000111 0.000000 0.000000 0.000000 
0.000000 0.000000 0.000000 0.000023 0.000254 0.000712 0.002819 0.009209 0.017700 0.020558 0.016984 0.010725 0.006137 0.000121 -0.008352 -0.018500 -0.026220 -0.028708 -0.030650 -0.035541 -0.041936 -0.047236 -0.050410 -0.049774 -0.040861 -0.029309 -0.016439 -0.006051 -0.001732 -0.000471 -0.000164 -0.000014 0.000000 0.000000 0.000000 
0.000000 0.000000 0.000000 0.000000 0.000042 0.000267 0.000601 0.001123 0.003118 0.002785 -0.002659 -0.010832 -0.017636 -0.022676 -0.026730 -0.028563 -0.029865 -0.031124 -0.032359 -0.033620 -0.035155 -0.037543 -0.038530 -0.033870 -0.023955 -0.013591 -0.004824 -0.000926 -0.000442 -0.000184 -0.000028 0.000000 0.000000 0.000000 0.000000 
0.000000 0.000000 0.000000 0.000000 0.000000 0.000058 0.000241 0.000468 0.000997 0.000648 -0.004386 -0.013583 -0.022945 -0.028218 -0.030792 -0.032381 -0.033636 -0.034802 -0.035940 -0.037016 -0.037791 -0.037410 -0.033598 -0.024622 -0.014857 -0.006372 -0.001479 -0.000410 -0.000185 -0.000041 0.000000 0.000000 0.000000 0.000000 0.000000 
0.000000 0.000000 0.000000 0.000000 0.000000 0.000000 0.000060 0.000198 0.000346 0.000815 -0.000790 -0.006953 -0.016833 -0.026432 -0.032337 -0.035475 -0.037336 -0.038637 -0.039576 -0.039935 -0.038860 -0.034550 -0.025922 -0.015998 -0.007495 -0.002164 -0.000390 -0.000176 -0.000045 0.000000 0.000000 0.000000 0.000000 0.000000 0.000000 
0.000000 0.000000 0.000000 0.000000 0.000000 0.000000 0.000000 0.000048 0.000145 0.000242 0.000525 -0.001261 -0.006819 -0.015445 -0.024836 -0.031872 -0.036035 -0.038004 -0.038096 -0.035883 -0.030678 -0.022509 -0.013769 -0.006624 -0.002033 -0.000353 -0.000152 -0.000039 0.000000 0.000000 0.000000 0.000000 0.000000 0.000000 0.000000 
0.000000 0.000000 0.000000 0.000000 0.000000 0.000000 0.000000 0.000000 0.000025 0.000082 0.000122 0.000290 -0.000494 -0.003746 -0.009104 -0.015172 -0.019904 -0.022173 -0.021659 -0.018472 -0.013464 -0.008155 -0.003725 -0.000994 -0.000232 -0.000101 -0.000021 0.000000 0.000000 0.000000 0.000000 0.000000 0.000000 0.000000 0.000000 
0.000000 0.000000 0.000000 0.000000 0.000000 0.000000 0.000000 0.000000 0.000000 0.000002 0.000024 0.000034 0.000017 0.000017 -0.000390 -0.001642 -0.003173 -0.004201 -0.004179 -0.003189 -0.001768 -0.000619 -0.000206 -0.000104 -0.000038 -0.000001 0.000000 0.000000 0.000000 0.000000 0.000000 0.000000 0.000000 0.000000 0.000000 
0.000000 0.000000 0.000000 0.000000 0.000000 0.000000 0.000000 0.000000 0.000000 0.000000 0.000000 0.000000 0.000003 -0.000005 -0.000026 -0.000057 -0.000090 -0.000113 -0.000117 -0.000103 -0.000076 -0.000045 -0.000017 0.000000 0.000000 0.000000 0.000000 0.000000 0.000000 0.000000 0.000000 0.000000 0.000000 0.000000 0.000000 
