0.000000 0.000000 0.000000 0.000000 0.000000 0.000000 0.000000 0.000000 0.000000 0.000000 0.000000 0.000000 0.000000 0.000000 0.000000 0.000000 0.000000 -0.000002 -0.000039 -0.000001 0.000000 0.000000 0.000000 0.000000 0.000000 0.000000 0.000000 0.000000 0.000000 0.000000 0.000000 0.000000 0.000000 0.000000 0.000000 
0.000000 0.000000 0.000000 0.000000 0.000000 0.000000 0.000000 0.000000 0.000000 0.000000 0.000000 0.000000 0.000000 0.000000 0.000000 0.000000 -0.000001 -0.000044 -0.000000 0.000000 0.000000 0.000000 0.000000 0.000000 0.000000 0.000000 0.000000 0.000000 0.000000 0.000000 0.000000 0.000000 0.000000 0.000000 0.000000 
0.000000 0.000000 0.000000 0.000000 0.000000 0.000000 0.000000 0.000000 0.000000 0.000000 0.000000 0.000000 -0.000411 -0.000892 -0.001376 -0.001806 -0.002121 -0.002207 -0.002052 -0.001698 -0.001266 -0.000810 -0.000372 0.000000 0.000000 0.000000 0.000000 0.000000 0.000000 0.000000 0.000000 0.000000 0.000000 0.000000 0.000000 
0.000000 0.000000 0.000000 0.000000 0.000000 0.000000 0.000000 0.000000 0.000000 -0.000027 -0.000712 -0.001674 -0.003142 -0.010010 -0.027517 -0.046380 -0.059832 -0.064271 -0.057723 -0.043284 -0.025002 -0.008939 -0.002773 -0.001470 -0.000632 -0.000025 0.000000 0.000000 0.000000 0.000000 0.000000 0.000000 0.000000 0.000000 0.000000 
0.000000 0.000000 0.000000 0.000000 0.000000 0.000000 0.000000 0.000000 -0.000366 -0.001482 -0.003150 -0.015170 -0.050108 -0.092691 -0.130546 -0.158144 -0.173388 -0.176737 -0.168953 -0.150043 -0.120515 -0.083340 -0.044101 -0.013207 -0.002711 -0.001290 -0.000330 0.000000 0.000000 0.000000 0.000000 0.000000 0.000000 0.000000 0.000000 
0.000000 0.000000 0.000000 0.000000 0.000000 0.000000 0.000000 -0.000601 -0.002083 -0.004752 -0.029711 -0.082113 -0.134920 -0.171873 -0.194112 -0.207382 -0.214940 -0.215617 -0.209194 -0.196334 -0.178931 -0.154681 -0.119293 -0.071612 -0.025672 -0.004078 -0.001807 -0.000538 0.000000 0.000000 0.000000 0.000000 0.000000 0.000000 0.000000 
0.000000 0.000000 0.000000 0.000000 0.000000 0.000000 -0.000713 -0.002372 -0.005078 -0.031593 -0.092593 -0.149109 -0.180829 -0.194793 -0.203624 -0.205845 -0.203199 -0.199988 -0.197402 -0.194142 -0.186187 -0.173097 -0.157954 -0.128988 -0.079822 -0.027162 -0.004369 -0.002077 -0.000649 0.000000 0.000000 0.000000 0.000000 0.000000 0.000000 
0.000000 0.000000 0.000000 0.000000 0.000000 -0.000696 -0.002414 -0.004997 -0.021117 -0.083011 -0.145969 -0.175871 -0.181529 -0.185299 -0.182317 -0.176191 -0.170402 -0.166850 -0.164910 -0.165057 -0.165145 -0.162164 -0.154337 -0.149121 -0.124116 -0.070996 -0.018160 -0.004345 -0.002154 -0.000651 0.000000 0.000000 0.000000 0.000000 0.000000 
0.000000 0.000000 0.000000 0.000000 -0.000565 -0.002205 -0.004764 -0.010235 -0.062546 -0.144251 -0.189980 -0.195645 -0.189914 -0.176643 -0.158116 -0.148252 -0.143308 -0.140013 -0.138094 -0.137627 -0.141435 -0.152173 -0.157984 -0.160880 -0.158919 -0.122430 -0.053855 -0.008950 -0.004220 -0.002017 -0.000553 0.000000 0.000000 0.000000 0.000000 
0.000000 0.000000 0.000000 -0.000343 -0.001832 -0.004408 -0.016558 -0.048673 -0.133593 -0.200882 -0.217582 -0.205399 -0.198704 -0.184455 -0.167239 -0.147353 -0.127846 -0.122658 -0.122427 -0.134251 -0.144888 -0.152663 -0.158174 -0.159040 -0.173547 -0.165389 -0.113637 -0.043470 -0.015359 -0.004030 -0.001736 -0.000346 0.000000 0.000000 0.000000 
0.000000 0.000000 -0.000025 -0.001274 -0.003878 -0.022432 -0.049603 -0.087412 -0.162511 -0.199047 -0.191044 -0.174333 -0.165650 -0.157145 -0.152980 -0.148003 -0.136134 -0.119572 -0.128725 -0.132961 -0.130455 -0.127035 -0.127852 -0.129826 -0.145937 -0.159867 -0.135405 -0.076587 -0.046491 -0.021824 -0.003719 -0.001270 -0.000026 0.000000 0.000000 
0.000000 0.000000 -0.000625 -0.002519 -0.020707 -0.049883 -0.055880 -0.078570 -0.135424 -0.151179 -0.128378 -0.112139 -0.102850 -0.099160 -0.103858 -0.115071 -0.124198 -0.132104 -0.121924 -0.111690 -0.099335 -0.091256 -0.088993 -0.091421 -0.104283 -0.130048 -0.121372 -0.075424 -0.056393 -0.050580 -0.021273 -0.002538 -0.000658 0.000000 0.000000 
0.000000 0.000000 -0.001372 -0.011379 -0.044123 -0.047404 -0.020631 -0.031658 -0.083994 -0.108602 -0.094545 -0.084634 -0.074466 -0.065316 -0.060564 -0.063608 -0.083828 -0.108422 -0.101435 -0.093427 -0.091969 -0.090694 -0.090627 -0.092492 -0.099704 -0.119851 -0.104245 -0.058754 -0.042880 -0.058813 -0.048688 -0.012288 -0.001461 0.000000 0.000000 
0.000000 -0.000371 -0.002421 -0.030752 -0.045951 -0.009116 0.032360 0.010620 -0.061585 -0.094157 -0.084294 -0.076393 -0.066304 -0.055594 -0.046171 -0.037212 -0.046771 -0.066409 -0.093321 -0.102662 -0.106481 -0.104151 -0.103486 -0.104789 -0.110821 -0.129159 -0.111500 -0.056397 -0.031500 -0.049727 -0.064160 -0.035618 -0.002695 -0.000412 0.000000 
0.000000 -0.000757 -0.007688 -0.042673 -0.017725 0.040882 0.061433 0.038647 -0.038501 -0.080833 -0.080873 -0.075843 -0.066901 -0.055127 -0.040143 -0.021453 -0.034605 -0.065402 -0.090067 -0.102350 -0.117843 -0.119626 -0.119406 -0.119886 -0.124671 -0.134603 -0.110074 -0.056068 -0.042066 -0.045960 -0.064836 -0.057792 -0.009034 -0.000871 0.000000 
0.000000 -0.001109 -0.019545 -0.039561 0.026438 0.071734 0.074328 0.064498 -0.007870 -0.064235 -0.078689 -0.078325 -0.073357 -0.059618 -0.030726 -0.000911 -0.031249 -0.054024 -0.068463 -0.078607 -0.120348 -0.137195 -0.138846 -0.136575 -0.138654 -0.134920 -0.097887 -0.049781 -0.053626 -0.057372 -0.063968 -0.074087 -0.024128 -0.001337 0.000000 
0.000000 -0.001403 -0.029171 -0.023885 0.062681 0.085903 0.082583 0.075270 0.032076 -0.033616 -0.068629 -0.076917 -0.084000 -0.076509 -0.039060 -0.046575 -0.105623 -0.114266 -0.111618 -0.101515 -0.129222 -0.165177 -0.165470 -0.152708 -0.147342 -0.123416 -0.076503 -0.052766 -0.061935 -0.070709 -0.071310 -0.086386 -0.039134 -0.001789 0.000000 
-0.000000 -0.001614 -0.034271 -0.005117 0.082591 0.094516 0.088998 0.080683 0.069480 0.014360 -0.043316 -0.084629 -0.112802 -0.122511 -0.092873 -0.127074 -0.184657 -0.178517 -0.165637 -0.156543 -0.172728 -0.207866 -0.199706 -0.177844 -0.143362 -0.096805 -0.057624 -0.059319 -0.068936 -0.080686 -0.084278 -0.097114 -0.050342 -0.002165 0.000000 
-0.000054 -0.001672 -0.035597 0.005818 0.091834 0.100407 0.093787 0.085251 0.079547 0.056922 -0.018853 -0.077309 -0.101538 -0.126066 -0.101868 -0.150777 -0.213373 -0.203981 -0.186116 -0.177241 -0.189201 -0.215059 -0.186177 -0.175329 -0.137503 -0.075964 -0.060795 -0.066493 -0.076433 -0.089614 -0.096834 -0.106904 -0.055482 -0.002330 -0.000062 
-0.000000 -0.001570 -0.033064 0.004262 0.094211 0.103996 0.097526 0.088974 0.079407 0.040474 0.006912 -0.010461 -0.026326 -0.050450 -0.054082 -0.128531 -0.210682 -0.204050 -0.182923 -0.162336 -0.156449 -0.157568 -0.124320 -0.114834 -0.119493 -0.104610 -0.072450 -0.074234 -0.084864 -0.098869 -0.106861 -0.114567 -0.051674 -0.002232 0.000000 
0.000000 -0.001334 -0.027793 -0.008029 0.086095 0.105528 0.100062 0.091943 0.058039 0.016135 0.013985 0.044182 0.055161 0.054054 0.065914 0.012255 -0.083990 -0.086283 -0.067529 -0.046372 -0.059312 -0.073998 -0.065834 -0.072930 -0.113537 -0.131367 -0.105209 -0.082779 -0.094691 -0.108448 -0.116509 -0.115435 -0.040190 -0.001891 0.000000 
0.000000 -0.001044 -0.018806 -0.023505 0.059239 0.102958 0.101691 0.090931 0.035175 0.005029 0.025947 0.060719 0.077880 0.091627 0.115216 0.115881 0.048376 0.032060 0.031179 0.014357 -0.035614 -0.053771 -0.058573 -0.067223 -0.104566 -0.144448 -0.136494 -0.096646 -0.105328 -0.117627 -0.125998 -0.102203 -0.024013 -0.001419 0.000000 
0.000000 -0.000721 -0.007332 -0.031654 0.015628 0.083838 0.100299 0.078730 0.020278 0.004143 0.039526 0.070270 0.084816 0.096765 0.111893 0.117822 0.066884 0.021751 -0.003263 -0.031950 -0.056749 -0.060380 -0.062621 -0.069035 -0.098557 -0.151177 -0.161076 -0.123203 -0.116015 -0.128270 -0.125838 -0.075528 -0.009004 -0.000902 0.000000 
0.000000 -0.000363 -0.002117 -0.026026 -0.021877 0.035726 0.082987 0.065520 0.011909 0.004967 0.049145 0.076211 0.089702 0.100937 0.112059 0.120448 0.082068 0.017712 -0.040095 -0.064484 -0.071196 -0.069562 -0.070754 -0.076384 -0.101083 -0.161176 -0.180754 -0.146484 -0.127550 -0.133075 -0.106039 -0.041652 -0.003068 -0.000403 0.000000 
0.000000 0.000000 -0.001212 -0.010235 -0.032313 -0.014771 0.028800 0.032654 0.002298 0.003354 0.050989 0.077990 0.091116 0.101027 0.107664 0.105958 0.067703 -0.011472 -0.059119 -0.076286 -0.080755 -0.080779 -0.082380 -0.088129 -0.112094 -0.173168 -0.194720 -0.163784 -0.133766 -0.116000 -0.066996 -0.013065 -0.001625 0.000000 0.000000 
0.000000 0.000000 -0.000582 -0.002098 -0.017518 -0.034415 -0.021884 -0.023489 -0.051539 -0.036451 0.022312 0.059175 0.071515 0.073881 0.066128 0.049612 0.026845 -0.017037 -0.053927 -0.076823 -0.084643 -0.088016 -0.092083 -0.099711 -0.129906 -0.191245 -0.208309 -0.161631 -0.114686 -0.074818 -0.024767 -0.002956 -0.000662 0.000000 0.000000 
0.000000 0.000000 -0.000026 -0.001109 -0.003176 -0.018439 -0.035469 -0.054504 -0.098239 -0.100529 -0.054735 -0.009506 0.003886 0.009397 0.006766 0.002757 0.003191 0.006664 -0.023499 -0.055867 -0.077780 -0.091236 -0.102378 -0.112506 -0.151533 -0.198233 -0.192060 -0.122647 -0.067330 -0.026398 -0.004379 -0.001357 -0.000020 0.000000 0.000000 
0.000000 0.000000 0.000000 -0.000316 -0.001536 -0.003544 -0.013556 -0.037788 -0.098424 -0.131043 -0.109170 -0.059350 -0.041259 -0.028769 -0.018593 -0.007264 0.006429 0.009896 0.006972 -0.016117 -0.043615 -0.065916 -0.082588 -0.096565 -0.144040 -0.169053 -0.132579 -0.054965 -0.018266 -0.004785 -0.001925 -0.000328 0.000000 0.000000 0.000000 
0.000000 0.000000 0.000000 0.000000 -0.000505 -0.001819 -0.003807 -0.008102 -0.049392 -0.104824 -0.114775 -0.079544 -0.046407 -0.027481 -0.010639 -0.002278 0.001470 0.003629 0.004140 0.003006 -0.003032 -0.019701 -0.036608 -0.065399 -0.106414 -0.107611 -0.055420 -0.010151 -0.004877 -0.002254 -0.000541 0.000000 0.000000 0.000000 0.000000 
0.000000 0.000000 0.000000 0.000000 0.000000 -0.000596 -0.001968 -0.003955 -0.016808 -0.062822 -0.096324 -0.087273 -0.051267 -0.030833 -0.020197 -0.012785 -0.007516 -0.005064 -0.004261 -0.005935 -0.008865 -0.013206 -0.025641 -0.064059 -0.086851 -0.064522 -0.019126 -0.004805 -0.002394 -0.000683 0.000000 0.000000 0.000000 0.000000 0.000000 
0.000000 0.000000 0.000000 0.000000 0.000000 0.000000 -0.000596 -0.001897 -0.003950 -0.024711 -0.067251 -0.092180 -0.082559 -0.054385 -0.036622 -0.027980 -0.022042 -0.018709 -0.017735 -0.018689 -0.020641 -0.030672 -0.059619 -0.081042 -0.067208 -0.027302 -0.004629 -0.002286 -0.000714 0.000000 0.000000 0.000000 0.000000 0.000000 0.000000 
0.000000 0.000000 0.000000 0.000000 0.000000 0.000000 0.000000 -0.000496 -0.001635 -0.003630 -0.022907 -0.058580 -0.083315 -0.083169 -0.065869 -0.049100 -0.040226 -0.035807 -0.033473 -0.035243 -0.047081 -0.066829 -0.075744 -0.059229 -0.025425 -0.004192 -0.001960 -0.000616 0.000000 0.000000 0.000000 0.000000 0.000000 0.000000 0.000000 
0.000000 0.000000 0.000000 0.000000 0.000000 0.000000 0.000000 0.000000 -0.000304 -0.001156 -0.002343 -0.011682 -0.036579 -0.061369 -0.075974 -0.078931 -0.075158 -0.071254 -0.070032 -0.071096 -0.070394 -0.060789 -0.039298 -0.013406 -0.002681 -0.001379 -0.000375 0.000000 0.000000 0.000000 0.000000 0.000000 0.000000 0.000000 0.000000 
0.000000 0.000000 0.000000 0.000000 0.000000 0.000000 0.000000 0.000000 0.000000 -0.000023 -0.000573 -0.001265 -0.002290 -0.007627 -0.020907 -0.034061 -0.043053 -0.046795 -0.044253 -0.036341 -0.023366 -0.008716 -0.002486 -0.001409 -0.000666 -0.000031 0.000000 0.000000 0.000000 0.000000 0.000000 0.000000 0.000000 0.000000 0.000000 
0.000000 0.000000 0.000000 0.000000 0.000000 0.000000 0.000000 0.000000 0.000000 0.000000 0.000000 0.000000 -0.000336 -0.000689 -0.001018 -0.001303 -0.001524 -0.001609 -0.001546 -0.001343 -0.001073 -0.000748 -0.000377 0.000000 0.000000 0.000000 0.000000 0.000000 0.000000 0.000000 0.000000 0.000000 0.000000 0.000000 0.000000 
