0.000000 0.000000 0.000000 0.000000 0.000000 0.000000 0.000000 0.000000 0.000000 0.000000 0.000000 0.000000 0.000000 0.000000 0.000000 0.000000 0.000000 -0.000000 -0.000002 -0.000000 0.000000 0.000000 0.000000 0.000000 0.000000 0.000000 0.000000 0.000000 0.000000 0.000000 0.000000 0.000000 0.000000 0.000000 0.000000 
0.000000 0.000000 0.000000 0.000000 0.000000 0.000000 0.000000 0.000000 0.000000 0.000000 0.000000 0.000000 0.000000 0.000000 0.000000 0.000000 0.000000 -0.000004 0.000000 0.000000 0.000000 0.000000 0.000000 0.000000 0.000000 0.000000 0.000000 0.000000 0.000000 0.000000 0.000000 0.000000 0.000000 0.000000 0.000000 
0.000000 0.000000 0.000000 0.000000 0.000000 0.000000 0.000000 0.000000 0.000000 0.000000 0.000000 0.000000 -0.000030 -0.000114 -0.000237 -0.000371 -0.000485 -0.000540 -0.000517 -0.000422 -0.000287 -0.000148 -0.000044 0.000000 0.000000 0.000000 0.000000 0.000000 0.000000 0.000000 0.000000 0.000000 0.000000 0.000000 0.000000 
0.000000 0.000000 0.000000 0.000000 0.000000 0.000000 0.000000 0.000000 0.000000 0.000001 -0.000049 -0.000211 -0.000506 -0.001266 -0.004115 -0.009372 -0.014669 -0.017302 -0.015677 -0.010738 -0.005126 -0.001713 -0.000711 -0.000324 -0.000090 0.000000 0.000000 0.000000 0.000000 0.000000 0.000000 0.000000 0.000000 0.000000 0.000000 
0.000000 0.000000 0.000000 0.000000 0.000000 0.000000 0.000000 0.000000 -0.000010 -0.000120 -0.000397 -0.001633 -0.008606 -0.024300 -0.046698 -0.071043 -0.090003 -0.098209 -0.094061 -0.078088 -0.054453 -0.030425 -0.011915 -0.002630 -0.000680 -0.000243 -0.000034 0.000000 0.000000 0.000000 0.000000 0.000000 0.000000 0.000000 0.000000 
0.000000 0.000000 0.000000 0.000000 0.000000 0.000000 0.000000 -0.000017 -0.000151 -0.000495 -0.003435 -0.016295 -0.041891 -0.077432 -0.115550 -0.144600 -0.161492 -0.168279 -0.166463 -0.154572 -0.129612 -0.092398 -0.053745 -0.023071 -0.005733 -0.000958 -0.000352 -0.000064 0.000000 0.000000 0.000000 0.000000 0.000000 0.000000 0.000000 
0.000000 0.000000 0.000000 0.000000 0.000000 0.000000 -0.000020 -0.000133 -0.000434 -0.003310 -0.017180 -0.045850 -0.085331 -0.124655 -0.150150 -0.162735 -0.168824 -0.171857 -0.173000 -0.171352 -0.163744 -0.143173 -0.105173 -0.061620 -0.025798 -0.006010 -0.000983 -0.000381 -0.000082 0.000000 0.000000 0.000000 0.000000 0.000000 0.000000 
0.000000 0.000000 0.000000 0.000000 0.000000 -0.000018 -0.000094 -0.000301 -0.001718 -0.012314 -0.038093 -0.074776 -0.112708 -0.135757 -0.145839 -0.150506 -0.153323 -0.155348 -0.157172 -0.158354 -0.158081 -0.152966 -0.134847 -0.097098 -0.054935 -0.020466 -0.003740 -0.000906 -0.000368 -0.000081 0.000000 0.000000 0.000000 0.000000 0.000000 
0.000000 0.000000 0.000000 0.000000 -0.000012 -0.000052 -0.000162 -0.000517 -0.005751 -0.024611 -0.055660 -0.091633 -0.117365 -0.127836 -0.132394 -0.135141 -0.137421 -0.139494 -0.141211 -0.142796 -0.144612 -0.146830 -0.143513 -0.122086 -0.082845 -0.042502 -0.012500 -0.001889 -0.000828 -0.000335 -0.000061 0.000000 0.000000 0.000000 0.000000 
0.000000 0.000000 0.000000 -0.000004 -0.000013 -0.000040 -0.000042 -0.000416 -0.009631 -0.032239 -0.062779 -0.094146 -0.107881 -0.114524 -0.119210 -0.123631 -0.127432 -0.130113 -0.132281 -0.137615 -0.144008 -0.148918 -0.150254 -0.142492 -0.110088 -0.070669 -0.032584 -0.009190 -0.002693 -0.000763 -0.000276 -0.000031 0.000000 0.000000 0.000000 
0.000000 0.000000 -0.000001 0.000011 0.000050 0.000587 0.002722 0.003500 -0.007588 -0.030136 -0.059532 -0.083221 -0.092033 -0.098075 -0.104256 -0.112226 -0.120500 -0.127877 -0.137163 -0.145388 -0.150701 -0.154415 -0.156118 -0.153346 -0.130771 -0.094238 -0.057051 -0.026152 -0.011584 -0.003675 -0.000658 -0.000172 -0.000001 0.000000 0.000000 
0.000000 0.000000 0.000014 0.000089 0.000895 0.005103 0.011409 0.013612 0.001732 -0.020581 -0.049440 -0.067307 -0.074297 -0.080005 -0.087185 -0.097503 -0.111878 -0.132430 -0.149228 -0.157201 -0.160506 -0.162123 -0.162855 -0.161344 -0.145846 -0.111356 -0.076336 -0.044969 -0.027358 -0.013231 -0.003222 -0.000423 -0.000055 0.000000 0.000000 
0.000000 0.000000 0.000074 0.000525 0.005602 0.015790 0.025797 0.028127 0.014533 -0.010566 -0.041422 -0.057910 -0.063856 -0.067560 -0.072203 -0.082091 -0.104850 -0.136996 -0.161398 -0.169562 -0.168866 -0.166600 -0.165076 -0.163379 -0.151321 -0.119800 -0.088792 -0.060125 -0.043882 -0.028577 -0.011123 -0.001418 -0.000175 0.000000 0.000000 
0.000000 0.000015 0.000202 0.003288 0.015862 0.031788 0.042028 0.040168 0.022207 -0.004779 -0.036882 -0.055057 -0.061245 -0.064340 -0.066838 -0.076418 -0.103639 -0.138780 -0.166017 -0.175755 -0.172317 -0.168386 -0.166292 -0.164072 -0.150365 -0.118562 -0.089460 -0.066450 -0.057340 -0.045324 -0.023510 -0.005485 -0.000346 -0.000019 0.000000 
0.000000 0.000057 0.000582 0.010029 0.030796 0.048500 0.052435 0.047108 0.028633 0.001419 -0.031793 -0.055087 -0.063019 -0.066259 -0.068586 -0.082703 -0.111539 -0.137503 -0.160114 -0.175599 -0.176102 -0.172785 -0.170742 -0.166802 -0.147016 -0.113356 -0.084284 -0.064385 -0.063260 -0.058892 -0.038084 -0.012701 -0.000731 -0.000060 0.000000 
0.000000 0.000121 0.002037 0.020134 0.047149 0.059748 0.057634 0.051653 0.035978 0.010143 -0.023556 -0.054379 -0.067601 -0.072424 -0.076903 -0.098505 -0.128058 -0.142163 -0.155670 -0.176767 -0.184640 -0.181904 -0.178601 -0.169243 -0.139935 -0.103929 -0.075157 -0.060235 -0.064256 -0.065863 -0.051432 -0.021225 -0.001914 -0.000106 0.000000 
0.000000 0.000198 0.004740 0.031517 0.059877 0.065832 0.060604 0.054128 0.044467 0.022654 -0.009475 -0.046657 -0.071770 -0.083997 -0.097458 -0.129356 -0.159837 -0.165602 -0.170931 -0.195449 -0.209377 -0.202776 -0.190513 -0.165960 -0.126596 -0.089833 -0.063710 -0.058005 -0.063438 -0.067822 -0.060035 -0.029038 -0.003666 -0.000143 0.000000 
-0.000000 0.000267 0.007589 0.040779 0.067705 0.069334 0.062749 0.056133 0.051137 0.037826 0.010861 -0.028334 -0.069733 -0.099788 -0.124866 -0.162861 -0.191867 -0.192479 -0.193136 -0.220149 -0.240358 -0.231153 -0.201432 -0.154458 -0.105961 -0.071199 -0.054639 -0.056375 -0.062034 -0.067418 -0.063466 -0.033723 -0.004977 -0.000160 -0.000000 
0.000004 0.000305 0.009148 0.045482 0.071721 0.071706 0.064624 0.058023 0.053904 0.049739 0.033420 -0.000968 -0.049731 -0.096719 -0.135591 -0.177391 -0.205916 -0.205255 -0.203646 -0.229794 -0.250511 -0.233216 -0.188190 -0.131435 -0.083714 -0.056312 -0.051764 -0.054674 -0.060311 -0.065938 -0.062884 -0.034017 -0.005091 -0.000154 0.000000 
0.000000 0.000296 0.008525 0.044680 0.072515 0.073353 0.066431 0.059757 0.055731 0.053601 0.046525 0.026028 -0.009301 -0.052526 -0.097998 -0.152214 -0.190964 -0.195126 -0.192232 -0.209502 -0.213490 -0.183891 -0.141000 -0.100095 -0.070298 -0.055423 -0.050045 -0.052751 -0.058353 -0.063399 -0.058655 -0.029821 -0.004041 -0.000131 0.000000 
0.000000 0.000245 0.006001 0.038290 0.069512 0.074126 0.068125 0.061455 0.057715 0.054189 0.047531 0.037217 0.023795 0.005688 -0.021704 -0.065324 -0.104332 -0.114893 -0.115426 -0.131416 -0.133624 -0.113091 -0.094948 -0.082086 -0.069591 -0.058298 -0.050462 -0.050678 -0.055917 -0.059528 -0.050399 -0.022266 -0.002406 -0.000097 0.000000 
0.000000 0.000168 0.002960 0.027534 0.060695 0.072850 0.069366 0.063359 0.059531 0.054376 0.046512 0.038063 0.033410 0.030663 0.026469 0.009119 -0.016764 -0.031238 -0.044377 -0.069144 -0.081268 -0.078817 -0.077590 -0.076801 -0.069867 -0.059696 -0.051603 -0.048529 -0.052524 -0.052762 -0.037886 -0.013825 -0.000990 -0.000060 0.000000 
0.000000 0.000089 0.000990 0.015845 0.045148 0.066345 0.068971 0.065255 0.061378 0.055158 0.046584 0.039528 0.036416 0.035563 0.036131 0.030931 0.014342 -0.006488 -0.034233 -0.061965 -0.071386 -0.070963 -0.071307 -0.072188 -0.068639 -0.059617 -0.051539 -0.046239 -0.046724 -0.041047 -0.023732 -0.006885 -0.000323 -0.000029 0.000000 
0.000000 0.000028 0.000394 0.006400 0.027166 0.050863 0.063320 0.065186 0.062599 0.056294 0.047612 0.041554 0.039026 0.038540 0.039343 0.037113 0.022393 -0.006148 -0.039985 -0.062224 -0.066136 -0.065506 -0.066022 -0.067462 -0.065871 -0.057489 -0.049068 -0.041432 -0.036048 -0.026249 -0.012207 -0.002373 -0.000154 -0.000007 0.000000 
0.000000 0.000000 0.000180 0.001454 0.012043 0.030868 0.047177 0.057262 0.060651 0.056331 0.048349 0.042742 0.040202 0.039119 0.037651 0.031954 0.015735 -0.012317 -0.040814 -0.055517 -0.059011 -0.059921 -0.061018 -0.062727 -0.061550 -0.052904 -0.042673 -0.030990 -0.022503 -0.013499 -0.004682 -0.000489 -0.000069 0.000000 0.000000 
0.000000 0.000000 0.000050 0.000357 0.003053 0.013287 0.027499 0.039557 0.046806 0.047321 0.042557 0.037577 0.034035 0.030031 0.024068 0.014447 -0.000206 -0.020521 -0.037556 -0.045250 -0.049253 -0.052088 -0.054523 -0.056460 -0.053849 -0.043453 -0.031262 -0.019024 -0.011267 -0.005046 -0.001064 -0.000155 -0.000018 0.000000 0.000000 
0.000000 0.000000 -0.000000 0.000126 0.000489 0.003135 0.010456 0.020503 0.028959 0.030940 0.027091 0.021177 0.016767 0.011687 0.004834 -0.004660 -0.016215 -0.026361 -0.032878 -0.037822 -0.041612 -0.044653 -0.047318 -0.048948 -0.044147 -0.033162 -0.020503 -0.009149 -0.003850 -0.001127 -0.000219 -0.000057 -0.000001 0.000000 0.000000 
0.000000 0.000000 0.000000 0.000017 0.000176 0.000482 0.001869 0.005966 0.012107 0.014840 0.011716 0.004648 -0.000950 -0.006361 -0.012745 -0.020028 -0.026010 -0.028708 -0.030860 -0.034012 -0.037543 -0.040754 -0.043323 -0.043698 -0.035593 -0.023591 -0.010846 -0.002808 -0.000782 -0.000241 -0.000086 -0.000009 0.000000 0.000000 0.000000 
0.000000 0.000000 0.000000 0.000000 0.000031 0.000183 0.000413 0.000785 0.002521 0.003543 0.000286 -0.007125 -0.015009 -0.020612 -0.024834 -0.027264 -0.029217 -0.031124 -0.033007 -0.034919 -0.037052 -0.039606 -0.041157 -0.037578 -0.026900 -0.014348 -0.004227 -0.000588 -0.000253 -0.000100 -0.000017 0.000000 0.000000 0.000000 0.000000 
0.000000 0.000000 0.000000 0.000000 0.000000 0.000040 0.000165 0.000332 0.000770 0.001213 -0.001201 -0.007941 -0.017202 -0.024209 -0.028171 -0.030775 -0.032864 -0.034802 -0.036712 -0.038623 -0.040412 -0.041419 -0.039341 -0.030263 -0.018043 -0.006938 -0.001252 -0.000273 -0.000109 -0.000023 0.000000 0.000000 0.000000 0.000000 0.000000 
0.000000 0.000000 0.000000 0.000000 0.000000 0.000000 0.000039 0.000135 0.000253 0.000676 0.000166 -0.003591 -0.011456 -0.021232 -0.028802 -0.033396 -0.036368 -0.038637 -0.040544 -0.042013 -0.042396 -0.039750 -0.031298 -0.019360 -0.008451 -0.002025 -0.000297 -0.000113 -0.000024 0.000000 0.000000 0.000000 0.000000 0.000000 0.000000 
0.000000 0.000000 0.000000 0.000000 0.000000 0.000000 0.000000 0.000028 0.000097 0.000176 0.000395 -0.000554 -0.004367 -0.011494 -0.020726 -0.028892 -0.034580 -0.038004 -0.039551 -0.038863 -0.034789 -0.026460 -0.016220 -0.007331 -0.001903 -0.000288 -0.000104 -0.000019 0.000000 0.000000 0.000000 0.000000 0.000000 0.000000 0.000000 
0.000000 0.000000 0.000000 0.000000 0.000000 0.000000 0.000000 0.000000 0.000014 0.000052 0.000086 0.000146 -0.000455 -0.002888 -0.007406 -0.013300 -0.018752 -0.022173 -0.022811 -0.020345 -0.015162 -0.009013 -0.003764 -0.000851 -0.000197 -0.000071 -0.000010 0.000000 0.000000 0.000000 0.000000 0.000000 0.000000 0.000000 0.000000 
0.000000 0.000000 0.000000 0.000000 0.000000 0.000000 0.000000 0.000000 0.000000 0.000001 0.000013 0.000021 0.000008 -0.000077 -0.000574 -0.001733 -0.003172 -0.004201 -0.004180 -0.003099 -0.001585 -0.000524 -0.000197 -0.000091 -0.000028 0.000000 0.000000 0.000000 0.000000 0.000000 0.000000 0.000000 0.000000 0.000000 0.000000 
0.000000 0.000000 0.000000 0.000000 0.000000 0.000000 0.000000 0.000000 0.000000 0.000000 0.000000 0.000000 -0.000000 -0.000007 -0.000026 -0.000054 -0.000088 -0.000113 -0.000119 -0.000105 -0.000076 -0.000042 -0.000014 0.000000 0.000000 0.000000 0.000000 0.000000 0.000000 0.000000 0.000000 0.000000 0.000000 0.000000 0.000000 
