0.000000 0.000000 0.000000 0.000000 0.000000 0.000000 0.000000 0.000000 0.000000 0.000000 0.000000 0.000000 0.000000 0.000000 0.000000 0.000000 0.000000 0.000000 0.000000 0.000000 0.000000 0.000000 0.000000 0.000000 0.000000 0.000000 0.000000 0.000000 0.000000 0.000000 0.000000 0.000000 0.000000 0.000000 0.000000 
0.000000 0.000000 0.000000 0.000000 0.000000 0.000000 0.000000 0.000000 0.000000 0.000000 0.000000 0.000000 0.000000 0.000000 0.000000 0.000000 0.000000 0.000000 0.000000 0.000000 0.000000 0.000000 0.000000 0.000000 0.000000 0.000000 0.000000 0.000000 0.000000 0.000000 0.000000 0.000000 0.000000 0.000000 0.000000 
0.000000 0.000000 0.000000 0.000000 0.000000 0.000000 0.000000 0.000000 0.000000 0.000000 0.000000 0.000000 -0.000285 -0.000536 -0.000663 -0.000625 -0.000400 -0.000048 0.000292 0.000484 0.000493 0.000360 0.000165 0.000000 0.000000 0.000000 0.000000 0.000000 0.000000 0.000000 0.000000 0.000000 0.000000 0.000000 0.000000 
0.000000 0.000000 0.000000 0.000000 0.000000 0.000000 0.000000 0.000000 0.000000 0.000000 -0.000538 -0.001154 -0.001923 -0.006267 -0.015622 -0.018506 -0.012279 -0.001026 0.009263 0.013311 0.010502 0.004578 0.001772 0.000960 0.000371 0.000000 0.000000 0.000000 0.000000 0.000000 0.000000 0.000000 0.000000 0.000000 0.000000 
0.000000 0.000000 0.000000 0.000000 0.000000 0.000000 0.000000 0.000000 -0.000273 -0.001119 -0.002260 -0.011114 -0.033064 -0.045713 -0.036435 -0.006804 0.029414 0.059022 0.077363 0.083083 0.076171 0.056299 0.029958 0.008777 0.002114 0.000910 0.000185 0.000000 0.000000 0.000000 0.000000 0.000000 0.000000 0.000000 0.000000 
0.000000 0.000000 0.000000 0.000000 0.000000 0.000000 0.000000 -0.000401 -0.001504 -0.003343 -0.022391 -0.054059 -0.066574 -0.044568 0.010224 0.070219 0.119265 0.154247 0.175686 0.182970 0.174333 0.148902 0.106697 0.058500 0.019146 0.003184 0.001307 0.000307 0.000000 0.000000 0.000000 0.000000 0.000000 0.000000 0.000000 
0.000000 0.000000 0.000000 0.000000 0.000000 0.000000 -0.000411 -0.001588 -0.003612 -0.024256 -0.065146 -0.086063 -0.055807 0.010990 0.077837 0.130666 0.171728 0.203600 0.227434 0.242508 0.246024 0.232140 0.196321 0.139410 0.071890 0.021241 0.003505 0.001431 0.000329 0.000000 0.000000 0.000000 0.000000 0.000000 0.000000 
0.000000 0.000000 0.000000 0.000000 0.000000 -0.000317 -0.001433 -0.003404 -0.016116 -0.063513 -0.099678 -0.080079 -0.015958 0.054199 0.110583 0.156109 0.193455 0.224183 0.249157 0.267805 0.279351 0.279659 0.260597 0.213372 0.143918 0.065445 0.014212 0.003347 0.001331 0.000271 0.000000 0.000000 0.000000 0.000000 0.000000 
0.000000 0.000000 0.000000 0.000000 -0.000166 -0.001118 -0.003044 -0.007032 -0.047157 -0.109886 -0.122045 -0.076514 -0.002132 0.066353 0.124088 0.167911 0.203929 0.234446 0.259958 0.280716 0.296396 0.308406 0.307907 0.278016 0.213877 0.128279 0.043448 0.006938 0.003043 0.001102 0.000151 0.000000 0.000000 0.000000 0.000000 
0.000000 0.000000 0.000000 -0.000085 -0.000762 -0.002474 -0.008663 -0.033890 -0.113306 -0.178568 -0.174699 -0.116161 -0.043290 0.026603 0.095040 0.158090 0.208379 0.241944 0.269500 0.301032 0.336142 0.364520 0.377122 0.365531 0.306285 0.216669 0.107146 0.027814 0.007525 0.002590 0.000811 0.000067 0.000000 0.000000 0.000000 
0.000000 0.000000 0.000000 -0.000390 -0.001702 -0.009627 -0.034610 -0.090763 -0.190879 -0.239169 -0.219078 -0.152886 -0.084310 -0.017614 0.051085 0.121869 0.190469 0.247040 0.298942 0.354934 0.404416 0.441418 0.460160 0.456775 0.409124 0.318948 0.202928 0.085316 0.031108 0.008166 0.001956 0.000444 0.000000 0.000000 0.000000 
0.000000 0.000000 -0.000104 -0.000864 -0.005647 -0.029792 -0.070267 -0.135524 -0.224694 -0.253546 -0.220170 -0.150280 -0.085538 -0.025687 0.032599 0.094787 0.166733 0.258618 0.353963 0.428752 0.485180 0.525313 0.547152 0.546613 0.507256 0.416176 0.298635 0.167274 0.084262 0.032070 0.005410 0.001164 0.000105 0.000000 0.000000 
0.000000 0.000000 -0.000273 -0.000995 -0.015127 -0.049932 -0.082904 -0.131779 -0.201295 -0.215680 -0.175324 -0.104220 -0.040742 0.014198 0.061318 0.106020 0.173651 0.293500 0.422051 0.510643 0.567793 0.604143 0.623197 0.622950 0.588328 0.500431 0.384772 0.249420 0.156074 0.079617 0.021238 0.001575 0.000413 0.000000 0.000000 
0.000000 0.000000 -0.000342 -0.000625 -0.019245 -0.045363 -0.052575 -0.080027 -0.145231 -0.162808 -0.125231 -0.054361 0.009720 0.065452 0.113269 0.158280 0.237965 0.365101 0.495347 0.583653 0.629320 0.657885 0.672844 0.670844 0.635759 0.550406 0.442915 0.319547 0.230369 0.143380 0.052967 0.004813 0.000780 0.000000 0.000000 
0.000000 0.000031 0.001107 0.004461 -0.003637 -0.004097 0.005015 -0.012644 -0.083417 -0.110283 -0.081039 -0.011998 0.053964 0.111610 0.160596 0.219256 0.336451 0.467698 0.570424 0.635299 0.667449 0.690480 0.702797 0.697542 0.655560 0.569854 0.466163 0.354860 0.291790 0.209037 0.094589 0.015079 -0.000208 0.000048 0.000000 
0.000000 0.000124 0.006737 0.022834 0.038153 0.054925 0.060418 0.054192 -0.013978 -0.055902 -0.042781 0.020164 0.088838 0.143687 0.185121 0.257367 0.411091 0.560590 0.644163 0.691670 0.705783 0.714723 0.717887 0.704871 0.650689 0.561841 0.459625 0.367600 0.327077 0.260998 0.141217 0.030114 -0.003855 0.000107 0.000000 
0.000000 0.000308 0.015437 0.053929 0.093649 0.111534 0.111950 0.107422 0.062330 0.004665 -0.003994 0.035575 0.083258 0.109474 0.129296 0.221154 0.408273 0.570951 0.668889 0.725712 0.748737 0.763334 0.747688 0.699881 0.623481 0.531813 0.433950 0.374172 0.342633 0.288257 0.179193 0.044338 -0.007318 0.000114 0.000000 
0.000000 0.000544 0.025846 0.095144 0.150063 0.163104 0.161152 0.154860 0.140656 0.080606 0.031111 -0.001598 -0.009189 0.004950 0.034632 0.153319 0.361532 0.517977 0.620119 0.675373 0.710147 0.763534 0.779680 0.709161 0.588265 0.480161 0.401540 0.372371 0.343445 0.294919 0.196589 0.052155 -0.010643 0.000059 0.000000 
0.000000 0.000713 0.033156 0.133770 0.201350 0.211775 0.208379 0.201303 0.193143 0.155189 0.039788 -0.074206 -0.120765 -0.083034 -0.018289 0.116564 0.332437 0.486857 0.581114 0.601355 0.593111 0.649922 0.711577 0.685143 0.571801 0.438674 0.383766 0.360221 0.332030 0.285479 0.190688 0.046594 -0.013719 0.000001 0.000000 
0.000000 0.000752 0.033039 0.158403 0.246249 0.258199 0.254493 0.247131 0.234205 0.164134 0.040552 -0.094034 -0.152863 -0.124598 -0.064335 0.068402 0.281120 0.440350 0.529180 0.510945 0.463345 0.488548 0.546887 0.579969 0.541726 0.457028 0.368138 0.337786 0.309030 0.260068 0.161355 0.027610 -0.014694 -0.000047 0.000000 
0.000000 0.000600 0.023484 0.157092 0.279225 0.301608 0.299512 0.291945 0.249527 0.143495 0.023598 -0.062255 -0.091447 -0.090190 -0.069668 0.009871 0.180166 0.343011 0.425124 0.366223 0.298701 0.320065 0.375330 0.457471 0.509294 0.471505 0.374728 0.305325 0.273510 0.218758 0.110691 0.003190 -0.012339 -0.000036 0.000000 
0.000000 0.000362 0.009703 0.119739 0.280591 0.339349 0.342105 0.333645 0.253804 0.130770 0.015983 -0.032786 -0.028589 -0.016579 -0.006767 0.016762 0.116501 0.252166 0.291328 0.202021 0.152154 0.198334 0.269873 0.365841 0.457928 0.457268 0.373080 0.265342 0.223785 0.157346 0.049127 -0.011641 -0.006513 -0.000020 0.000000 
0.000000 0.000133 0.002362 0.070430 0.228842 0.353035 0.378857 0.364581 0.262788 0.133113 0.029060 0.002814 0.013541 0.031251 0.049147 0.059735 0.101344 0.169447 0.147726 0.064242 0.065303 0.125263 0.197924 0.287209 0.391111 0.419110 0.348023 0.223167 0.154954 0.077161 0.002637 -0.014175 -0.001181 -0.000007 0.000000 
0.000000 -0.000000 0.000748 0.023703 0.137800 0.293326 0.389042 0.387156 0.280906 0.151993 0.056626 0.041891 0.054263 0.070869 0.087065 0.093813 0.083579 0.041557 -0.034256 -0.062009 -0.014125 0.050432 0.122855 0.209251 0.314359 0.356753 0.292574 0.159792 0.067992 0.012653 -0.012652 -0.007315 0.000255 0.000000 0.000000 
0.000000 0.000000 0.000138 0.002631 0.054716 0.175819 0.303133 0.362799 0.293654 0.173844 0.084773 0.073896 0.085690 0.098339 0.101906 0.077731 0.004063 -0.107133 -0.185701 -0.168816 -0.103852 -0.034546 0.040161 0.126618 0.231087 0.275478 0.209401 0.077216 0.006952 -0.012129 -0.009346 -0.000646 0.000218 0.000000 0.000000 
0.000000 0.000000 -0.000095 0.000251 0.008617 0.065008 0.165890 0.242760 0.207502 0.127217 0.059500 0.052055 0.058047 0.049860 0.016861 -0.045131 -0.131263 -0.216707 -0.245491 -0.217335 -0.170468 -0.111679 -0.039807 0.046925 0.153274 0.197372 0.141327 0.030042 -0.011514 -0.008037 -0.001289 0.000590 0.000103 0.000000 0.000000 
0.000000 0.000000 0.000000 -0.000215 0.000272 0.008948 0.049401 0.103056 0.078073 0.001883 -0.069080 -0.088494 -0.087225 -0.101572 -0.138472 -0.191469 -0.241325 -0.261080 -0.246394 -0.218367 -0.182172 -0.132656 -0.065189 0.023373 0.131314 0.166095 0.108510 0.014621 -0.003717 0.000208 0.001050 0.000342 0.000000 0.000000 0.000000 
0.000000 0.000000 0.000000 -0.000131 -0.000321 -0.000082 0.002591 0.014294 -0.022027 -0.111921 -0.197994 -0.242570 -0.244789 -0.253443 -0.270498 -0.287183 -0.284803 -0.262827 -0.234834 -0.203772 -0.165756 -0.114054 -0.044130 0.051581 0.148605 0.158816 0.085128 0.012098 0.003101 0.001664 0.000617 0.000096 0.000000 0.000000 0.000000 
0.000000 0.000000 0.000000 0.000000 -0.000205 -0.000478 -0.000825 -0.002382 -0.034147 -0.133541 -0.247847 -0.324070 -0.340242 -0.336101 -0.324040 -0.305315 -0.283681 -0.258389 -0.228098 -0.191216 -0.144299 -0.083586 -0.003076 0.103807 0.166253 0.136607 0.050501 0.005830 0.002402 0.000929 0.000167 0.000000 0.000000 0.000000 0.000000 
0.000000 0.000000 0.000000 0.000000 0.000000 -0.000234 -0.000661 -0.001657 -0.010674 -0.070536 -0.181851 -0.283466 -0.332741 -0.333392 -0.320334 -0.301120 -0.277994 -0.250276 -0.216968 -0.175125 -0.121413 -0.050045 0.047050 0.136569 0.145762 0.080379 0.017129 0.003064 0.001256 0.000307 0.000000 0.000000 0.000000 0.000000 0.000000 
0.000000 0.000000 0.000000 0.000000 0.000000 0.000000 -0.000192 -0.000784 -0.002310 -0.019799 -0.084988 -0.185101 -0.268030 -0.303032 -0.301023 -0.285154 -0.261844 -0.231599 -0.193332 -0.143596 -0.077054 0.012681 0.102672 0.129337 0.085525 0.027640 0.003575 0.001466 0.000376 0.000000 0.000000 0.000000 0.000000 0.000000 0.000000 
0.000000 0.000000 0.000000 0.000000 0.000000 0.000000 0.000000 -0.000144 -0.000778 -0.002367 -0.018800 -0.071078 -0.145033 -0.210090 -0.239416 -0.238074 -0.217872 -0.184676 -0.137413 -0.072586 0.006984 0.077258 0.096829 0.069510 0.025398 0.003426 0.001435 0.000377 0.000000 0.000000 0.000000 0.000000 0.000000 0.000000 0.000000 
0.000000 0.000000 0.000000 0.000000 0.000000 0.000000 0.000000 0.000000 -0.000092 -0.000590 -0.001703 -0.008515 -0.035563 -0.075960 -0.110589 -0.123582 -0.113141 -0.083571 -0.039275 0.011677 0.050437 0.058636 0.039038 0.011994 0.002329 0.001082 0.000250 0.000000 0.000000 0.000000 0.000000 0.000000 0.000000 0.000000 0.000000 
0.000000 0.000000 0.000000 0.000000 0.000000 0.000000 0.000000 0.000000 0.000000 0.000000 -0.000290 -0.000884 -0.001865 -0.005060 -0.013120 -0.019553 -0.017201 -0.004990 0.010181 0.019001 0.016400 0.006536 0.002040 0.001181 0.000529 0.000000 0.000000 0.000000 0.000000 0.000000 0.000000 0.000000 0.000000 0.000000 0.000000 
0.000000 0.000000 0.000000 0.000000 0.000000 0.000000 0.000000 0.000000 0.000000 0.000000 0.000000 0.000000 -0.000166 -0.000403 -0.000624 -0.000702 -0.000547 -0.000163 0.000279 0.000582 0.000661 0.000540 0.000285 0.000000 0.000000 0.000000 0.000000 0.000000 0.000000 0.000000 0.000000 0.000000 0.000000 0.000000 0.000000 
