0.000000 0.000000 0.000000 0.000000 0.000000 0.000000 0.000000 0.000000 0.000000 0.000000 0.000000 0.000000 0.000000 0.000000 0.000000 0.000000 0.000000 0.000000 0.000000 0.000000 0.000000 0.000000 0.000000 0.000000 0.000000 0.000000 0.000000 0.000000 0.000000 0.000000 0.000000 0.000000 0.000000 0.000000 0.000000 
0.000000 0.000000 0.000000 0.000000 0.000000 0.000000 0.000000 0.000000 0.000000 0.000000 0.000000 0.000000 0.000000 0.000000 0.000000 0.000000 0.000000 0.000000 0.000000 0.000000 0.000000 0.000000 0.000000 0.000000 0.000000 0.000000 0.000000 0.000000 0.000000 0.000000 0.000000 0.000000 0.000000 0.000000 0.000000 
0.000000 0.000000 0.000000 0.000000 0.000000 0.000000 0.000000 0.000000 0.000000 0.000000 0.000000 0.000000 0.000000 0.000021 0.000055 0.000090 0.000117 0.000126 0.000117 0.000090 0.000055 0.000021 0.000000 0.000000 0.000000 0.000000 0.000000 0.000000 0.000000 0.000000 0.000000 0.000000 0.000000 0.000000 0.000000 
0.000000 0.000000 0.000000 0.000000 0.000000 0.000000 0.000000 0.000000 0.000000 0.000000 0.000011 0.000074 0.000183 0.000239 0.000532 0.001663 0.002926 0.003410 0.002926 0.001663 0.000532 0.000239 0.000183 0.000074 0.000011 0.000000 0.000000 0.000000 0.000000 0.000000 0.000000 0.000000 0.000000 0.000000 0.000000 
0.000000 0.000000 0.000000 0.000000 0.000000 0.000000 0.000000 0.000000 0.000002 0.000058 0.000203 0.000464 0.002636 0.008604 0.017665 0.027830 0.035973 0.038921 0.035973 0.027830 0.017665 0.008604 0.002636 0.000464 0.000203 0.000058 0.000002 0.000000 0.000000 0.000000 0.000000 0.000000 0.000000 0.000000 0.000000 
0.000000 0.000000 0.000000 0.000000 0.000000 0.000000 0.000000 0.000011 0.000101 0.000310 0.001311 0.006786 0.018881 0.036750 0.057723 0.075687 0.086819 0.090478 0.086819 0.075687 0.057723 0.036750 0.018881 0.006786 0.001311 0.000310 0.000101 0.000011 0.000000 0.000000 0.000000 0.000000 0.000000 0.000000 0.000000 
0.000000 0.000000 0.000000 0.000000 0.000000 0.000000 0.000016 0.000120 0.000357 0.001570 0.008325 0.023834 0.047318 0.073543 0.094816 0.108140 0.115166 0.117344 0.115166 0.108140 0.094816 0.073543 0.047318 0.023834 0.008325 0.001570 0.000357 0.000120 0.000016 0.000000 0.000000 0.000000 0.000000 0.000000 0.000000 
0.000000 0.000000 0.000000 0.000000 0.000000 0.000016 0.000123 0.000366 0.001138 0.006749 0.022090 0.046306 0.074277 0.097686 0.112772 0.121953 0.127006 0.128564 0.127006 0.121953 0.112772 0.097686 0.074277 0.046306 0.022090 0.006749 0.001138 0.000366 0.000123 0.000016 0.000000 0.000000 0.000000 0.000000 0.000000 
0.000000 0.000000 0.000000 0.000000 0.000011 0.000120 0.000366 0.000839 0.004106 0.016723 0.039397 0.067415 0.093623 0.110711 0.121583 0.128905 0.133015 0.134358 0.133015 0.128905 0.121583 0.110711 0.093623 0.067415 0.039397 0.016723 0.004106 0.000839 0.000366 0.000120 0.000011 0.000000 0.000000 0.000000 0.000000 
0.000000 0.000000 0.000000 0.000002 0.000101 0.000357 0.001144 0.004108 0.014282 0.035464 0.063173 0.093116 0.114507 0.127133 0.133430 0.135998 0.137775 0.138979 0.137775 0.135998 0.133430 0.127133 0.114507 0.093116 0.063173 0.035464 0.014282 0.004108 0.001144 0.000357 0.000101 0.000002 0.000000 0.000000 0.000000 
0.000000 0.000000 0.000000 0.000058 0.000309 0.001569 0.006741 0.016718 0.035473 0.061907 0.092522 0.121632 0.139965 0.150214 0.153584 0.152217 0.147858 0.144870 0.147858 0.152217 0.153584 0.150214 0.139965 0.121632 0.092522 0.061907 0.035473 0.016718 0.006741 0.001569 0.000309 0.000058 0.000000 0.000000 0.000000 
0.000000 0.000000 0.000010 0.000203 0.001309 0.008332 0.022106 0.039390 0.063168 0.092494 0.125115 0.153036 0.170160 0.179065 0.180838 0.176598 0.168109 0.163295 0.168109 0.176598 0.180838 0.179065 0.170160 0.153036 0.125115 0.092494 0.063168 0.039390 0.022106 0.008332 0.001309 0.000203 0.000010 0.000000 0.000000 
0.000000 0.000000 0.000075 0.000488 0.006788 0.023846 0.046262 0.067422 0.093126 0.121662 0.153123 0.179774 0.196936 0.207186 0.210748 0.206933 0.200859 0.199186 0.200859 0.206933 0.210748 0.207186 0.196936 0.179774 0.153123 0.121662 0.093126 0.067422 0.046262 0.023846 0.006788 0.000488 0.000075 0.000000 0.000000 
0.000000 0.000000 0.000183 0.002649 0.018859 0.047347 0.074258 0.093635 0.114545 0.139993 0.170249 0.196964 0.214856 0.226588 0.233013 0.236027 0.243263 0.249272 0.243263 0.236027 0.233013 0.226588 0.214856 0.196964 0.170249 0.139993 0.114545 0.093635 0.074258 0.047347 0.018859 0.002649 0.000183 -0.000000 0.000000 
0.000000 0.000021 0.000231 0.008571 0.036719 0.073545 0.097664 0.110655 0.127143 0.150155 0.179133 0.207212 0.226574 0.239597 0.247833 0.260067 0.286040 0.300925 0.286040 0.260067 0.247833 0.239597 0.226574 0.207212 0.179133 0.150155 0.127143 0.110655 0.097664 0.073545 0.036719 0.008571 0.000231 0.000021 0.000000 
0.000000 0.000055 0.000556 0.017727 0.057707 0.094807 0.112716 0.121658 0.133440 0.153611 0.180864 0.210667 0.232895 0.247807 0.259076 0.284261 0.325752 0.346876 0.325752 0.284261 0.259076 0.247807 0.232895 0.210667 0.180864 0.153611 0.133440 0.121658 0.112716 0.094807 0.057707 0.017727 0.000556 0.000055 0.000000 
0.000000 0.000090 0.001649 0.027829 0.075678 0.108105 0.121932 0.128906 0.136101 0.152319 0.176742 0.207055 0.236065 0.260162 0.284376 0.330887 0.386243 0.408049 0.386243 0.330887 0.284376 0.260162 0.236065 0.207055 0.176742 0.152319 0.136101 0.128906 0.121932 0.108105 0.075678 0.027829 0.001649 0.000090 0.000000 
0.000000 0.000116 0.002917 0.035989 0.086770 0.115086 0.126999 0.133050 0.137839 0.147973 0.168229 0.200952 0.243456 0.286170 0.325911 0.386258 0.447987 0.468031 0.447987 0.386258 0.325911 0.286170 0.243456 0.200952 0.168229 0.147973 0.137839 0.133050 0.126999 0.115086 0.086770 0.035989 0.002917 0.000116 0.000000 
0.000000 0.000127 0.003436 0.038960 0.090425 0.117319 0.128591 0.134414 0.138987 0.144969 0.163431 0.199389 0.249445 0.300977 0.346895 0.408055 0.468097 0.486717 0.468097 0.408055 0.346895 0.300977 0.249445 0.199389 0.163431 0.144969 0.138987 0.134414 0.128591 0.117319 0.090425 0.038960 0.003436 0.000127 0.000000 
0.000000 0.000116 0.002917 0.035989 0.086770 0.115086 0.126999 0.133050 0.137839 0.147973 0.168229 0.200952 0.243456 0.286170 0.325911 0.386258 0.447987 0.468031 0.447987 0.386258 0.325911 0.286170 0.243456 0.200952 0.168229 0.147973 0.137839 0.133050 0.126999 0.115086 0.086770 0.035989 0.002917 0.000116 0.000000 
0.000000 0.000090 0.001649 0.027829 0.075678 0.108105 0.121932 0.128906 0.136101 0.152319 0.176742 0.207055 0.236065 0.260162 0.284376 0.330887 0.386243 0.408049 0.386243 0.330887 0.284376 0.260162 0.236065 0.207055 0.176742 0.152319 0.136101 0.128906 0.121932 0.108105 0.075678 0.027829 0.001649 0.000090 0.000000 
0.000000 0.000055 0.000556 0.017727 0.057707 0.094807 0.112716 0.121658 0.133440 0.153611 0.180864 0.210667 0.232895 0.247807 0.259076 0.284261 0.325752 0.346876 0.325752 0.284261 0.259076 0.247807 0.232895 0.210667 0.180864 0.153611 0.133440 0.121658 0.112716 0.094807 0.057707 0.017727 0.000556 0.000055 0.000000 
0.000000 0.000021 0.000231 0.008571 0.036719 0.073545 0.097664 0.110655 0.127143 0.150155 0.179133 0.207212 0.226574 0.239597 0.247833 0.260067 0.286040 0.300925 0.286040 0.260067 0.247833 0.239597 0.226574 0.207212 0.179133 0.150155 0.127143 0.110655 0.097664 0.073545 0.036719 0.008571 0.000231 0.000021 0.000000 
0.000000 0.000000 0.000183 0.002649 0.018859 0.047347 0.074258 0.093635 0.114545 0.139993 0.170249 0.196964 0.214856 0.226588 0.233013 0.236027 0.243263 0.249272 0.243263 0.236027 0.233013 0.226588 0.214856 0.196964 0.170249 0.139993 0.114545 0.093635 0.074258 0.047347 0.018859 0.002649 0.000183 0.000000 0.000000 
0.000000 0.000000 0.000075 0.000488 0.006788 0.023846 0.046262 0.067422 0.093126 0.121662 0.153123 0.179774 0.196936 0.207186 0.210748 0.206933 0.200859 0.199186 0.200859 0.206933 0.210748 0.207186 0.196936 0.179774 0.153123 0.121662 0.093126 0.067422 0.046262 0.023846 0.006788 0.000488 0.000075 0.000000 0.000000 
0.000000 0.000000 0.000010 0.000203 0.001309 0.008332 0.022106 0.039390 0.063168 0.092494 0.125115 0.153036 0.170160 0.179065 0.180838 0.176598 0.168109 0.163295 0.168109 0.176598 0.180838 0.179065 0.170160 0.153036 0.125115 0.092494 0.063168 0.039390 0.022106 0.008332 0.001309 0.000203 0.000010 0.000000 0.000000 
0.000000 0.000000 0.000000 0.000058 0.000309 0.001569 0.006741 0.016718 0.035473 0.061907 0.092522 0.121632 0.139965 0.150214 0.153584 0.152217 0.147858 0.144870 0.147858 0.152217 0.153584 0.150214 0.139965 0.121632 0.092522 0.061907 0.035473 0.016718 0.006741 0.001569 0.000309 0.000058 0.000000 0.000000 0.000000 
0.000000 0.000000 0.000000 0.000002 0.000101 0.000357 0.001144 0.004108 0.014282 0.035464 0.063173 0.093116 0.114507 0.127133 0.133430 0.135998 0.137775 0.138979 0.137775 0.135998 0.133430 0.127133 0.114507 0.093116 0.063173 0.035464 0.014282 0.004108 0.001144 0.000357 0.000101 0.000002 0.000000 0.000000 0.000000 
0.000000 0.000000 0.000000 0.000000 0.000011 0.000120 0.000366 0.000839 0.004106 0.016723 0.039397 0.067415 0.093623 0.110711 0.121583 0.128905 0.133015 0.134358 0.133015 0.128905 0.121583 0.110711 0.093623 0.067415 0.039397 0.016723 0.004106 0.000839 0.000366 0.000120 0.000011 0.000000 0.000000 0.000000 0.000000 
0.000000 0.000000 0.000000 0.000000 0.000000 0.000016 0.000123 0.000366 0.001138 0.006749 0.022090 0.046306 0.074277 0.097686 0.112772 0.121953 0.127006 0.128564 0.127006 0.121953 0.112772 0.097686 0.074277 0.046306 0.022090 0.006749 0.001138 0.000366 0.000123 0.000016 0.000000 0.000000 0.000000 0.000000 0.000000 
0.000000 0.000000 0.000000 0.000000 0.000000 0.000000 0.000016 0.000120 0.000357 0.001570 0.008325 0.023834 0.047318 0.073543 0.094816 0.108140 0.115166 0.117344 0.115166 0.108140 0.094816 0.073543 0.047318 0.023834 0.008325 0.001570 0.000357 0.000120 0.000016 0.000000 0.000000 0.000000 0.000000 0.000000 0.000000 
0.000000 0.000000 0.000000 0.000000 0.000000 0.000000 0.000000 0.000011 0.000101 0.000310 0.001311 0.006786 0.018881 0.036750 0.057723 0.075687 0.086819 0.090478 0.086819 0.075687 0.057723 0.036750 0.018881 0.006786 0.001311 0.000310 0.000101 0.000011 0.000000 0.000000 0.000000 0.000000 0.000000 0.000000 0.000000 
0.000000 0.000000 0.000000 0.000000 0.000000 0.000000 0.000000 0.000000 0.000002 0.000058 0.000203 0.000464 0.002636 0.008604 0.017665 0.027830 0.035973 0.038921 0.035973 0.027830 0.017665 0.008604 0.002636 0.000464 0.000203 0.000058 0.000002 0.000000 0.000000 0.000000 0.000000 0.000000 0.000000 0.000000 0.000000 
0.000000 0.000000 0.000000 0.000000 0.000000 0.000000 0.000000 0.000000 0.000000 0.000000 0.000011 0.000074 0.000183 0.000239 0.000532 0.001663 0.002926 0.003410 0.002926 0.001663 0.000532 0.000239 0.000183 0.000074 0.000011 0.000000 0.000000 0.000000 0.000000 0.000000 0.000000 0.000000 0.000000 0.000000 0.000000 
0.000000 0.000000 0.000000 0.000000 0.000000 0.000000 0.000000 0.000000 0.000000 0.000000 0.000000 0.000000 0.000000 0.000021 0.000055 0.000090 0.000117 0.000126 0.000117 0.000090 0.000055 0.000021 0.000000 0.000000 0.000000 0.000000 0.000000 0.000000 0.000000 0.000000 0.000000 0.000000 0.000000 0.000000 0.000000 
