0.000000 0.000000 0.000000 0.000000 0.000000 0.000000 0.000000 0.000000 0.000000 0.000000 0.000000 0.000000 0.000000 0.000000 0.000000 0.000000 0.000000 0.000000 0.000000 0.000000 0.000000 0.000000 0.000000 0.000000 0.000000 0.000000 0.000000 0.000000 0.000000 0.000000 0.000000 0.000000 0.000000 0.000000 0.000000 
0.000000 0.000000 0.000000 0.000000 0.000000 0.000000 0.000000 0.000000 0.000000 0.000000 0.000000 0.000000 0.000000 0.000000 0.000000 0.000000 0.000000 0.000000 0.000000 0.000000 0.000000 0.000000 0.000000 0.000000 0.000000 0.000000 0.000000 0.000000 0.000000 0.000000 0.000000 0.000000 0.000000 0.000000 0.000000 
0.000000 0.000000 0.000000 0.000000 0.000000 0.000000 0.000000 0.000000 0.000000 0.000000 0.000000 0.000000 -0.001026 -0.002233 -0.003306 -0.004069 -0.004325 -0.003946 -0.003157 -0.002260 -0.001461 -0.000846 -0.000341 0.000000 0.000000 0.000000 0.000000 0.000000 0.000000 0.000000 0.000000 0.000000 0.000000 0.000000 0.000000 
0.000000 0.000000 0.000000 0.000000 0.000000 0.000000 0.000000 0.000000 0.000000 0.000000 -0.001741 -0.004084 -0.007448 -0.021728 -0.053990 -0.075905 -0.078752 -0.066033 -0.042547 -0.022632 -0.011403 -0.005169 -0.002242 -0.001286 -0.000595 0.000000 0.000000 0.000000 0.000000 0.000000 0.000000 0.000000 0.000000 0.000000 0.000000 
0.000000 0.000000 0.000000 0.000000 0.000000 0.000000 0.000000 0.000000 -0.000782 -0.003264 -0.007015 -0.031893 -0.093849 -0.139291 -0.142610 -0.109158 -0.059421 -0.017203 0.011362 0.027499 0.033892 0.021617 0.002404 -0.004277 -0.001901 -0.001056 -0.000304 0.000000 0.000000 0.000000 0.000000 0.000000 0.000000 0.000000 0.000000 
0.000000 0.000000 0.000000 0.000000 0.000000 0.000000 0.000000 -0.001048 -0.003870 -0.008871 -0.056383 -0.135038 -0.168757 -0.127436 -0.032664 0.060499 0.127726 0.174542 0.204431 0.214301 0.198478 0.161376 0.096897 0.032589 -0.000569 -0.002056 -0.001212 -0.000379 0.000000 0.000000 0.000000 0.000000 0.000000 0.000000 0.000000 
0.000000 0.000000 0.000000 0.000000 0.000000 0.000000 -0.000987 -0.003503 -0.008129 -0.055772 -0.146641 -0.176783 -0.106590 -0.003132 0.079893 0.139315 0.187782 0.230332 0.267605 0.298515 0.315455 0.305573 0.260463 0.159556 0.050476 0.001561 -0.001945 -0.001202 -0.000440 0.000000 0.000000 0.000000 0.000000 0.000000 0.000000 
0.000000 0.000000 0.000000 0.000000 0.000000 -0.000754 -0.002651 -0.005980 -0.032674 -0.129848 -0.179613 -0.122306 -0.027076 0.049319 0.103098 0.149886 0.191736 0.232730 0.271472 0.309642 0.343316 0.367094 0.361074 0.302996 0.171959 0.042907 -0.001387 -0.001825 -0.001116 -0.000387 0.000000 0.000000 0.000000 0.000000 0.000000 
0.000000 0.000000 0.000000 0.000000 -0.000437 -0.001636 -0.003705 -0.008375 -0.074328 -0.151690 -0.120807 -0.035275 0.036729 0.076306 0.107758 0.145092 0.184354 0.222996 0.262326 0.301709 0.337773 0.361757 0.381161 0.368657 0.275256 0.119882 0.011699 -0.002545 -0.001552 -0.000887 -0.000345 0.000000 0.000000 0.000000 0.000000 
0.000000 0.000000 0.000000 -0.000256 -0.000872 -0.001417 0.007934 0.023865 -0.036716 -0.052518 0.010898 0.087726 0.137736 0.170562 0.185959 0.180436 0.178130 0.208103 0.239555 0.251353 0.276705 0.317296 0.362367 0.389139 0.338550 0.190865 0.037677 -0.010238 -0.004794 -0.000985 -0.000573 -0.000220 0.000000 0.000000 0.000000 
0.000000 0.000000 0.000000 -0.000433 0.000051 0.025647 0.089855 0.106720 0.011114 -0.014490 0.031296 0.081042 0.131216 0.182525 0.233146 0.259701 0.247831 0.196616 0.181911 0.223038 0.290416 0.365627 0.437213 0.484245 0.472379 0.330445 0.133513 0.014446 0.003504 -0.002190 -0.000178 -0.000344 0.000000 0.000000 0.000000 
0.000000 0.000000 -0.000161 0.000221 0.028738 0.116255 0.179324 0.104691 -0.054272 -0.114574 -0.095824 -0.065159 -0.016173 0.055749 0.149931 0.248288 0.285825 0.234007 0.211152 0.286061 0.384557 0.474300 0.548335 0.600249 0.612945 0.485752 0.279687 0.117270 0.064226 0.031917 0.002916 0.000347 -0.000200 0.000000 0.000000 
0.000000 0.000000 0.000104 0.014077 0.111836 0.195375 0.156761 -0.004401 -0.177297 -0.200130 -0.153555 -0.119008 -0.077304 -0.030241 0.030468 0.112364 0.193208 0.297090 0.352596 0.398749 0.488711 0.567188 0.630255 0.677423 0.696211 0.570569 0.369666 0.218402 0.167654 0.113835 0.046637 0.003910 0.000273 0.000000 0.000000 
0.000000 -0.000000 0.001155 0.069622 0.192375 0.180352 0.064895 -0.046656 -0.159312 -0.170471 -0.122051 -0.090437 -0.052712 -0.012281 0.029973 0.042405 0.107733 0.331284 0.509373 0.528364 0.556726 0.619578 0.677648 0.723880 0.743231 0.612451 0.409670 0.259132 0.231960 0.205475 0.138563 0.032303 0.001707 0.000000 0.000000 
0.000000 0.000231 0.010012 0.138932 0.217482 0.125248 0.066112 0.004700 -0.110788 -0.127155 -0.076201 -0.046388 -0.012708 0.022974 0.048478 0.034050 0.144719 0.385855 0.592420 0.619920 0.603447 0.654645 0.710258 0.755537 0.762392 0.614832 0.416872 0.286053 0.260870 0.247865 0.222779 0.103109 0.006481 0.000435 0.000000 
0.000000 0.000605 0.040799 0.198881 0.207489 0.133549 0.102063 0.069470 -0.039334 -0.072092 -0.031165 0.004396 0.025485 0.014661 -0.055117 -0.138570 0.046066 0.290650 0.499156 0.608392 0.629988 0.674583 0.734134 0.779908 0.749930 0.579458 0.394564 0.301022 0.284662 0.266833 0.260293 0.188794 0.026725 0.001243 0.000000 
0.000000 0.001005 0.071409 0.217167 0.211037 0.174342 0.145008 0.121872 0.045998 -0.017988 0.005147 0.006139 -0.105341 -0.223666 -0.314134 -0.264253 0.071019 0.345494 0.521520 0.623004 0.634053 0.709202 0.761724 0.786589 0.697456 0.511864 0.360087 0.312932 0.300190 0.284257 0.266885 0.246687 0.061145 0.002230 0.000000 
0.000000 0.001289 0.088419 0.238340 0.243251 0.218622 0.191789 0.169690 0.140164 0.056969 -0.037975 -0.184009 -0.299302 -0.258561 -0.195566 -0.034064 0.304411 0.506563 0.636456 0.690331 0.684272 0.764719 0.862455 0.806189 0.600853 0.430270 0.337013 0.319068 0.308440 0.292611 0.270448 0.267997 0.086945 0.003002 0.000000 
0.000000 0.001360 0.088721 0.255619 0.284853 0.264473 0.240361 0.218420 0.197020 0.084582 -0.194891 -0.331443 -0.216491 -0.027497 -0.040198 0.040179 0.362940 0.545739 0.656090 0.655656 0.597329 0.698013 0.814465 0.774697 0.556892 0.370261 0.333610 0.320418 0.310280 0.296016 0.270542 0.264892 0.088950 0.003171 0.000000 
0.000000 0.001129 0.070344 0.261335 0.326439 0.313018 0.289268 0.267920 0.222003 -0.018683 -0.236918 -0.244216 -0.051879 0.077800 0.031839 0.075446 0.396423 0.583016 0.677107 0.620239 0.530280 0.551526 0.560151 0.575376 0.545579 0.420764 0.329595 0.316240 0.306783 0.290698 0.262413 0.239228 0.067128 0.002739 0.000000 
0.000000 0.000790 0.043279 0.236127 0.356263 0.358557 0.338593 0.316815 0.163283 -0.088080 -0.174624 -0.049507 0.046137 0.083558 0.064936 0.081749 0.398882 0.609935 0.681479 0.528931 0.354648 0.306140 0.291390 0.377482 0.520135 0.487190 0.357360 0.307835 0.297232 0.278208 0.243024 0.184347 0.032446 0.001861 0.000000 
0.000000 0.000448 0.017985 0.177866 0.353803 0.398553 0.385901 0.355362 0.109370 -0.089972 -0.064275 0.088430 0.116335 0.112940 0.062042 -0.021672 0.195554 0.434857 0.444957 0.232118 0.101343 0.120046 0.170758 0.270688 0.454929 0.512940 0.399763 0.297001 0.280185 0.255441 0.201354 0.099134 0.005593 0.000953 0.000000 
0.000000 0.000145 0.003517 0.102417 0.288891 0.415309 0.427572 0.363622 0.096554 -0.044184 0.045650 0.164529 0.169339 0.165076 0.134438 0.001076 0.027874 0.230339 0.201817 0.040089 0.020525 0.066579 0.123606 0.208042 0.380985 0.511220 0.427259 0.293372 0.250878 0.211544 0.115183 0.026007 0.000533 0.000294 0.000000 
0.000000 -0.000000 0.000992 0.037591 0.186761 0.351561 0.443296 0.375959 0.116530 0.011024 0.131052 0.215414 0.216170 0.209635 0.194720 0.096322 -0.030028 -0.018147 -0.033914 -0.067766 -0.023048 0.022336 0.080940 0.161114 0.322374 0.489538 0.424372 0.277711 0.201452 0.101112 0.019229 -0.012214 0.000729 0.000000 0.000000 
0.000000 0.000000 0.000244 0.005270 0.082628 0.228331 0.361969 0.359316 0.142162 0.056473 0.181131 0.253576 0.252774 0.242762 0.218131 0.141140 -0.077227 -0.282592 -0.324117 -0.215698 -0.106072 -0.037061 0.028745 0.111385 0.273541 0.451525 0.387619 0.200550 0.056629 -0.020736 -0.030082 -0.006996 -0.000044 0.000000 0.000000 
0.000000 0.000000 -0.000069 0.000488 0.015644 0.098840 0.222365 0.260385 0.080926 0.022152 0.158947 0.241598 0.234508 0.202608 0.138820 0.037126 -0.142866 -0.393624 -0.485430 -0.408537 -0.293738 -0.186640 -0.088764 0.008120 0.186586 0.336546 0.228870 0.024370 -0.070715 -0.053702 -0.019014 -0.000559 -0.000232 0.000000 0.000000 
0.000000 0.000000 0.000000 -0.000113 0.000445 0.017396 0.080355 0.130568 -0.018010 -0.100508 0.006648 0.111214 0.099416 0.058343 -0.022858 -0.129559 -0.242906 -0.348790 -0.442845 -0.473820 -0.441854 -0.370116 -0.281549 -0.176993 0.043354 0.169270 0.069765 -0.070266 -0.066597 -0.022957 -0.001461 -0.000502 0.000000 0.000000 0.000000 
0.000000 0.000000 0.000000 -0.000104 -0.000305 -0.000364 0.005983 0.023068 -0.094709 -0.244964 -0.207422 -0.078400 -0.085052 -0.125846 -0.192567 -0.262896 -0.302232 -0.308742 -0.321922 -0.374171 -0.404456 -0.388883 -0.327770 -0.209547 0.052537 0.134807 0.050654 -0.029999 -0.013413 -0.001370 -0.000687 -0.000175 0.000000 0.000000 0.000000 
0.000000 0.000000 0.000000 0.000000 -0.000230 -0.000693 -0.001796 -0.005348 -0.080278 -0.289974 -0.378708 -0.283692 -0.242128 -0.261465 -0.283621 -0.293791 -0.300781 -0.303179 -0.299215 -0.286357 -0.264319 -0.241319 -0.177430 0.024868 0.228975 0.213471 0.076163 0.002261 -0.000060 -0.000466 -0.000226 0.000000 0.000000 0.000000 0.000000 
0.000000 0.000000 0.000000 0.000000 0.000000 -0.000313 -0.001127 -0.003091 -0.023183 -0.157374 -0.350210 -0.375500 -0.285114 -0.279298 -0.284165 -0.290509 -0.293900 -0.292838 -0.283638 -0.263044 -0.224945 -0.158176 -0.006877 0.240865 0.299312 0.169839 0.028992 0.002056 0.000289 -0.000077 0.000000 0.000000 0.000000 0.000000 0.000000 
0.000000 0.000000 0.000000 0.000000 0.000000 0.000000 -0.000309 -0.001319 -0.003801 -0.040143 -0.169239 -0.322204 -0.336866 -0.277397 -0.275444 -0.278268 -0.277996 -0.271245 -0.253638 -0.219196 -0.156120 -0.010464 0.230485 0.326371 0.221522 0.062871 0.004922 0.001384 0.000186 0.000000 0.000000 0.000000 0.000000 0.000000 0.000000 
0.000000 0.000000 0.000000 0.000000 0.000000 0.000000 0.000000 -0.000272 -0.001039 -0.003278 -0.035118 -0.127137 -0.218172 -0.253670 -0.238145 -0.235231 -0.229401 -0.211288 -0.172112 -0.084932 0.083600 0.279154 0.334653 0.223254 0.070558 0.006909 0.002219 0.000403 0.000000 0.000000 0.000000 0.000000 0.000000 0.000000 0.000000 
0.000000 0.000000 0.000000 0.000000 0.000000 0.000000 0.000000 0.000000 -0.000056 -0.000459 -0.001465 -0.010553 -0.047971 -0.083280 -0.075279 -0.028656 0.017869 0.070994 0.150625 0.253230 0.319040 0.278471 0.154757 0.039649 0.005943 0.002207 0.000362 0.000000 0.000000 0.000000 0.000000 0.000000 0.000000 0.000000 0.000000 
0.000000 0.000000 0.000000 0.000000 0.000000 0.000000 0.000000 0.000000 0.000000 0.000000 0.000063 0.000016 0.000115 0.000268 0.007162 0.037302 0.090213 0.146926 0.175477 0.159072 0.098367 0.031439 0.007895 0.003619 0.001284 0.000000 0.000000 0.000000 0.000000 0.000000 0.000000 0.000000 0.000000 0.000000 0.000000 
0.000000 0.000000 0.000000 0.000000 0.000000 0.000000 0.000000 0.000000 0.000000 0.000000 0.000000 0.000000 0.000303 0.000803 0.001594 0.002840 0.004375 0.005690 0.006115 0.005462 0.004078 0.002460 0.000991 0.000000 0.000000 0.000000 0.000000 0.000000 0.000000 0.000000 0.000000 0.000000 0.000000 0.000000 0.000000 
