0.000000 0.000000 0.000000 0.000000 0.000000 0.000000 0.000000 0.000000 0.000000 0.000000 0.000000 0.000000 0.000000 0.000000 0.000000 0.000000 0.000000 -0.000000 -0.000001 -0.000000 0.000000 0.000000 0.000000 0.000000 0.000000 0.000000 0.000000 0.000000 0.000000 0.000000 0.000000 0.000000 0.000000 0.000000 0.000000 
0.000000 0.000000 0.000000 0.000000 0.000000 0.000000 0.000000 0.000000 0.000000 0.000000 0.000000 0.000000 0.000000 -0.000009 -0.000032 -0.000063 -0.000094 -0.000117 -0.000126 -0.000117 -0.000094 -0.000063 -0.000032 -0.000009 0.000000 0.000000 0.000000 0.000000 0.000000 0.000000 0.000000 0.000000 0.000000 0.000000 0.000000 
0.000000 0.000000 0.000000 0.000000 0.000000 0.000000 0.000000 0.000000 0.000000 0.000000 -0.000000 -0.000020 -0.000075 -0.000164 -0.000381 -0.001162 -0.002536 -0.003832 -0.004352 -0.003832 -0.002536 -0.001162 -0.000381 -0.000164 -0.000075 -0.000020 -0.000000 0.000000 0.000000 0.000000 0.000000 0.000000 0.000000 0.000000 0.000000 
0.000000 0.000000 0.000000 0.000000 0.000000 0.000000 0.000000 0.000000 0.000000 -0.000008 -0.000059 -0.000165 -0.000612 -0.002863 -0.007544 -0.013880 -0.020536 -0.025470 -0.027259 -0.025470 -0.020536 -0.013880 -0.007544 -0.002863 -0.000612 -0.000165 -0.000059 -0.000008 0.000000 0.000000 0.000000 0.000000 0.000000 0.000000 0.000000 
0.000000 0.000000 0.000000 0.000000 0.000000 0.000000 0.000000 0.000000 -0.000016 -0.000089 -0.000238 -0.001375 -0.005686 -0.013600 -0.024200 -0.035253 -0.043495 -0.047973 -0.049348 -0.047973 -0.043495 -0.035253 -0.024200 -0.013600 -0.005686 -0.001375 -0.000238 -0.000089 -0.000016 0.000000 0.000000 0.000000 0.000000 0.000000 0.000000 
0.000000 0.000000 0.000000 0.000000 0.000000 0.000000 0.000000 -0.000021 -0.000100 -0.000253 -0.001468 -0.006393 -0.015745 -0.027796 -0.039236 -0.046395 -0.049601 -0.050830 -0.051184 -0.050830 -0.049601 -0.046395 -0.039236 -0.027796 -0.015745 -0.006393 -0.001468 -0.000253 -0.000100 -0.000021 0.000000 0.000000 0.000000 0.000000 0.000000 
0.000000 0.000000 0.000000 0.000000 0.000000 0.000000 -0.000021 -0.000101 -0.000247 -0.000948 -0.005093 -0.014009 -0.025408 -0.036516 -0.042862 -0.045272 -0.046107 -0.046408 -0.046471 -0.046408 -0.046107 -0.045272 -0.042862 -0.036516 -0.025408 -0.014009 -0.005093 -0.000948 -0.000247 -0.000101 -0.000021 0.000000 0.000000 0.000000 0.000000 
0.000000 0.000000 0.000000 0.000000 0.000000 -0.000016 -0.000100 -0.000247 -0.000552 -0.003302 -0.011151 -0.021986 -0.033014 -0.039952 -0.041636 -0.041594 -0.041654 -0.041776 -0.041836 -0.041776 -0.041654 -0.041594 -0.041636 -0.039952 -0.033014 -0.021986 -0.011151 -0.003302 -0.000552 -0.000247 -0.000100 -0.000016 0.000000 0.000000 0.000000 
0.000000 0.000000 0.000000 0.000000 -0.000008 -0.000089 -0.000253 -0.000949 -0.003302 -0.010240 -0.020978 -0.031979 -0.041505 -0.044528 -0.044556 -0.043104 -0.040937 -0.039319 -0.039178 -0.039319 -0.040937 -0.043104 -0.044556 -0.044528 -0.041505 -0.031979 -0.020978 -0.010240 -0.003302 -0.000949 -0.000253 -0.000089 -0.000008 0.000000 0.000000 
0.000000 0.000000 0.000000 -0.000000 -0.000059 -0.000238 -0.001469 -0.005095 -0.011152 -0.020980 -0.031650 -0.041927 -0.048911 -0.050406 -0.050233 -0.048853 -0.046440 -0.042770 -0.040214 -0.042770 -0.046440 -0.048853 -0.050233 -0.050406 -0.048911 -0.041927 -0.031650 -0.020980 -0.011152 -0.005095 -0.001469 -0.000238 -0.000059 -0.000000 0.000000 
0.000000 0.000000 0.000000 -0.000020 -0.000165 -0.001377 -0.006394 -0.013999 -0.021991 -0.031976 -0.041931 -0.051635 -0.056700 -0.057903 -0.058135 -0.057459 -0.055468 -0.052231 -0.050828 -0.052231 -0.055468 -0.057459 -0.058135 -0.057903 -0.056700 -0.051635 -0.041931 -0.031976 -0.021991 -0.013999 -0.006394 -0.001377 -0.000165 -0.000020 0.000000 
0.000000 0.000000 0.000000 -0.000074 -0.000612 -0.005678 -0.015732 -0.025433 -0.033016 -0.041499 -0.048908 -0.056666 -0.060331 -0.061857 -0.063695 -0.065582 -0.066610 -0.068534 -0.070470 -0.068534 -0.066610 -0.065582 -0.063695 -0.061857 -0.060331 -0.056666 -0.048908 -0.041499 -0.033016 -0.025433 -0.015732 -0.005678 -0.000612 -0.000074 0.000000 
0.000000 0.000000 -0.000009 -0.000164 -0.002863 -0.013613 -0.027773 -0.036513 -0.039943 -0.044514 -0.050407 -0.057876 -0.061851 -0.063641 -0.066043 -0.069520 -0.076350 -0.088622 -0.095741 -0.088622 -0.076350 -0.069520 -0.066043 -0.063641 -0.061851 -0.057876 -0.050407 -0.044514 -0.039943 -0.036513 -0.027773 -0.013613 -0.002863 -0.000164 -0.000009 
0.000000 0.000000 -0.000032 -0.000382 -0.007543 -0.024208 -0.039235 -0.042863 -0.041643 -0.044547 -0.050230 -0.058118 -0.063694 -0.066053 -0.068619 -0.072800 -0.085451 -0.107386 -0.118479 -0.107386 -0.085451 -0.072800 -0.068619 -0.066053 -0.063694 -0.058118 -0.050230 -0.044547 -0.041643 -0.042863 -0.039235 -0.024208 -0.007543 -0.000382 -0.000032 
0.000000 0.000000 -0.000063 -0.001163 -0.013887 -0.035265 -0.046388 -0.045283 -0.041572 -0.043092 -0.048852 -0.057450 -0.065616 -0.069566 -0.072813 -0.079085 -0.099693 -0.127716 -0.139876 -0.127716 -0.099693 -0.079085 -0.072813 -0.069566 -0.065616 -0.057450 -0.048852 -0.043092 -0.041572 -0.045283 -0.046388 -0.035265 -0.013887 -0.001163 -0.000063 
0.000000 0.000000 -0.000094 -0.002535 -0.020534 -0.043493 -0.049609 -0.046109 -0.041648 -0.040895 -0.046411 -0.055436 -0.066572 -0.076335 -0.085429 -0.099672 -0.130380 -0.161910 -0.171913 -0.161910 -0.130380 -0.099672 -0.085429 -0.076335 -0.066572 -0.055436 -0.046411 -0.040895 -0.041648 -0.046109 -0.049609 -0.043493 -0.020534 -0.002535 -0.000094 
0.000000 0.000000 -0.000117 -0.003827 -0.025465 -0.047994 -0.050862 -0.046404 -0.041753 -0.039291 -0.042724 -0.052200 -0.068507 -0.088561 -0.107327 -0.127677 -0.161914 -0.192047 -0.199311 -0.192047 -0.161914 -0.127677 -0.107327 -0.088561 -0.068507 -0.052200 -0.042724 -0.039291 -0.041753 -0.046404 -0.050862 -0.047994 -0.025465 -0.003827 -0.000117 
0.000000 -0.000001 -0.000126 -0.004359 -0.027232 -0.049357 -0.051175 -0.046450 -0.041807 -0.039167 -0.040195 -0.050787 -0.070378 -0.095678 -0.118502 -0.139882 -0.171903 -0.199266 -0.205270 -0.199266 -0.171903 -0.139882 -0.118502 -0.095678 -0.070378 -0.050787 -0.040195 -0.039167 -0.041807 -0.046450 -0.051175 -0.049357 -0.027232 -0.004359 -0.000126 
-0.000001 0.000000 -0.000117 -0.003827 -0.025465 -0.047994 -0.050862 -0.046404 -0.041753 -0.039291 -0.042724 -0.052200 -0.068507 -0.088561 -0.107327 -0.127677 -0.161914 -0.192047 -0.199311 -0.192047 -0.161914 -0.127677 -0.107327 -0.088561 -0.068507 -0.052200 -0.042724 -0.039291 -0.041753 -0.046404 -0.050862 -0.047994 -0.025465 -0.003827 -0.000117 
0.000000 0.000000 -0.000094 -0.002535 -0.020534 -0.043493 -0.049609 -0.046109 -0.041648 -0.040895 -0.046411 -0.055436 -0.066572 -0.076335 -0.085429 -0.099672 -0.130380 -0.161910 -0.171913 -0.161910 -0.130380 -0.099672 -0.085429 -0.076335 -0.066572 -0.055436 -0.046411 -0.040895 -0.041648 -0.046109 -0.049609 -0.043493 -0.020534 -0.002535 -0.000094 
0.000000 0.000000 -0.000063 -0.001163 -0.013887 -0.035265 -0.046388 -0.045283 -0.041572 -0.043092 -0.048852 -0.057450 -0.065616 -0.069566 -0.072813 -0.079085 -0.099693 -0.127716 -0.139876 -0.127716 -0.099693 -0.079085 -0.072813 -0.069566 -0.065616 -0.057450 -0.048852 -0.043092 -0.041572 -0.045283 -0.046388 -0.035265 -0.013887 -0.001163 -0.000063 
0.000000 0.000000 -0.000032 -0.000382 -0.007543 -0.024208 -0.039235 -0.042863 -0.041643 -0.044547 -0.050230 -0.058118 -0.063694 -0.066053 -0.068619 -0.072800 -0.085451 -0.107386 -0.118479 -0.107386 -0.085451 -0.072800 -0.068619 -0.066053 -0.063694 -0.058118 -0.050230 -0.044547 -0.041643 -0.042863 -0.039235 -0.024208 -0.007543 -0.000382 -0.000032 
0.000000 0.000000 -0.000009 -0.000164 -0.002863 -0.013613 -0.027773 -0.036513 -0.039943 -0.044514 -0.050407 -0.057876 -0.061851 -0.063641 -0.066043 -0.069520 -0.076350 -0.088622 -0.095741 -0.088622 -0.076350 -0.069520 -0.066043 -0.063641 -0.061851 -0.057876 -0.050407 -0.044514 -0.039943 -0.036513 -0.027773 -0.013613 -0.002863 -0.000164 -0.000009 
0.000000 0.000000 0.000000 -0.000074 -0.000612 -0.005678 -0.015732 -0.025433 -0.033016 -0.041499 -0.048908 -0.056666 -0.060331 -0.061857 -0.063695 -0.065582 -0.066610 -0.068534 -0.070470 -0.068534 -0.066610 -0.065582 -0.063695 -0.061857 -0.060331 -0.056666 -0.048908 -0.041499 -0.033016 -0.025433 -0.015732 -0.005678 -0.000612 -0.000074 0.000000 
0.000000 0.000000 0.000000 -0.000020 -0.000165 -0.001377 -0.006394 -0.013999 -0.021991 -0.031976 -0.041931 -0.051635 -0.056700 -0.057903 -0.058135 -0.057459 -0.055468 -0.052231 -0.050828 -0.052231 -0.055468 -0.057459 -0.058135 -0.057903 -0.056700 -0.051635 -0.041931 -0.031976 -0.021991 -0.013999 -0.006394 -0.001377 -0.000165 -0.000020 0.000000 
0.000000 0.000000 0.000000 -0.000000 -0.000059 -0.000238 -0.001469 -0.005095 -0.011152 -0.020980 -0.031650 -0.041927 -0.048911 -0.050406 -0.050233 -0.048853 -0.046440 -0.042770 -0.040214 -0.042770 -0.046440 -0.048853 -0.050233 -0.050406 -0.048911 -0.041927 -0.031650 -0.020980 -0.011152 -0.005095 -0.001469 -0.000238 -0.000059 -0.000000 0.000000 
0.000000 0.000000 0.000000 0.000000 -0.000008 -0.000089 -0.000253 -0.000949 -0.003302 -0.010240 -0.020978 -0.031979 -0.041505 -0.044528 -0.044556 -0.043104 -0.040937 -0.039319 -0.039178 -0.039319 -0.040937 -0.043104 -0.044556 -0.044528 -0.041505 -0.031979 -0.020978 -0.010240 -0.003302 -0.000949 -0.000253 -0.000089 -0.000008 0.000000 0.000000 
0.000000 0.000000 0.000000 0.000000 0.000000 -0.000016 -0.000100 -0.000247 -0.000552 -0.003302 -0.011151 -0.021986 -0.033014 -0.039952 -0.041636 -0.041594 -0.041654 -0.041776 -0.041836 -0.041776 -0.041654 -0.041594 -0.041636 -0.039952 -0.033014 -0.021986 -0.011151 -0.003302 -0.000552 -0.000247 -0.000100 -0.000016 0.000000 0.000000 0.000000 
0.000000 0.000000 0.000000 0.000000 0.000000 0.000000 -0.000021 -0.000101 -0.000247 -0.000948 -0.005093 -0.014009 -0.025408 -0.036516 -0.042862 -0.045272 -0.046107 -0.046408 -0.046471 -0.046408 -0.046107 -0.045272 -0.042862 -0.036516 -0.025408 -0.014009 -0.005093 -0.000948 -0.000247 -0.000101 -0.000021 0.000000 0.000000 0.000000 0.000000 
0.000000 0.000000 0.000000 0.000000 0.000000 0.000000 0.000000 -0.000021 -0.000100 -0.000253 -0.001468 -0.006393 -0.015745 -0.027796 -0.039236 -0.046395 -0.049601 -0.050830 -0.051184 -0.050830 -0.049601 -0.046395 -0.039236 -0.027796 -0.015745 -0.006393 -0.001468 -0.000253 -0.000100 -0.000021 0.000000 0.000000 0.000000 0.000000 0.000000 
0.000000 0.000000 0.000000 0.000000 0.000000 0.000000 0.000000 0.000000 -0.000016 -0.000089 -0.000238 -0.001375 -0.005686 -0.013600 -0.024200 -0.035253 -0.043495 -0.047973 -0.049348 -0.047973 -0.043495 -0.035253 -0.024200 -0.013600 -0.005686 -0.001375 -0.000238 -0.000089 -0.000016 0.000000 0.000000 0.000000 0.000000 0.000000 0.000000 
0.000000 0.000000 0.000000 0.000000 0.000000 0.000000 0.000000 0.000000 0.000000 -0.000008 -0.000059 -0.000165 -0.000612 -0.002863 -0.007544 -0.013880 -0.020536 -0.025470 -0.027259 -0.025470 -0.020536 -0.013880 -0.007544 -0.002863 -0.000612 -0.000165 -0.000059 -0.000008 0.000000 0.000000 0.000000 0.000000 0.000000 0.000000 0.000000 
0.000000 0.000000 0.000000 0.000000 0.000000 0.000000 0.000000 0.000000 0.000000 0.000000 -0.000000 -0.000020 -0.000075 -0.000164 -0.000381 -0.001162 -0.002536 -0.003832 -0.004352 -0.003832 -0.002536 -0.001162 -0.000381 -0.000164 -0.000075 -0.000020 -0.000000 0.000000 0.000000 0.000000 0.000000 0.000000 0.000000 0.000000 0.000000 
0.000000 0.000000 0.000000 0.000000 0.000000 0.000000 0.000000 0.000000 0.000000 0.000000 0.000000 0.000000 0.000000 -0.000009 -0.000032 -0.000063 -0.000094 -0.000117 -0.000126 -0.000117 -0.000094 -0.000063 -0.000032 -0.000009 0.000000 0.000000 0.000000 0.000000 0.000000 0.000000 0.000000 0.000000 0.000000 0.000000 0.000000 
0.000000 0.000000 0.000000 0.000000 0.000000 0.000000 0.000000 0.000000 0.000000 0.000000 0.000000 0.000000 0.000000 0.000000 0.000000 0.000000 0.000000 -0.000000 -0.000001 0.000000 0.000000 0.000000 0.000000 0.000000 0.000000 0.000000 0.000000 0.000000 0.000000 0.000000 0.000000 0.000000 0.000000 0.000000 0.000000 
