-0.000000 -0.000000 -0.000000 -0.000000 -0.000000 -0.000000 -0.000000 -0.000000 -0.000000 -0.000000 -0.000000 -0.000000 -0.000000 -0.000000 -0.000000 -0.000000 0.000030 0.000087 0.000048 -0.000000 -0.000000 -0.000000 -0.000000 -0.000000 -0.000000 -0.000000 -0.000000 -0.000000 -0.000000 -0.000000 -0.000000 -0.000000 -0.000000 -0.000000 -0.000000 
-0.000000 -0.000000 -0.000000 -0.000000 -0.000000 -0.000000 -0.000000 -0.000000 -0.000000 -0.000000 -0.000000 -0.000000 0.001112 0.002350 0.003451 0.004317 0.004737 0.004467 0.003603 0.002552 0.001643 0.000942 0.000408 -0.000000 -0.000000 -0.000000 -0.000000 -0.000000 -0.000000 -0.000000 -0.000000 -0.000000 -0.000000 -0.000000 -0.000000 
-0.000000 -0.000000 -0.000000 -0.000000 -0.000000 -0.000000 -0.000000 -0.000000 -0.000000 0.000075 0.002012 0.004570 0.008947 0.038378 0.117126 0.197526 0.245697 0.245835 0.199179 0.130778 0.063734 0.017284 0.003298 0.001441 0.000580 -0.000002 -0.000000 -0.000000 -0.000000 -0.000000 -0.000000 -0.000000 -0.000000 -0.000000 -0.000000 
-0.000000 -0.000000 -0.000000 -0.000000 -0.000000 -0.000000 -0.000000 -0.000000 0.001022 0.004136 0.009024 0.058532 0.213156 0.402704 0.572816 0.699958 0.767111 0.771448 0.713525 0.589833 0.410521 0.238144 0.104145 0.023543 0.002646 0.001059 0.000239 -0.000000 -0.000000 -0.000000 -0.000000 -0.000000 -0.000000 -0.000000 -0.000000 
-0.000000 -0.000000 -0.000000 -0.000000 -0.000000 -0.000000 -0.000000 0.001614 0.005465 0.013653 0.115457 0.345244 0.605985 0.827542 0.948268 0.987051 0.989473 0.979493 0.963777 0.925714 0.822183 0.612102 0.368287 0.173857 0.048202 0.003917 0.001261 0.000348 -0.000000 -0.000000 -0.000000 -0.000000 -0.000000 -0.000000 -0.000000 
-0.000000 -0.000000 -0.000000 -0.000000 -0.000000 -0.000000 0.001619 0.005686 0.013324 0.117258 0.386104 0.693968 0.884086 0.961111 0.969868 0.958692 0.945593 0.934290 0.924160 0.913901 0.898426 0.840540 0.653100 0.412039 0.189967 0.047519 0.003093 0.001004 0.000226 -0.000000 -0.000000 -0.000000 -0.000000 -0.000000 -0.000000 
-0.000000 -0.000000 -0.000000 -0.000000 -0.000000 0.001289 0.004997 0.011449 0.069905 0.333335 0.670358 0.864154 0.939577 0.940081 0.922213 0.904427 0.888594 0.877741 0.869136 0.864155 0.857926 0.847046 0.796511 0.599437 0.373227 0.153710 0.024520 0.001494 0.000366 0.000033 -0.000000 -0.000000 -0.000000 -0.000000 -0.000000 
-0.000000 -0.000000 -0.000000 -0.000000 0.000832 0.003781 0.009291 0.023138 0.208005 0.570672 0.816965 0.916001 0.924903 0.902171 0.876564 0.854880 0.838610 0.826815 0.819977 0.815953 0.808311 0.783130 0.754245 0.660671 0.461519 0.259003 0.074036 0.001883 -0.000132 -0.000311 -0.000115 -0.000000 -0.000000 -0.000000 -0.000000 
-0.000000 -0.000000 -0.000000 0.000450 0.002573 0.006965 0.020258 0.074601 0.375232 0.694397 0.846880 0.884196 0.867475 0.847839 0.833485 0.818832 0.798722 0.784188 0.767790 0.719095 0.671598 0.638456 0.617472 0.589862 0.429843 0.246730 0.070284 -0.029444 -0.012839 -0.001598 -0.000677 -0.000128 -0.000000 -0.000000 -0.000000 
-0.000000 -0.000000 0.000051 0.001541 0.004942 0.020137 0.031167 0.111473 0.441955 0.679351 0.765915 0.762820 0.743141 0.732639 0.741543 0.757554 0.768344 0.734356 0.662259 0.608525 0.581747 0.569483 0.567191 0.555585 0.448356 0.260185 0.066707 -0.089923 -0.074490 -0.024026 -0.002262 -0.000640 0.000026 -0.000000 -0.000000 
-0.000000 -0.000000 0.000714 0.002759 0.016392 0.018136 -0.022056 0.058412 0.369781 0.557366 0.608850 0.588970 0.565601 0.557718 0.576161 0.624564 0.664887 0.645744 0.607215 0.599591 0.621554 0.648534 0.665181 0.663120 0.582645 0.378382 0.154820 -0.065510 -0.124411 -0.074576 -0.021408 -0.001548 -0.000268 -0.000000 -0.000000 
-0.000000 -0.000000 0.001372 0.009307 0.010126 -0.055701 -0.163441 -0.083310 0.241454 0.466542 0.542411 0.528818 0.497568 0.463815 0.439313 0.439249 0.458082 0.547105 0.659742 0.727743 0.769870 0.789055 0.793635 0.787512 0.724508 0.534366 0.322546 0.073328 -0.063894 -0.088965 -0.052030 -0.008787 -0.000577 -0.000000 -0.000000 
-0.000000 0.000323 0.001953 0.009106 -0.060551 -0.213974 -0.327358 -0.174722 0.206770 0.451123 0.537591 0.526139 0.494939 0.458955 0.421249 0.356730 0.329444 0.485111 0.730112 0.854601 0.873918 0.880938 0.881461 0.872954 0.803214 0.612118 0.405620 0.193831 0.090080 0.001875 -0.043502 -0.022612 -0.000837 -0.000046 -0.000000 
-0.000000 0.000520 0.003954 -0.033526 -0.207170 -0.366278 -0.369413 -0.243986 0.148379 0.422772 0.539008 0.539022 0.509490 0.473562 0.428133 0.371813 0.403481 0.513313 0.699237 0.896418 0.961592 0.964577 0.961886 0.949193 0.851746 0.651018 0.445119 0.245959 0.190242 0.150554 0.042680 -0.009329 -0.001819 0.000045 -0.000000 
-0.000000 0.000403 -0.002312 -0.131855 -0.363714 -0.412197 -0.380251 -0.325045 0.044821 0.365257 0.532648 0.562715 0.537504 0.503583 0.456729 0.464957 0.554524 0.587864 0.646905 0.867155 1.028351 1.041185 1.037159 1.010942 0.863518 0.652664 0.447476 0.278147 0.261987 0.247108 0.178571 0.054159 0.003682 0.000422 -0.000000 
-0.000000 -0.000129 -0.033947 -0.260652 -0.444333 -0.426703 -0.388192 -0.351448 -0.112895 0.250916 0.495660 0.585490 0.580811 0.557317 0.545870 0.624748 0.727202 0.690980 0.660978 0.833046 1.036252 1.087349 1.093443 1.031289 0.832905 0.613242 0.418054 0.325026 0.322661 0.316030 0.286262 0.157755 0.029052 0.001214 -0.000000 
-0.000079 -0.001114 -0.086761 -0.362834 -0.476789 -0.438754 -0.395903 -0.359874 -0.287996 0.050536 0.370623 0.569767 0.640529 0.643405 0.680290 0.806045 0.870256 0.815478 0.763782 0.861036 1.067184 1.137208 1.091980 0.952521 0.740998 0.538920 0.387258 0.373440 0.376700 0.375453 0.362614 0.252957 0.073440 0.002393 -0.000039 
-0.000031 -0.002283 -0.140162 -0.424606 -0.494894 -0.449461 -0.406818 -0.370324 -0.337151 -0.213224 0.122834 0.445002 0.650636 0.710599 0.793743 0.961139 1.000309 0.940840 0.873315 0.916259 1.140637 1.202466 1.010111 0.761218 0.574308 0.449468 0.415294 0.419893 0.426515 0.430299 0.423813 0.328152 0.120933 0.003638 0.000162 
-0.000092 -0.003077 -0.165445 -0.455685 -0.514425 -0.466178 -0.421173 -0.384699 -0.355305 -0.326298 -0.179405 0.135865 0.441250 0.630569 0.834274 1.074870 1.118109 1.048656 0.975670 0.986876 1.136791 1.080211 0.804697 0.548000 0.413558 0.413449 0.455769 0.465869 0.475095 0.481723 0.478202 0.377295 0.144905 0.004354 0.000100 
-0.000000 -0.003190 -0.149268 -0.455599 -0.538787 -0.486102 -0.439983 -0.403627 -0.376673 -0.335954 -0.276711 -0.171065 -0.000454 0.210267 0.506678 0.872133 1.023315 0.957737 0.831474 0.760661 0.847328 0.753966 0.568760 0.439288 0.385882 0.418316 0.480253 0.512429 0.524186 0.532089 0.527598 0.392902 0.130582 0.004236 -0.000000 
-0.000000 -0.002717 -0.095118 -0.416818 -0.568305 -0.511345 -0.464055 -0.426325 -0.396392 -0.341752 -0.277671 -0.245300 -0.237161 -0.195661 -0.049893 0.292725 0.512742 0.481271 0.361536 0.382872 0.549357 0.561266 0.509932 0.471906 0.427314 0.438299 0.500932 0.560692 0.574179 0.581349 0.558757 0.360515 0.083458 0.003465 -0.000000 
-0.000000 -0.001891 -0.031899 -0.318815 -0.567971 -0.549059 -0.494806 -0.459495 -0.417040 -0.349433 -0.285739 -0.266672 -0.270197 -0.279377 -0.262959 -0.063352 0.165535 0.190589 0.161429 0.355968 0.576611 0.586817 0.559424 0.529337 0.483342 0.476783 0.532335 0.604660 0.623596 0.621446 0.535020 0.273122 0.029420 0.002352 -0.000000 
-0.000000 -0.000884 -0.007313 -0.177002 -0.467698 -0.590048 -0.538548 -0.496427 -0.447195 -0.374411 -0.309377 -0.296813 -0.302064 -0.313855 -0.325618 -0.223589 0.012897 0.147034 0.274815 0.540086 0.662468 0.643292 0.616351 0.587572 0.545322 0.526037 0.573899 0.648368 0.664183 0.611263 0.414966 0.150007 0.007779 0.001102 -0.000000 
-0.000000 -0.000000 -0.003702 -0.049005 -0.283984 -0.526580 -0.588737 -0.556193 -0.487900 -0.410158 -0.345885 -0.334503 -0.340488 -0.353863 -0.375671 -0.378073 -0.215008 0.068623 0.420304 0.683664 0.719176 0.699008 0.673373 0.645176 0.604365 0.580079 0.620092 0.672543 0.632905 0.488695 0.241203 0.042451 0.003931 -0.000000 -0.000000 
-0.000000 -0.000000 -0.001591 -0.007212 -0.096225 -0.315010 -0.511575 -0.581963 -0.562296 -0.488159 -0.416869 -0.397214 -0.404134 -0.422993 -0.446662 -0.450352 -0.329707 0.037150 0.446208 0.636850 0.696776 0.713084 0.703580 0.679310 0.631281 0.590167 0.593409 0.591039 0.479570 0.268300 0.080025 0.006888 0.001630 -0.000000 -0.000000 
-0.000000 -0.000000 -0.000062 -0.003211 -0.010968 -0.096796 -0.270118 -0.440211 -0.515090 -0.504498 -0.464960 -0.446434 -0.445830 -0.437285 -0.409359 -0.336006 -0.194804 0.049816 0.281626 0.428494 0.525000 0.578130 0.590587 0.574423 0.517506 0.467879 0.444315 0.387143 0.227536 0.079056 0.009471 0.002895 -0.000028 -0.000000 -0.000000 
-0.000000 -0.000000 -0.000000 -0.000767 -0.004259 -0.010498 -0.056365 -0.165567 -0.287248 -0.345351 -0.344852 -0.328578 -0.316111 -0.278820 -0.208173 -0.095819 0.024843 0.049806 0.069282 0.169260 0.267900 0.330164 0.353265 0.339962 0.281024 0.235870 0.198999 0.129651 0.044561 0.008480 0.003431 0.000651 -0.000000 -0.000000 -0.000000 
-0.000000 -0.000000 -0.000000 -0.000000 -0.001203 -0.004381 -0.008632 -0.016834 -0.050632 -0.083868 -0.089010 -0.074639 -0.053654 -0.012196 0.038655 0.048837 0.045780 0.041222 0.034993 0.027356 0.025949 0.054089 0.068176 0.044972 0.003759 -0.001873 0.015522 0.011951 0.006363 0.003198 0.000824 -0.000000 -0.000000 -0.000000 -0.000000 
-0.000000 -0.000000 -0.000000 -0.000000 -0.000000 -0.001205 -0.003699 -0.006466 -0.010941 -0.010778 0.006623 0.034943 0.053247 0.054683 0.051512 0.046542 0.040876 0.033442 0.024866 0.012369 -0.002823 -0.022651 -0.047583 -0.079271 -0.073842 -0.030083 0.001739 0.004172 0.002456 0.000795 -0.000000 -0.000000 -0.000000 -0.000000 -0.000000 
-0.000000 -0.000000 -0.000000 -0.000000 -0.000000 -0.000000 -0.000937 -0.002538 -0.004065 -0.006167 0.000016 0.015421 0.033234 0.042685 0.042365 0.037529 0.030883 0.021958 0.010534 -0.003859 -0.021470 -0.042896 -0.068758 -0.070492 -0.038337 -0.005918 0.002217 0.001562 0.000611 -0.000000 -0.000000 -0.000000 -0.000000 -0.000000 -0.000000 
-0.000000 -0.000000 -0.000000 -0.000000 -0.000000 -0.000000 -0.000000 -0.000563 -0.001362 -0.001976 -0.001225 0.005924 0.016328 0.022220 0.023375 0.020389 0.013826 0.004212 -0.008442 -0.023691 -0.039517 -0.055068 -0.053370 -0.031786 -0.007043 0.000943 0.000878 0.000379 -0.000000 -0.000000 -0.000000 -0.000000 -0.000000 -0.000000 -0.000000 
-0.000000 -0.000000 -0.000000 -0.000000 -0.000000 -0.000000 -0.000000 -0.000000 -0.000179 -0.000494 -0.000519 0.001067 0.007400 0.014284 0.017054 0.012617 0.004299 -0.005067 -0.014048 -0.023178 -0.030652 -0.028697 -0.015649 -0.002719 0.000369 0.000438 0.000176 -0.000000 -0.000000 -0.000000 -0.000000 -0.000000 -0.000000 -0.000000 -0.000000 
-0.000000 -0.000000 -0.000000 -0.000000 -0.000000 -0.000000 -0.000000 -0.000000 -0.000000 -0.000042 -0.000097 -0.000042 0.000268 0.002502 0.008349 0.012488 0.011777 0.006732 -0.000435 -0.005206 -0.004852 -0.001671 -0.000259 -0.000014 0.000072 0.000044 -0.000000 -0.000000 -0.000000 -0.000000 -0.000000 -0.000000 -0.000000 -0.000000 -0.000000 
-0.000000 -0.000000 -0.000000 -0.000000 -0.000000 -0.000000 -0.000000 -0.000000 -0.000000 -0.000000 -0.000000 -0.000000 0.000040 0.000149 0.000275 0.000359 0.000337 0.000170 -0.000046 -0.000185 -0.000217 -0.000156 -0.000077 -0.000000 -0.000000 -0.000000 -0.000000 -0.000000 -0.000000 -0.000000 -0.000000 -0.000000 -0.000000 -0.000000 -0.000000 
-0.000000 -0.000000 -0.000000 -0.000000 -0.000000 -0.000000 -0.000000 -0.000000 -0.000000 -0.000000 -0.000000 -0.000000 -0.000000 -0.000000 -0.000000 -0.000000 0.000136 0.000016 0.000060 -0.000000 -0.000000 -0.000000 -0.000000 -0.000000 -0.000000 -0.000000 -0.000000 -0.000000 -0.000000 -0.000000 -0.000000 -0.000000 -0.000000 -0.000000 -0.000000 
