0.000000 0.000000 0.000000 0.000000 0.000000 0.000000 0.000000 0.000000 0.000000 0.000000 0.000000 0.000000 0.000000 0.000000 0.000000 0.000000 0.000000 0.000000 0.000000 0.000000 0.000000 0.000000 0.000000 0.000000 0.000000 0.000000 0.000000 0.000000 0.000000 0.000000 0.000000 0.000000 0.000000 0.000000 0.000000 
0.000000 0.000000 0.000000 0.000000 0.000000 0.000000 0.000000 0.000000 0.000000 0.000000 0.000000 0.000000 0.000303 0.000782 0.001385 0.002113 0.002854 0.003378 0.003514 0.003123 0.002386 0.001525 0.000676 0.000000 0.000000 0.000000 0.000000 0.000000 0.000000 0.000000 0.000000 0.000000 0.000000 0.000000 0.000000 
0.000000 0.000000 0.000000 0.000000 0.000000 0.000000 0.000000 0.000000 0.000000 0.000000 0.000406 0.001033 0.002132 0.009318 0.031507 0.055921 0.078002 0.092196 0.090988 0.073011 0.041479 0.014387 0.004528 0.002255 0.000851 0.000000 0.000000 0.000000 0.000000 0.000000 0.000000 0.000000 0.000000 0.000000 0.000000 
0.000000 0.000000 0.000000 0.000000 0.000000 0.000000 0.000000 0.000000 0.000175 0.000790 0.001710 0.010761 0.033730 0.054642 0.078025 0.098933 0.130367 0.167767 0.202136 0.218272 0.191506 0.139629 0.069844 0.017621 0.003433 0.001303 0.000215 0.000000 0.000000 0.000000 0.000000 0.000000 0.000000 0.000000 0.000000 
0.000000 0.000000 0.000000 0.000000 0.000000 0.000000 0.000000 0.000359 0.001305 0.002716 0.015091 0.028762 0.022819 0.009951 0.015782 0.042033 0.084256 0.131577 0.183286 0.240648 0.285488 0.278351 0.208907 0.114828 0.034779 0.003904 0.001198 0.000139 0.000000 0.000000 0.000000 0.000000 0.000000 0.000000 0.000000 
0.000000 0.000000 0.000000 0.000000 0.000000 0.000000 0.000583 0.001907 0.003617 0.013188 0.015707 -0.018079 -0.056505 -0.051304 -0.009932 0.034807 0.073990 0.112145 0.151399 0.198109 0.257648 0.323000 0.326633 0.245246 0.126015 0.033981 0.002694 0.000504 -0.000070 0.000000 0.000000 0.000000 0.000000 0.000000 0.000000 
0.000000 0.000000 0.000000 0.000000 0.000000 0.000699 0.002534 0.004880 0.011156 0.011384 -0.033367 -0.090248 -0.093707 -0.044193 0.004408 0.042900 0.075652 0.105478 0.136742 0.173531 0.219714 0.281168 0.352910 0.338957 0.236702 0.103864 0.015875 0.000374 -0.000497 -0.000263 0.000000 0.000000 0.000000 0.000000 0.000000 
0.000000 0.000000 0.000000 0.000000 0.000677 0.002879 0.006159 0.011922 0.034083 0.024703 -0.021679 -0.043852 -0.005926 0.021674 0.028863 0.053744 0.079939 0.103885 0.128887 0.157141 0.190260 0.219148 0.273304 0.325806 0.273745 0.157834 0.042080 -0.001696 -0.002064 -0.001441 -0.000457 0.000000 0.000000 0.000000 0.000000 
0.000000 0.000000 0.000000 0.000350 0.002665 0.007161 0.036059 0.110298 0.183699 0.176461 0.137654 0.152717 0.212023 0.236343 0.218414 0.155470 0.097521 0.103906 0.112981 0.080539 0.060851 0.078164 0.126317 0.203687 0.196696 0.101854 -0.017923 -0.061525 -0.024726 -0.004467 -0.001925 -0.000319 0.000000 0.000000 0.000000 
0.000000 0.000000 0.000000 0.001810 0.006869 0.060380 0.181338 0.298287 0.310732 0.238103 0.181144 0.222751 0.291711 0.341412 0.366618 0.336771 0.252217 0.107966 -0.000640 -0.032888 -0.035034 -0.007112 0.041703 0.116871 0.150337 0.063689 -0.081030 -0.183400 -0.137336 -0.050947 -0.005698 -0.001794 0.000000 0.000000 0.000000 
0.000000 0.000000 0.000744 0.004399 0.057496 0.205265 0.340966 0.367440 0.280656 0.147808 0.072099 0.125286 0.198545 0.275861 0.349346 0.405966 0.359460 0.144865 -0.049916 -0.091694 -0.077123 -0.046669 0.002902 0.074845 0.129047 0.050387 -0.100634 -0.247388 -0.267295 -0.174042 -0.056141 -0.004619 -0.001076 0.000000 0.000000 
0.000000 0.000000 0.002001 0.026340 0.180392 0.344060 0.369246 0.301098 0.176545 0.061039 0.011287 0.078573 0.148847 0.210207 0.270766 0.323604 0.285120 0.191775 0.031359 -0.093471 -0.096737 -0.063932 -0.012938 0.059973 0.120908 0.044124 -0.110019 -0.268295 -0.323352 -0.301759 -0.172093 -0.031007 -0.002839 0.000000 0.000000 
0.000000 0.000362 0.004041 0.103360 0.302398 0.380758 0.314504 0.255246 0.164694 0.057378 0.005736 0.073703 0.145487 0.206390 0.256070 0.226831 0.162998 0.197569 0.137938 -0.043410 -0.100350 -0.063738 -0.008853 0.066596 0.123190 0.038716 -0.120282 -0.279649 -0.337585 -0.357302 -0.291079 -0.116308 -0.005972 -0.000785 0.000000 
0.000000 0.000889 0.015901 0.200517 0.376046 0.356736 0.296204 0.250650 0.174536 0.071074 0.012936 0.070601 0.145344 0.208842 0.238652 0.158320 0.118939 0.178126 0.192904 0.041913 -0.078088 -0.051984 0.008048 0.087381 0.123554 0.020879 -0.146175 -0.298178 -0.342813 -0.368536 -0.376040 -0.218269 -0.023351 -0.001827 0.000000 
0.000000 0.001432 0.051472 0.279398 0.402711 0.348169 0.293636 0.254885 0.199706 0.110539 0.037898 0.065951 0.147062 0.232519 0.266299 0.218371 0.233819 0.291412 0.337510 0.194223 -0.004508 -0.020994 0.035997 0.113940 0.105671 -0.023669 -0.191549 -0.317243 -0.346213 -0.373928 -0.407454 -0.299076 -0.069742 -0.002898 0.000000 
0.000000 0.001893 0.089810 0.333460 0.412708 0.351293 0.299520 0.262671 0.226404 0.163273 0.089047 0.090813 0.235578 0.422846 0.524096 0.528785 0.562071 0.619556 0.670009 0.533915 0.253442 0.118056 0.113008 0.132854 0.052167 -0.098043 -0.249891 -0.323354 -0.349582 -0.379615 -0.418109 -0.347572 -0.111112 -0.003770 0.000000 
0.000000 0.002243 0.115304 0.366442 0.423349 0.361181 0.310397 0.275635 0.247345 0.216075 0.203490 0.283150 0.490435 0.721773 0.806244 0.773830 0.750130 0.811480 0.897804 0.849839 0.576274 0.392671 0.299115 0.156718 -0.031742 -0.194110 -0.300465 -0.329282 -0.355466 -0.386398 -0.427150 -0.370306 -0.127735 -0.004136 0.000000 
0.000000 0.002428 0.124291 0.381281 0.438279 0.378244 0.328407 0.293188 0.268025 0.289388 0.433796 0.583088 0.721880 0.854784 0.868766 0.783141 0.732557 0.810531 0.908933 0.894377 0.710181 0.598454 0.446717 0.170012 -0.099917 -0.269347 -0.317691 -0.338854 -0.364211 -0.395499 -0.438532 -0.373499 -0.115469 -0.003770 0.000000 
0.000000 0.002445 0.114404 0.375068 0.457719 0.401265 0.351316 0.316842 0.306364 0.450787 0.633514 0.791157 0.868413 0.895254 0.885785 0.809249 0.724703 0.811212 0.927458 0.911729 0.695314 0.543373 0.398546 0.138338 -0.109449 -0.257808 -0.328487 -0.351489 -0.376353 -0.407865 -0.450237 -0.343541 -0.076311 -0.002814 0.000000 
0.000000 0.002261 0.089881 0.342411 0.473789 0.430765 0.381753 0.346755 0.415695 0.600615 0.769135 0.886510 0.925472 0.920250 0.919708 0.841366 0.699013 0.765943 0.850609 0.740538 0.476940 0.328366 0.250341 0.130733 -0.054765 -0.215206 -0.323827 -0.366309 -0.390798 -0.422421 -0.446515 -0.263117 -0.030912 -0.001672 0.000000 
0.000000 0.001918 0.054453 0.282361 0.469361 0.463102 0.417773 0.390088 0.536962 0.717975 0.858647 0.938555 0.942888 0.939825 0.954522 0.893827 0.712070 0.658891 0.677734 0.505983 0.272892 0.208288 0.188898 0.142515 -0.006663 -0.177771 -0.310791 -0.380725 -0.406436 -0.437520 -0.384021 -0.137915 -0.001799 -0.000724 0.000000 
0.000000 0.001391 0.018872 0.204178 0.419858 0.486056 0.458936 0.466057 0.640637 0.807198 0.926881 0.972773 0.966240 0.962342 0.972701 0.990508 0.858518 0.688312 0.586192 0.370618 0.199589 0.175053 0.162729 0.132679 0.019064 -0.153105 -0.298724 -0.389805 -0.419898 -0.412949 -0.227577 -0.033673 0.001974 -0.000134 0.000000 
0.000000 0.000693 0.005626 0.112755 0.323264 0.468808 0.492537 0.541892 0.722782 0.877325 0.982906 1.009783 1.000837 0.996668 1.002425 1.048961 1.032347 0.826697 0.539173 0.267657 0.160578 0.154840 0.143996 0.118278 0.026172 -0.143964 -0.293413 -0.392393 -0.392728 -0.245297 -0.065267 0.012808 0.000106 0.000079 0.000000 
0.000000 0.000000 0.003257 0.033442 0.197719 0.392473 0.485218 0.583176 0.784900 0.937084 1.037068 1.059086 1.049882 1.046646 1.050595 1.070030 1.091109 0.939547 0.587628 0.283811 0.179116 0.155017 0.139842 0.113975 0.027553 -0.138068 -0.276811 -0.302195 -0.194958 -0.056016 0.017612 0.008970 0.000447 0.000000 0.000000 
0.000000 0.000000 0.001497 0.006798 0.071365 0.236915 0.409285 0.560746 0.796916 0.975213 1.084048 1.114979 1.105804 1.096607 1.080098 1.050209 0.993119 0.871838 0.639437 0.476140 0.368490 0.292108 0.241655 0.204282 0.121523 -0.004205 -0.081016 -0.082554 -0.011751 0.029804 0.019791 0.001356 0.000394 0.000000 0.000000 
0.000000 0.000000 0.000000 0.003383 0.010612 0.079213 0.224425 0.424782 0.710940 0.939265 1.072194 1.126551 1.114820 1.087322 1.036322 0.948540 0.812814 0.662178 0.631790 0.613972 0.567344 0.518590 0.473775 0.432305 0.324124 0.189305 0.089689 0.051259 0.045319 0.022518 0.002435 0.000940 0.000000 0.000000 0.000000 
0.000000 0.000000 0.000000 0.000875 0.004889 0.012179 0.053862 0.171267 0.450857 0.749003 0.927080 1.019998 1.009220 0.962103 0.874333 0.747124 0.619221 0.584996 0.584194 0.613503 0.626660 0.619905 0.594912 0.548502 0.400377 0.246578 0.115024 0.044575 0.015964 0.002796 0.001295 0.000299 0.000000 0.000000 0.000000 
0.000000 0.000000 0.000000 0.000000 0.001417 0.005689 0.012538 0.027023 0.159198 0.410645 0.618838 0.740119 0.765551 0.715570 0.649740 0.620658 0.605710 0.594316 0.585791 0.578917 0.577168 0.580829 0.565216 0.475559 0.308062 0.150011 0.043184 0.006810 0.002880 0.001382 0.000459 0.000000 0.000000 0.000000 0.000000 
0.000000 0.000000 0.000000 0.000000 0.000000 0.001670 0.005943 0.012619 0.049639 0.209521 0.413090 0.558876 0.642488 0.654453 0.646270 0.634229 0.622135 0.610971 0.601823 0.592876 0.580093 0.556780 0.498418 0.346599 0.186659 0.066341 0.012098 0.003040 0.001297 0.000418 0.000000 0.000000 0.000000 0.000000 0.000000 
0.000000 0.000000 0.000000 0.000000 0.000000 0.000000 0.001610 0.005627 0.012491 0.077558 0.242408 0.432089 0.566451 0.636070 0.650991 0.645760 0.636347 0.627205 0.615063 0.600526 0.576422 0.519174 0.382297 0.219926 0.090073 0.021734 0.003150 0.001170 0.000288 0.000000 0.000000 0.000000 0.000000 0.000000 0.000000 
0.000000 0.000000 0.000000 0.000000 0.000000 0.000000 0.000000 0.001246 0.004964 0.011446 0.076246 0.223498 0.384189 0.520792 0.598421 0.629272 0.632956 0.624725 0.606272 0.569987 0.491663 0.357904 0.206279 0.091506 0.024112 0.003150 0.001081 0.000173 0.000000 0.000000 0.000000 0.000000 0.000000 0.000000 0.000000 
0.000000 0.000000 0.000000 0.000000 0.000000 0.000000 0.000000 0.000000 0.000849 0.003695 0.008080 0.039503 0.142875 0.271341 0.374436 0.452007 0.480223 0.478166 0.439959 0.366674 0.251785 0.148759 0.061819 0.013669 0.002539 0.000923 0.000138 0.000000 0.000000 0.000000 0.000000 0.000000 0.000000 0.000000 0.000000 
0.000000 0.000000 0.000000 0.000000 0.000000 0.000000 0.000000 0.000000 0.000000 0.000000 0.001915 0.004590 0.008665 0.029120 0.084295 0.142953 0.175107 0.174289 0.145014 0.096913 0.046203 0.013755 0.003751 0.001685 0.000579 0.000000 0.000000 0.000000 0.000000 0.000000 0.000000 0.000000 0.000000 0.000000 0.000000 
0.000000 0.000000 0.000000 0.000000 0.000000 0.000000 0.000000 0.000000 0.000000 0.000000 0.000000 0.000000 0.001210 0.002675 0.004086 0.005286 0.005945 0.005760 0.004957 0.003692 0.002411 0.001345 0.000527 0.000000 0.000000 0.000000 0.000000 0.000000 0.000000 0.000000 0.000000 0.000000 0.000000 0.000000 0.000000 
0.000000 0.000000 0.000000 0.000000 0.000000 0.000000 0.000000 0.000000 0.000000 0.000000 0.000000 0.000000 0.000000 0.000000 0.000000 0.000000 0.000000 0.000000 0.000000 0.000000 0.000000 0.000000 0.000000 0.000000 0.000000 0.000000 0.000000 0.000000 0.000000 0.000000 0.000000 0.000000 0.000000 0.000000 0.000000 
