-0.000000 -0.000000 -0.000000 -0.000000 -0.000000 -0.000000 -0.000000 -0.000000 -0.000000 -0.000000 -0.000000 -0.000000 -0.000000 -0.000000 -0.000000 -0.000000 -0.000116 -0.000001 -0.000001 -0.000000 -0.000000 -0.000000 -0.000000 -0.000000 -0.000000 -0.000000 -0.000000 -0.000000 -0.000000 -0.000000 -0.000000 -0.000000 -0.000000 -0.000000 -0.000000 
-0.000000 -0.000000 -0.000000 -0.000000 -0.000000 -0.000000 -0.000000 -0.000000 -0.000000 -0.000000 -0.000000 -0.000000 0.001529 0.003072 0.004136 0.004565 0.004181 0.003007 0.001617 0.000589 0.000080 -0.000062 -0.000017 -0.000000 -0.000000 -0.000000 -0.000000 -0.000000 -0.000000 -0.000000 -0.000000 -0.000000 -0.000000 -0.000000 -0.000000 
-0.000000 -0.000000 -0.000000 -0.000000 -0.000000 -0.000000 -0.000000 -0.000000 -0.000000 0.000182 0.003018 0.006559 0.012085 0.049381 0.139029 0.208891 0.225235 0.186816 0.115920 0.050090 0.011384 0.000505 -0.000003 -0.000068 -0.000013 -0.000049 -0.000000 -0.000000 -0.000000 -0.000000 -0.000000 -0.000000 -0.000000 -0.000000 -0.000000 
-0.000000 -0.000000 -0.000000 -0.000000 -0.000000 -0.000000 -0.000000 -0.000000 0.001634 0.006307 0.013168 0.080002 0.269757 0.460956 0.587479 0.657979 0.695780 0.687991 0.617816 0.471516 0.267184 0.107640 0.026598 0.002609 0.000097 -0.000010 0.000003 -0.000000 -0.000000 -0.000000 -0.000000 -0.000000 -0.000000 -0.000000 -0.000000 
-0.000000 -0.000000 -0.000000 -0.000000 -0.000000 -0.000000 -0.000000 0.002560 0.008495 0.020153 0.157134 0.431588 0.680797 0.829581 0.879018 0.909641 0.932715 0.947895 0.954536 0.925266 0.792968 0.512393 0.233133 0.073811 0.013092 0.000689 0.000088 0.000032 -0.000000 -0.000000 -0.000000 -0.000000 -0.000000 -0.000000 -0.000000 
-0.000000 -0.000000 -0.000000 -0.000000 -0.000000 -0.000000 0.002677 0.009070 0.020297 0.161590 0.488422 0.784965 0.861779 0.849500 0.867668 0.884292 0.900117 0.916895 0.933004 0.945517 0.947900 0.880217 0.607947 0.302198 0.099220 0.017623 0.000722 0.000043 -0.000038 -0.000000 -0.000000 -0.000000 -0.000000 -0.000000 -0.000000 
-0.000000 -0.000000 -0.000000 -0.000000 -0.000000 0.002224 0.008332 0.018339 0.099978 0.435365 0.782639 0.856049 0.807669 0.816184 0.826259 0.838955 0.853318 0.871101 0.889546 0.909426 0.924844 0.929432 0.868422 0.571940 0.284796 0.086735 0.010017 -0.000024 -0.000303 -0.000105 -0.000000 -0.000000 -0.000000 -0.000000 -0.000000 
-0.000000 -0.000000 -0.000000 -0.000000 0.001550 0.006692 0.015830 0.037315 0.291127 0.722377 0.891638 0.832113 0.805666 0.799187 0.792153 0.798293 0.811756 0.828903 0.849471 0.870951 0.888990 0.890677 0.876008 0.738219 0.429960 0.188720 0.036612 -0.001111 -0.001294 -0.000794 -0.000202 -0.000000 -0.000000 -0.000000 -0.000000 
-0.000000 -0.000000 -0.000000 0.000888 0.004874 0.012786 0.040525 0.135739 0.545052 0.873875 0.886043 0.789421 0.788811 0.791426 0.796334 0.793115 0.783197 0.794427 0.815686 0.815778 0.797323 0.779567 0.764363 0.731920 0.466998 0.207339 0.022960 -0.044767 -0.017458 -0.002810 -0.001119 -0.000190 -0.000000 -0.000000 -0.000000 
-0.000000 -0.000000 0.000065 0.003115 0.009754 0.044627 0.086077 0.223758 0.646019 0.824274 0.735620 0.653870 0.658159 0.675975 0.712825 0.752719 0.781576 0.785846 0.763803 0.728768 0.699554 0.680518 0.673456 0.660257 0.488177 0.210155 0.002897 -0.120194 -0.093848 -0.033950 -0.003799 -0.001111 0.000072 -0.000000 -0.000000 
-0.000000 -0.000000 0.001504 0.005804 0.036543 0.065737 0.041330 0.177586 0.559566 0.655520 0.519919 0.458990 0.461383 0.483171 0.532315 0.610913 0.711134 0.754474 0.715277 0.679777 0.677636 0.693022 0.708213 0.710021 0.593485 0.289405 0.041435 -0.141059 -0.162939 -0.110097 -0.034905 -0.002991 -0.000645 -0.000000 -0.000000 
-0.000000 -0.000000 0.003036 0.019904 0.044843 -0.011582 -0.116952 0.030350 0.421288 0.549257 0.440009 0.397661 0.394250 0.392311 0.399287 0.446303 0.547003 0.639224 0.702482 0.733736 0.768782 0.803326 0.825192 0.831959 0.743893 0.446663 0.189472 -0.046278 -0.145379 -0.151150 -0.099913 -0.018805 -0.001758 -0.000000 -0.000000 
-0.000000 0.000771 0.004689 0.029724 -0.031446 -0.184945 -0.288842 -0.072930 0.382372 0.539779 0.440143 0.389330 0.386816 0.384421 0.386156 0.425309 0.447315 0.507580 0.675116 0.822645 0.882493 0.914020 0.933267 0.937918 0.839281 0.543803 0.297430 0.094581 -0.008224 -0.093746 -0.132540 -0.063876 -0.003731 -0.000501 -0.000000 
-0.000000 0.001382 0.010034 -0.012998 -0.192030 -0.343899 -0.340526 -0.171033 0.315901 0.534172 0.471344 0.398013 0.396217 0.395031 0.411644 0.485561 0.480989 0.479062 0.627557 0.853844 0.984872 1.017214 1.033170 1.032457 0.888684 0.592958 0.361644 0.177456 0.119760 0.056568 -0.069818 -0.101571 -0.013646 -0.001097 -0.000000 
-0.000000 0.001618 0.008489 -0.116614 -0.357715 -0.400509 -0.362420 -0.291555 0.189471 0.508348 0.524864 0.427719 0.420031 0.432489 0.501167 0.627733 0.593081 0.585991 0.637504 0.844000 1.070236 1.118200 1.126431 1.102981 0.881707 0.597032 0.390647 0.240948 0.214962 0.183147 0.074392 -0.089264 -0.037453 -0.001668 -0.000000 
-0.000000 0.001401 -0.019835 -0.247434 -0.449433 -0.427131 -0.382674 -0.338476 -0.018104 0.412855 0.574047 0.513324 0.498139 0.524769 0.647501 0.742487 0.680724 0.647950 0.639060 0.795932 1.074306 1.191064 1.212592 1.116138 0.820508 0.566315 0.394026 0.310049 0.296783 0.273763 0.214062 -0.015016 -0.054063 -0.002032 -0.000000 
-0.000043 0.000707 -0.066813 -0.355074 -0.493627 -0.452655 -0.403699 -0.360460 -0.265834 0.183667 0.544938 0.654719 0.605594 0.571774 0.722535 0.805658 0.760721 0.732196 0.710108 0.793241 1.054824 1.215088 1.189632 0.998626 0.720476 0.520761 0.397358 0.376666 0.369591 0.352055 0.313778 0.078602 -0.049963 -0.001970 -0.000269 
0.000010 -0.000222 -0.109860 -0.419313 -0.524534 -0.476776 -0.428753 -0.385236 -0.343723 -0.150044 0.332264 0.649189 0.684399 0.602487 0.802502 0.931154 0.889183 0.858895 0.819910 0.861476 1.127528 1.240763 1.020571 0.741436 0.581650 0.488644 0.442267 0.439032 0.435345 0.423185 0.390347 0.156818 -0.027063 -0.001339 -0.000055 
-0.000091 -0.000860 -0.124596 -0.443930 -0.556562 -0.508632 -0.457940 -0.414426 -0.368894 -0.276680 -0.073517 0.279678 0.551522 0.659998 0.893691 1.047487 1.008719 0.965374 0.921850 0.946077 1.107258 1.057030 0.757141 0.535244 0.461462 0.478804 0.501619 0.498238 0.496957 0.486878 0.454666 0.198944 0.000600 -0.000405 -0.000095 
-0.000000 -0.001053 -0.104351 -0.423047 -0.586701 -0.542299 -0.492257 -0.448875 -0.373321 -0.291218 -0.256344 -0.184549 0.029728 0.289649 0.659749 0.990005 1.003978 0.914708 0.782415 0.723414 0.833942 0.745750 0.575054 0.465456 0.431503 0.488591 0.547664 0.555672 0.556101 0.545591 0.498213 0.200798 0.016662 0.000384 -0.000000 
-0.000000 -0.000898 -0.059695 -0.353297 -0.596537 -0.580218 -0.531733 -0.483476 -0.387136 -0.321214 -0.307945 -0.320618 -0.303849 -0.230672 -0.005209 0.404769 0.534483 0.479398 0.368950 0.410449 0.590995 0.602199 0.548419 0.504266 0.467992 0.505220 0.579497 0.614133 0.612663 0.597950 0.488809 0.168812 0.017701 0.000771 -0.000000 
-0.000000 -0.000581 -0.016908 -0.237838 -0.535216 -0.612908 -0.575850 -0.517188 -0.415518 -0.358527 -0.356344 -0.364264 -0.359476 -0.357681 -0.315338 -0.060743 0.142574 0.156338 0.190219 0.424533 0.635780 0.639228 0.606713 0.569184 0.523221 0.539216 0.614861 0.666802 0.663046 0.613688 0.404909 0.120431 0.008682 0.000760 -0.000000 
-0.000000 -0.000222 -0.002824 -0.112837 -0.376884 -0.582336 -0.614982 -0.556901 -0.459493 -0.410554 -0.410003 -0.412653 -0.410181 -0.412292 -0.411578 -0.267259 -0.013935 0.169503 0.364523 0.620380 0.721909 0.700277 0.668152 0.631567 0.584567 0.582521 0.653609 0.711383 0.680830 0.536960 0.264217 0.065195 0.003132 0.000433 -0.000000 
-0.000000 -0.000000 -0.001146 -0.025228 -0.191149 -0.430546 -0.570507 -0.583609 -0.509643 -0.465063 -0.465408 -0.465789 -0.464706 -0.468544 -0.475394 -0.429480 -0.184526 0.160742 0.521483 0.748117 0.777783 0.756456 0.725830 0.689753 0.640871 0.629998 0.688595 0.694012 0.579678 0.374596 0.135202 0.019252 0.001859 -0.000000 -0.000000 
-0.000000 -0.000000 -0.000402 -0.002425 -0.052413 -0.209412 -0.399259 -0.492575 -0.484940 -0.483958 -0.505148 -0.509285 -0.504578 -0.494079 -0.468048 -0.406168 -0.215299 0.145880 0.486110 0.659201 0.730397 0.754111 0.742837 0.708302 0.641469 0.595142 0.592453 0.545277 0.392112 0.174782 0.042866 0.003704 0.000854 -0.000000 -0.000000 
-0.000000 -0.000000 0.000012 -0.000823 -0.003838 -0.050698 -0.166502 -0.291747 -0.330105 -0.359841 -0.401410 -0.417716 -0.406100 -0.373542 -0.315999 -0.223905 -0.098273 0.101306 0.299870 0.431801 0.520729 0.568758 0.572140 0.541426 0.463482 0.418115 0.399583 0.320693 0.159471 0.047524 0.005617 0.001611 -0.000042 -0.000000 -0.000000 
-0.000000 -0.000000 -0.000000 -0.000140 -0.001079 -0.003093 -0.025129 -0.081487 -0.117813 -0.147374 -0.193756 -0.222059 -0.207181 -0.169573 -0.110286 -0.030258 0.045020 0.060045 0.081474 0.174665 0.258587 0.305616 0.312562 0.280726 0.206246 0.177979 0.152060 0.091386 0.028974 0.005684 0.002110 0.000400 -0.000000 -0.000000 -0.000000 
-0.000000 -0.000000 -0.000000 -0.000000 -0.000244 -0.000905 -0.001589 -0.002690 0.009271 0.031106 0.015242 -0.017330 -0.010702 0.015655 0.044599 0.050576 0.048079 0.043310 0.035336 0.024028 0.016274 0.030800 0.027750 -0.018677 -0.057378 -0.035424 0.001316 0.008990 0.004697 0.002150 0.000495 -0.000000 -0.000000 -0.000000 -0.000000 
-0.000000 -0.000000 -0.000000 -0.000000 -0.000000 -0.000163 -0.000368 -0.000100 0.008054 0.042230 0.069028 0.055623 0.036661 0.040855 0.041350 0.038919 0.034683 0.026802 0.016191 -0.000211 -0.021697 -0.050334 -0.090994 -0.135553 -0.112397 -0.048036 -0.001684 0.003180 0.001790 0.000549 -0.000000 -0.000000 -0.000000 -0.000000 -0.000000 
-0.000000 -0.000000 -0.000000 -0.000000 -0.000000 -0.000000 0.000011 0.000271 0.001306 0.016429 0.044075 0.053972 0.031741 0.017429 0.020790 0.019008 0.013791 0.004564 -0.009006 -0.028121 -0.052622 -0.089573 -0.134726 -0.127886 -0.070825 -0.014079 0.001446 0.001176 0.000457 -0.000000 -0.000000 -0.000000 -0.000000 -0.000000 -0.000000 
-0.000000 -0.000000 -0.000000 -0.000000 -0.000000 -0.000000 -0.000000 0.000139 0.000782 0.002199 0.016816 0.033573 0.029687 0.006671 -0.011612 -0.014050 -0.017686 -0.027387 -0.042929 -0.067109 -0.102995 -0.137190 -0.127072 -0.073137 -0.018517 0.000040 0.000592 0.000308 -0.000000 -0.000000 -0.000000 -0.000000 -0.000000 -0.000000 -0.000000 
-0.000000 -0.000000 -0.000000 -0.000000 -0.000000 -0.000000 -0.000000 -0.000000 0.000243 0.000860 0.001866 0.009249 0.020519 0.011852 -0.016575 -0.049066 -0.070797 -0.088524 -0.105993 -0.121791 -0.125697 -0.098518 -0.049714 -0.010365 -0.000422 0.000185 0.000129 -0.000000 -0.000000 -0.000000 -0.000000 -0.000000 -0.000000 -0.000000 -0.000000 
-0.000000 -0.000000 -0.000000 -0.000000 -0.000000 -0.000000 -0.000000 -0.000000 -0.000000 0.000005 0.000510 0.001047 0.001650 0.004662 0.005563 -0.007216 -0.029813 -0.052288 -0.062567 -0.054824 -0.032512 -0.009608 -0.001804 -0.000623 -0.000122 0.000056 -0.000000 -0.000000 -0.000000 -0.000000 -0.000000 -0.000000 -0.000000 -0.000000 -0.000000 
-0.000000 -0.000000 -0.000000 -0.000000 -0.000000 -0.000000 -0.000000 -0.000000 -0.000000 -0.000000 -0.000000 -0.000000 0.000242 0.000419 0.000356 -0.000004 -0.000617 -0.001289 -0.001634 -0.001537 -0.001177 -0.000707 -0.000287 -0.000000 -0.000000 -0.000000 -0.000000 -0.000000 -0.000000 -0.000000 -0.000000 -0.000000 -0.000000 -0.000000 -0.000000 
-0.000000 -0.000000 -0.000000 -0.000000 -0.000000 -0.000000 -0.000000 -0.000000 -0.000000 -0.000000 -0.000000 -0.000000 -0.000000 -0.000000 -0.000000 -0.000000 0.000026 -0.000072 -0.000025 -0.000000 -0.000000 -0.000000 -0.000000 -0.000000 -0.000000 -0.000000 -0.000000 -0.000000 -0.000000 -0.000000 -0.000000 -0.000000 -0.000000 -0.000000 -0.000000 
