0.000000 0.000000 0.000000 0.000000 0.000000 0.000000 0.000000 0.000000 0.000000 0.000000 0.000000 0.000000 0.000000 0.000000 0.000000 0.000000 0.000000 -0.000000 -0.000002 -0.000000 0.000000 0.000000 0.000000 0.000000 0.000000 0.000000 0.000000 0.000000 0.000000 0.000000 0.000000 0.000000 0.000000 0.000000 0.000000 
0.000000 0.000000 0.000000 0.000000 0.000000 0.000000 0.000000 0.000000 0.000000 0.000000 0.000000 0.000000 0.000000 0.000000 0.000000 0.000000 0.000000 -0.000004 0.000000 0.000000 0.000000 0.000000 0.000000 0.000000 0.000000 0.000000 0.000000 0.000000 0.000000 0.000000 0.000000 0.000000 0.000000 0.000000 0.000000 
0.000000 0.000000 0.000000 0.000000 0.000000 0.000000 0.000000 0.000000 0.000000 0.000000 0.000000 0.000000 -0.000040 -0.000140 -0.000276 -0.000411 -0.000510 -0.000540 -0.000491 -0.000382 -0.000248 -0.000122 -0.000035 0.000000 0.000000 0.000000 0.000000 0.000000 0.000000 0.000000 0.000000 0.000000 0.000000 0.000000 0.000000 
0.000000 0.000000 0.000000 0.000000 0.000000 0.000000 0.000000 0.000000 0.000000 0.000001 -0.000077 -0.000295 -0.000662 -0.001580 -0.004818 -0.010350 -0.015399 -0.017302 -0.014946 -0.009760 -0.004423 -0.001399 -0.000556 -0.000240 -0.000062 0.000000 0.000000 0.000000 0.000000 0.000000 0.000000 0.000000 0.000000 0.000000 0.000000 
0.000000 0.000000 0.000000 0.000000 0.000000 0.000000 0.000000 0.000000 -0.000024 -0.000203 -0.000599 -0.002335 -0.011044 -0.028987 -0.052780 -0.076677 -0.093270 -0.098209 -0.090794 -0.072454 -0.048371 -0.025738 -0.009478 -0.001928 -0.000478 -0.000159 -0.000019 0.000000 0.000000 0.000000 0.000000 0.000000 0.000000 0.000000 0.000000 
0.000000 0.000000 0.000000 0.000000 0.000000 0.000000 0.000000 -0.000046 -0.000287 -0.000820 -0.005095 -0.021439 -0.051166 -0.089347 -0.126963 -0.152832 -0.165647 -0.168279 -0.162308 -0.146340 -0.118199 -0.080483 -0.044470 -0.017927 -0.004074 -0.000633 -0.000216 -0.000035 0.000000 0.000000 0.000000 0.000000 0.000000 0.000000 0.000000 
0.000000 0.000000 0.000000 0.000000 0.000000 0.000000 -0.000059 -0.000296 -0.000809 -0.005259 -0.023736 -0.058188 -0.101329 -0.140066 -0.161766 -0.170214 -0.172469 -0.171857 -0.169355 -0.163873 -0.152128 -0.127762 -0.089175 -0.049282 -0.019242 -0.004061 -0.000608 -0.000218 -0.000043 0.000000 0.000000 0.000000 0.000000 0.000000 0.000000 
0.000000 0.000000 0.000000 0.000000 0.000000 -0.000058 -0.000266 -0.000691 -0.003116 -0.018403 -0.051160 -0.092786 -0.131239 -0.150544 -0.156465 -0.157320 -0.156662 -0.155348 -0.153833 -0.151540 -0.147455 -0.138180 -0.116316 -0.079088 -0.041868 -0.014377 -0.002343 -0.000516 -0.000196 -0.000042 0.000000 0.000000 0.000000 0.000000 0.000000 
0.000000 0.000000 0.000000 0.000000 -0.000041 -0.000215 -0.000552 -0.001350 -0.010389 -0.037557 -0.076163 -0.115380 -0.138244 -0.143332 -0.142678 -0.141647 -0.140639 -0.139494 -0.137992 -0.136290 -0.134328 -0.131333 -0.122634 -0.098340 -0.062342 -0.029556 -0.007863 -0.001055 -0.000438 -0.000172 -0.000032 0.000000 0.000000 0.000000 0.000000 
0.000000 0.000000 0.000000 -0.000019 -0.000149 -0.000416 -0.001440 -0.005053 -0.023151 -0.056543 -0.093993 -0.126681 -0.135954 -0.136864 -0.135334 -0.133213 -0.131137 -0.130113 -0.128576 -0.128032 -0.127884 -0.126579 -0.122181 -0.109956 -0.078874 -0.046365 -0.019064 -0.004553 -0.001295 -0.000388 -0.000140 -0.000016 0.000000 0.000000 0.000000 
0.000000 0.000000 -0.000001 -0.000073 -0.000275 -0.001361 -0.003362 -0.009443 -0.031888 -0.064351 -0.099265 -0.122314 -0.126432 -0.127103 -0.127475 -0.128642 -0.129000 -0.127877 -0.128663 -0.128971 -0.127482 -0.125387 -0.121718 -0.114253 -0.091039 -0.060023 -0.032751 -0.013209 -0.005499 -0.001726 -0.000333 -0.000089 -0.000001 0.000000 0.000000 
0.000000 0.000000 -0.000014 -0.000113 -0.000761 -0.001452 -0.001672 -0.006884 -0.029476 -0.060304 -0.093531 -0.109496 -0.111938 -0.113007 -0.115394 -0.119824 -0.125542 -0.132430 -0.135564 -0.134880 -0.132297 -0.129121 -0.125214 -0.119155 -0.101754 -0.071633 -0.045127 -0.024474 -0.014276 -0.006677 -0.001566 -0.000221 -0.000027 0.000000 0.000000 
0.000000 0.000000 -0.000010 -0.000176 0.000445 0.003440 0.007823 0.004383 -0.018002 -0.049664 -0.083643 -0.097476 -0.099049 -0.099022 -0.100535 -0.106304 -0.119891 -0.136996 -0.146357 -0.145349 -0.140534 -0.135139 -0.129883 -0.123813 -0.109100 -0.080702 -0.056257 -0.036381 -0.025908 -0.016228 -0.005966 -0.000717 -0.000091 0.000000 0.000000 
0.000000 0.000006 0.000047 0.000850 0.006611 0.015773 0.023501 0.019281 -0.005873 -0.039180 -0.074547 -0.090255 -0.092069 -0.091453 -0.091080 -0.096302 -0.114459 -0.138780 -0.155197 -0.155871 -0.148075 -0.141274 -0.135468 -0.128874 -0.112701 -0.084161 -0.061381 -0.045564 -0.038813 -0.029309 -0.014259 -0.003047 -0.000191 -0.000010 0.000000 
0.000000 0.000031 0.000270 0.005339 0.018897 0.033088 0.037641 0.031614 0.006285 -0.027633 -0.064812 -0.086547 -0.090126 -0.089431 -0.088438 -0.096248 -0.116094 -0.137503 -0.155559 -0.162055 -0.156250 -0.149614 -0.143636 -0.135342 -0.113997 -0.084305 -0.061936 -0.048891 -0.048466 -0.043480 -0.026184 -0.008010 -0.000419 -0.000034 0.000000 
0.000000 0.000083 0.001335 0.014064 0.035747 0.048123 0.047022 0.041337 0.019852 -0.013077 -0.051787 -0.082705 -0.091828 -0.092265 -0.092212 -0.105894 -0.128380 -0.142163 -0.155348 -0.169377 -0.169331 -0.162064 -0.154374 -0.140918 -0.111704 -0.080709 -0.059031 -0.049920 -0.053643 -0.054238 -0.040030 -0.015155 -0.001212 -0.000068 0.000000 
0.000000 0.000158 0.003763 0.025877 0.051643 0.058343 0.053785 0.047616 0.034886 0.006239 -0.031797 -0.070874 -0.091633 -0.097525 -0.104823 -0.130287 -0.157583 -0.165602 -0.173185 -0.194518 -0.202012 -0.189248 -0.170650 -0.141742 -0.104275 -0.073418 -0.054128 -0.051493 -0.056619 -0.060333 -0.051801 -0.023398 -0.002689 -0.000103 0.000000 
-0.000000 0.000242 0.006858 0.037518 0.063542 0.065685 0.059412 0.052915 0.047437 0.029313 -0.002798 -0.043370 -0.080565 -0.104336 -0.125173 -0.160599 -0.189684 -0.192479 -0.195319 -0.222411 -0.240052 -0.226606 -0.190600 -0.139422 -0.092302 -0.062686 -0.050939 -0.053158 -0.058696 -0.063769 -0.059303 -0.030462 -0.004246 -0.000135 -0.000000 
0.000004 0.000305 0.009148 0.045482 0.071721 0.071706 0.064624 0.058023 0.053904 0.049739 0.033420 -0.000968 -0.049731 -0.096719 -0.135591 -0.177391 -0.205916 -0.205255 -0.203646 -0.229794 -0.250511 -0.233216 -0.188190 -0.131435 -0.083714 -0.056312 -0.051764 -0.054674 -0.060311 -0.065938 -0.062884 -0.034017 -0.005091 -0.000154 0.000000 
0.000000 0.000321 0.009256 0.047941 0.076678 0.077001 0.069768 0.062975 0.059430 0.062114 0.060184 0.041064 0.001531 -0.047979 -0.097691 -0.154476 -0.193147 -0.195126 -0.190049 -0.207240 -0.213797 -0.188438 -0.151831 -0.115131 -0.083957 -0.063936 -0.053744 -0.055969 -0.061690 -0.067047 -0.062818 -0.033082 -0.004772 -0.000156 0.000000 
0.000000 0.000285 0.006978 0.043930 0.077746 0.081614 0.074944 0.067968 0.067296 0.070603 0.069852 0.061435 0.043658 0.019216 -0.014339 -0.064393 -0.106586 -0.114893 -0.113172 -0.132346 -0.140989 -0.126619 -0.114810 -0.106304 -0.091912 -0.074713 -0.060044 -0.057190 -0.062736 -0.067016 -0.058633 -0.027906 -0.003383 -0.000137 0.000000 
0.000000 0.000206 0.003662 0.033604 0.072097 0.084476 0.079979 0.073675 0.075657 0.077597 0.074744 0.066389 0.057637 0.050503 0.041778 0.016509 -0.016442 -0.031238 -0.044699 -0.076534 -0.096577 -0.098657 -0.101816 -0.105127 -0.098098 -0.082917 -0.067730 -0.058844 -0.063137 -0.064388 -0.049288 -0.019894 -0.001692 -0.000099 0.000000 
0.000000 0.000115 0.001302 0.020535 0.057048 0.081757 0.083765 0.080749 0.083726 0.084210 0.079603 0.070988 0.063523 0.058734 0.055983 0.044475 0.018897 -0.006488 -0.038788 -0.075509 -0.091237 -0.094134 -0.098413 -0.103648 -0.101658 -0.088669 -0.073888 -0.061733 -0.061517 -0.056459 -0.035632 -0.011575 -0.000635 -0.000055 0.000000 
0.000000 0.000037 0.000549 0.008839 0.036417 0.066878 0.081848 0.086073 0.090678 0.090695 0.085276 0.076752 0.069851 0.065653 0.063585 0.056997 0.033213 -0.006148 -0.050805 -0.082108 -0.090378 -0.092619 -0.096847 -0.102660 -0.103535 -0.091890 -0.077148 -0.062319 -0.054575 -0.042265 -0.021458 -0.004811 -0.000309 -0.000017 0.000000 
0.000000 0.000000 0.000264 0.002155 0.017200 0.043218 0.065151 0.081007 0.093186 0.095429 0.090570 0.082308 0.075395 0.070580 0.065983 0.056167 0.030776 -0.012317 -0.055855 -0.079730 -0.087343 -0.091382 -0.096211 -0.102293 -0.103771 -0.092002 -0.075208 -0.054735 -0.040477 -0.025849 -0.009839 -0.001190 -0.000153 0.000000 0.000000 
0.000000 0.000000 0.000078 0.000559 0.004708 0.019842 0.040580 0.060053 0.078014 0.087044 0.086648 0.079765 0.071676 0.063033 0.052277 0.036768 0.013459 -0.020521 -0.051221 -0.067571 -0.077461 -0.085090 -0.092164 -0.098649 -0.097941 -0.083175 -0.062470 -0.039520 -0.024348 -0.011600 -0.002720 -0.000357 -0.000046 0.000000 0.000000 
0.000000 0.000000 -0.000000 0.000209 0.000814 0.005083 0.016541 0.033445 0.053259 0.065154 0.066823 0.060270 0.051166 0.040714 0.028053 0.011756 -0.007715 -0.026361 -0.041378 -0.054238 -0.064831 -0.073681 -0.081718 -0.088042 -0.083879 -0.067377 -0.044802 -0.022092 -0.009934 -0.003075 -0.000544 -0.000141 -0.000001 0.000000 0.000000 
0.000000 0.000000 0.000000 0.000032 0.000312 0.000857 0.003266 0.010603 0.025627 0.039143 0.042930 0.037184 0.027123 0.015979 0.003379 -0.010446 -0.022305 -0.028708 -0.034565 -0.043595 -0.053668 -0.063094 -0.071396 -0.076234 -0.066807 -0.047895 -0.024366 -0.007445 -0.002179 -0.000617 -0.000222 -0.000024 0.000000 0.000000 0.000000 
0.000000 0.000000 0.000000 0.000000 0.000060 0.000347 0.000802 0.001618 0.007158 0.016489 0.020790 0.016622 0.005870 -0.005116 -0.014550 -0.020758 -0.025999 -0.031124 -0.036226 -0.041424 -0.047336 -0.055102 -0.062036 -0.061324 -0.047404 -0.027295 -0.008864 -0.001421 -0.000643 -0.000264 -0.000046 0.000000 0.000000 0.000000 0.000000 
0.000000 0.000000 0.000000 0.000000 0.000000 0.000079 0.000337 0.000721 0.002168 0.007302 0.011866 0.010069 0.001329 -0.009423 -0.017546 -0.023961 -0.029524 -0.034802 -0.040052 -0.045436 -0.051038 -0.056206 -0.057872 -0.048274 -0.031109 -0.013027 -0.002649 -0.000663 -0.000281 -0.000062 0.000000 0.000000 0.000000 0.000000 0.000000 
0.000000 0.000000 0.000000 0.000000 0.000000 0.000000 0.000078 0.000298 0.000628 0.002626 0.006723 0.008746 0.004542 -0.005820 -0.017186 -0.025918 -0.032722 -0.038637 -0.044190 -0.049492 -0.054012 -0.055161 -0.047296 -0.031697 -0.015007 -0.003975 -0.000672 -0.000277 -0.000063 0.000000 0.000000 0.000000 0.000000 0.000000 0.000000 
0.000000 0.000000 0.000000 0.000000 0.000000 0.000000 0.000000 0.000057 0.000233 0.000501 0.002054 0.004590 0.004907 0.000421 -0.009313 -0.020660 -0.030425 -0.038004 -0.043706 -0.047095 -0.046202 -0.038375 -0.025495 -0.012475 -0.003562 -0.000613 -0.000240 -0.000048 0.000000 0.000000 0.000000 0.000000 0.000000 0.000000 0.000000 
0.000000 0.000000 0.000000 0.000000 0.000000 0.000000 0.000000 0.000000 0.000028 0.000135 0.000288 0.000848 0.001983 0.001799 -0.001324 -0.007666 -0.015485 -0.022173 -0.026079 -0.025979 -0.021244 -0.013700 -0.006201 -0.001553 -0.000398 -0.000155 -0.000024 0.000000 0.000000 0.000000 0.000000 0.000000 0.000000 0.000000 0.000000 
0.000000 0.000000 0.000000 0.000000 0.000000 0.000000 0.000000 0.000000 0.000000 0.000001 0.000041 0.000105 0.000163 0.000237 0.000129 -0.000755 -0.002442 -0.004201 -0.004910 -0.004076 -0.002288 -0.000838 -0.000352 -0.000175 -0.000055 0.000000 0.000000 0.000000 0.000000 0.000000 0.000000 0.000000 0.000000 0.000000 0.000000 
0.000000 0.000000 0.000000 0.000000 0.000000 0.000000 0.000000 0.000000 0.000000 0.000000 0.000000 0.000000 0.000009 0.000019 0.000013 -0.000015 -0.000063 -0.000113 -0.000145 -0.000145 -0.000115 -0.000068 -0.000024 0.000000 0.000000 0.000000 0.000000 0.000000 0.000000 0.000000 0.000000 0.000000 0.000000 0.000000 0.000000 
