0.000000 0.000000 0.000000 0.000000 0.000000 0.000000 0.000000 0.000000 0.000000 0.000000 0.000000 0.000000 0.000000 0.000000 0.000000 0.000000 0.000000 0.000000 0.000000 0.000000 0.000000 0.000000 0.000000 0.000000 0.000000 0.000000 0.000000 0.000000 0.000000 0.000000 0.000000 0.000000 0.000000 0.000000 0.000000 
0.000000 0.000000 0.000000 0.000000 0.000000 0.000000 0.000000 0.000000 0.000000 0.000000 0.000000 0.000000 0.000000 0.000000 0.000000 0.000000 0.000000 0.000000 0.000000 0.000000 0.000000 0.000000 0.000000 0.000000 0.000000 0.000000 0.000000 0.000000 0.000000 0.000000 0.000000 0.000000 0.000000 0.000000 0.000000 
0.000000 0.000000 0.000000 0.000000 0.000000 0.000000 0.000000 0.000000 0.000000 0.000000 0.000000 0.000000 -0.000024 -0.000003 0.000056 0.000127 0.000192 0.000233 0.000233 0.000190 0.000117 0.000035 -0.000011 0.000000 0.000000 0.000000 0.000000 0.000000 0.000000 0.000000 0.000000 0.000000 0.000000 0.000000 0.000000 
0.000000 0.000000 0.000000 0.000000 0.000000 0.000000 0.000000 0.000000 0.000000 0.000000 -0.000026 0.000045 0.000189 -0.000154 -0.000797 0.000513 0.002923 0.004444 0.004297 0.002290 0.000415 0.000405 0.000482 0.000196 0.000019 0.000000 0.000000 0.000000 0.000000 0.000000 0.000000 0.000000 0.000000 0.000000 0.000000 
0.000000 0.000000 0.000000 0.000000 0.000000 0.000000 0.000000 0.000000 -0.000021 -0.000002 0.000152 -0.000266 0.001119 0.010063 0.027128 0.049222 0.069915 0.080638 0.078219 0.062988 0.041335 0.020504 0.006251 0.001148 0.000587 0.000165 0.000003 0.000000 0.000000 0.000000 0.000000 0.000000 0.000000 0.000000 0.000000 
0.000000 0.000000 0.000000 0.000000 0.000000 0.000000 0.000000 -0.000023 0.000026 0.000209 -0.000055 0.005820 0.025238 0.059015 0.104577 0.148642 0.179883 0.194926 0.193271 0.174073 0.137596 0.091034 0.048413 0.017834 0.003550 0.000932 0.000308 0.000031 0.000000 0.000000 0.000000 0.000000 0.000000 0.000000 0.000000 
0.000000 0.000000 0.000000 0.000000 0.000000 0.000000 -0.000009 0.000045 0.000239 0.000114 0.006891 0.030381 0.074436 0.131446 0.184330 0.221490 0.244742 0.256924 0.258968 0.249522 0.225120 0.180999 0.121194 0.063467 0.023002 0.004541 0.001113 0.000380 0.000050 0.000000 0.000000 0.000000 0.000000 0.000000 0.000000 
0.000000 0.000000 0.000000 0.000000 0.000000 0.000007 0.000062 0.000243 0.000184 0.004125 0.024804 0.068006 0.126490 0.183711 0.225002 0.253474 0.272697 0.283813 0.287616 0.282967 0.268317 0.239129 0.188956 0.122795 0.061028 0.019488 0.003496 0.001171 0.000398 0.000050 0.000000 0.000000 0.000000 0.000000 0.000000 
0.000000 0.000000 0.000000 0.000000 0.000017 0.000077 0.000228 0.000557 0.001754 0.014895 0.050670 0.104863 0.165577 0.211860 0.244851 0.269582 0.287047 0.298086 0.302677 0.300509 0.290539 0.272250 0.238330 0.179329 0.109399 0.048549 0.012499 0.002678 0.001185 0.000390 0.000033 0.000000 0.000000 0.000000 0.000000 
0.000000 0.000000 0.000000 0.000006 0.000069 0.000213 0.001012 0.002986 0.009335 0.033810 0.078686 0.138912 0.193557 0.233770 0.262572 0.283085 0.298093 0.309388 0.314981 0.320269 0.324626 0.319685 0.297800 0.252002 0.178637 0.104526 0.043897 0.013134 0.003731 0.001153 0.000324 0.000005 0.000000 0.000000 0.000000 
0.000000 0.000000 0.000000 0.000038 0.000165 0.001300 0.004419 0.008729 0.019328 0.049362 0.098811 0.159835 0.209649 0.248125 0.276546 0.297864 0.312397 0.323026 0.342569 0.366570 0.382842 0.386151 0.370653 0.332760 0.262898 0.181762 0.106874 0.051314 0.021128 0.005076 0.000987 0.000182 0.000000 0.000000 0.000000 
0.000000 0.000000 0.000007 0.000079 0.000967 0.003931 0.008565 0.012121 0.023895 0.055630 0.107267 0.166592 0.214628 0.252904 0.283294 0.307340 0.326964 0.356053 0.396343 0.433540 0.457732 0.465039 0.452814 0.417907 0.351887 0.266350 0.184424 0.115661 0.065817 0.025465 0.004197 0.000639 0.000031 0.000000 0.000000 
0.000000 0.000000 0.000009 0.000315 0.002393 0.005756 0.008653 0.009431 0.019921 0.050830 0.102464 0.160807 0.208436 0.247367 0.279959 0.308542 0.347709 0.409334 0.469549 0.511456 0.533297 0.534615 0.518077 0.482890 0.420607 0.339415 0.261723 0.189856 0.131474 0.069459 0.020446 0.001592 0.000233 0.000000 0.000000 
0.000000 -0.000000 -0.000005 0.000851 0.002424 0.003735 0.002657 0.000114 0.008860 0.038613 0.089556 0.148327 0.196685 0.236180 0.269198 0.305724 0.376983 0.471773 0.541419 0.573557 0.582065 0.576028 0.555919 0.518986 0.456494 0.378374 0.308902 0.251466 0.201869 0.131597 0.054188 0.008037 0.000565 -0.000000 0.000000 
0.000000 -0.000009 0.000001 0.000407 -0.000489 -0.003627 -0.007856 -0.010516 -0.004448 0.022351 0.070611 0.130732 0.181411 0.222151 0.256042 0.308332 0.412813 0.522352 0.587360 0.608868 0.609086 0.599185 0.576318 0.535935 0.469592 0.394597 0.331714 0.286138 0.253604 0.195098 0.101092 0.024661 0.000739 0.000064 0.000000 
0.000000 -0.000027 -0.000059 -0.001850 -0.007196 -0.014191 -0.018211 -0.019999 -0.018141 0.003138 0.046041 0.106197 0.161793 0.205610 0.243217 0.319648 0.448082 0.553533 0.608822 0.628723 0.624266 0.609737 0.582286 0.534863 0.463467 0.392576 0.337551 0.305386 0.283422 0.240846 0.151621 0.048799 0.001749 0.000169 0.000000 
0.000000 -0.000056 -0.000571 -0.006450 -0.016348 -0.024090 -0.027566 -0.028979 -0.030457 -0.017842 0.016293 0.071843 0.132961 0.181489 0.224864 0.324368 0.465997 0.559009 0.610084 0.636459 0.635528 0.615443 0.577331 0.515573 0.441455 0.378134 0.334456 0.315535 0.298711 0.265930 0.190457 0.073658 0.004853 0.000272 0.000000 
0.000000 -0.000085 -0.001412 -0.012109 -0.025107 -0.032610 -0.035947 -0.037494 -0.038996 -0.037146 -0.015998 0.025333 0.081427 0.135233 0.187323 0.301585 0.448398 0.532254 0.580746 0.614902 0.621927 0.602422 0.553685 0.480376 0.407894 0.355923 0.329914 0.318158 0.303782 0.275839 0.210762 0.091215 0.008092 0.000340 0.000000 
0.000000 -0.000105 -0.002151 -0.016959 -0.032313 -0.039915 -0.043391 -0.045265 -0.046782 -0.049288 -0.047929 -0.031282 0.006094 0.059933 0.126185 0.252825 0.404363 0.486717 0.531831 0.563286 0.567606 0.542020 0.492795 0.430060 0.374790 0.339226 0.324756 0.314092 0.300573 0.274553 0.213163 0.094879 0.009024 0.000358 0.000000 
0.000000 -0.000108 -0.002258 -0.019237 -0.037222 -0.045666 -0.049784 -0.052059 -0.054237 -0.059976 -0.071436 -0.078472 -0.066773 -0.030083 0.029894 0.157613 0.315228 0.403809 0.447576 0.470930 0.464499 0.437107 0.405486 0.376572 0.352455 0.333092 0.314673 0.303593 0.289945 0.262783 0.198647 0.084087 0.007246 0.000317 0.000000 
0.000000 -0.000091 -0.001555 -0.018000 -0.039101 -0.049719 -0.054848 -0.057722 -0.062255 -0.073497 -0.087971 -0.101463 -0.105200 -0.095119 -0.066775 0.025316 0.162401 0.257089 0.306489 0.337407 0.343889 0.338834 0.339169 0.342267 0.337191 0.322479 0.302658 0.286792 0.271429 0.240301 0.167704 0.062107 0.003868 0.000236 0.000000 
0.000000 -0.000059 -0.000637 -0.013345 -0.036206 -0.051231 -0.057990 -0.062071 -0.070670 -0.085354 -0.101740 -0.113528 -0.116495 -0.114123 -0.106114 -0.060201 0.042682 0.140219 0.203421 0.248874 0.274934 0.290004 0.303997 0.315138 0.315686 0.304084 0.285022 0.263315 0.243642 0.203805 0.122611 0.037304 0.001171 0.000137 0.000000 
0.000000 -0.000023 -0.000276 -0.007519 -0.027655 -0.048008 -0.058276 -0.064827 -0.077427 -0.094288 -0.111327 -0.121510 -0.123170 -0.119992 -0.113420 -0.088734 -0.015281 0.079498 0.159266 0.211803 0.239624 0.257043 0.271736 0.283693 0.287654 0.277958 0.258735 0.231827 0.203184 0.150716 0.073926 0.016736 0.000462 0.000050 0.000000 
0.000000 0.000000 -0.000200 -0.002740 -0.016471 -0.036904 -0.053353 -0.064196 -0.079811 -0.098388 -0.115996 -0.125057 -0.126206 -0.122851 -0.116039 -0.101504 -0.054894 0.026770 0.109542 0.166329 0.196828 0.216997 0.233028 0.245602 0.250942 0.241373 0.220231 0.187156 0.145859 0.090958 0.035294 0.004446 0.000371 0.000000 0.000000 
0.000000 0.000000 -0.000084 -0.000616 -0.006870 -0.021767 -0.038951 -0.055012 -0.075470 -0.096090 -0.114361 -0.123343 -0.124205 -0.120243 -0.111802 -0.097590 -0.067832 -0.010962 0.054008 0.105324 0.141537 0.167005 0.185435 0.198740 0.203782 0.192494 0.166331 0.125414 0.083870 0.041936 0.011183 0.000662 0.000140 0.000000 0.000000 
0.000000 0.000000 -0.000010 -0.000234 -0.001580 -0.008800 -0.021606 -0.036880 -0.058087 -0.081363 -0.101658 -0.111835 -0.112493 -0.106909 -0.096055 -0.080345 -0.060124 -0.029463 0.009254 0.045856 0.078383 0.105226 0.125693 0.139480 0.142963 0.129357 0.102442 0.066660 0.035647 0.012734 0.001651 0.000327 0.000014 0.000000 0.000000 
0.000000 0.000000 0.000000 -0.000066 -0.000369 -0.001939 -0.007646 -0.017877 -0.035928 -0.057948 -0.077854 -0.089496 -0.090723 -0.085724 -0.075674 -0.062135 -0.046853 -0.033287 -0.016681 0.006570 0.030622 0.052302 0.070280 0.083429 0.086233 0.074451 0.051617 0.024707 0.009063 0.001837 0.000452 0.000078 0.000000 0.000000 0.000000 
0.000000 0.000000 0.000000 -0.000001 -0.000122 -0.000439 -0.001444 -0.004917 -0.015334 -0.033598 -0.052290 -0.065771 -0.068786 -0.065419 -0.057766 -0.048273 -0.039431 -0.031431 -0.022543 -0.011088 0.004288 0.020496 0.035458 0.047319 0.047660 0.037118 0.019228 0.005230 0.001275 0.000502 0.000132 -0.000002 0.000000 0.000000 0.000000 
0.000000 0.000000 0.000000 0.000000 -0.000011 -0.000149 -0.000453 -0.001001 -0.004287 -0.015102 -0.030605 -0.044500 -0.051084 -0.050829 -0.047373 -0.042699 -0.036647 -0.029370 -0.021017 -0.011771 -0.001685 0.009561 0.021669 0.029966 0.028125 0.018552 0.006458 0.001120 0.000504 0.000163 0.000005 0.000000 0.000000 0.000000 0.000000 
0.000000 0.000000 0.000000 0.000000 0.000000 -0.000018 -0.000151 -0.000440 -0.001220 -0.005989 -0.016848 -0.030182 -0.040401 -0.043757 -0.042772 -0.039061 -0.033604 -0.026686 -0.018685 -0.009568 0.000543 0.011661 0.022065 0.024607 0.019377 0.009374 0.002092 0.000488 0.000184 0.000026 0.000000 0.000000 0.000000 0.000000 0.000000 
0.000000 0.000000 0.000000 0.000000 0.000000 0.000000 -0.000017 -0.000140 -0.000399 -0.001401 -0.006352 -0.015799 -0.026558 -0.033912 -0.035488 -0.033241 -0.028635 -0.022236 -0.014409 -0.005210 0.005302 0.015641 0.020200 0.017287 0.009760 0.003026 0.000475 0.000195 0.000041 0.000000 0.000000 0.000000 0.000000 0.000000 0.000000 
0.000000 0.000000 0.000000 0.000000 0.000000 0.000000 0.000000 -0.000009 -0.000106 -0.000312 -0.000928 -0.004262 -0.010651 -0.017533 -0.022151 -0.022698 -0.019633 -0.013970 -0.006245 0.002733 0.010868 0.014485 0.012524 0.007752 0.002676 0.000411 0.000176 0.000045 0.000000 0.000000 0.000000 0.000000 0.000000 0.000000 0.000000 
0.000000 0.000000 0.000000 0.000000 0.000000 0.000000 0.000000 0.000000 0.000002 -0.000049 -0.000181 -0.000220 -0.000978 -0.003295 -0.006004 -0.007327 -0.006274 -0.002795 0.002031 0.006438 0.008203 0.007146 0.004153 0.001194 0.000254 0.000118 0.000025 0.000000 0.000000 0.000000 0.000000 0.000000 0.000000 0.000000 0.000000 
0.000000 0.000000 0.000000 0.000000 0.000000 0.000000 0.000000 0.000000 0.000000 0.000000 0.000002 -0.000047 -0.000116 0.000073 0.000648 0.001036 0.001555 0.002376 0.002930 0.002813 0.001860 0.000633 0.000178 0.000104 0.000047 0.000000 0.000000 0.000000 0.000000 0.000000 0.000000 0.000000 0.000000 0.000000 0.000000 
0.000000 0.000000 0.000000 0.000000 0.000000 0.000000 0.000000 0.000000 0.000000 0.000000 0.000000 0.000000 0.000011 0.000006 -0.000006 -0.000010 0.000000 0.000020 0.000041 0.000054 0.000055 0.000044 0.000024 0.000000 0.000000 0.000000 0.000000 0.000000 0.000000 0.000000 0.000000 0.000000 0.000000 0.000000 0.000000 
