-0.000000 -0.000000 -0.000000 -0.000000 -0.000000 -0.000000 -0.000000 -0.000000 -0.000000 -0.000000 -0.000000 -0.000000 -0.000000 -0.000000 -0.000000 -0.000000 -0.000000 -0.000000 -0.000000 -0.000000 -0.000000 -0.000000 -0.000000 -0.000000 -0.000000 -0.000000 -0.000000 -0.000000 -0.000000 -0.000000 -0.000000 -0.000000 -0.000000 -0.000000 -0.000000 
-0.000000 -0.000000 -0.000000 -0.000000 -0.000000 -0.000000 -0.000000 -0.000000 -0.000000 -0.000000 -0.000000 -0.000000 -0.000460 -0.001042 -0.001599 -0.002055 -0.002380 -0.002506 -0.002413 -0.002129 -0.001729 -0.001215 -0.000588 -0.000000 -0.000000 -0.000000 -0.000000 -0.000000 -0.000000 -0.000000 -0.000000 -0.000000 -0.000000 -0.000000 -0.000000 
-0.000000 -0.000000 -0.000000 -0.000000 -0.000000 -0.000000 -0.000000 -0.000000 -0.000000 -0.000000 -0.000942 -0.002307 -0.004494 -0.017887 -0.056514 -0.096777 -0.123853 -0.133031 -0.119766 -0.090313 -0.052056 -0.017325 -0.005018 -0.002841 -0.001297 -0.000000 -0.000000 -0.000000 -0.000000 -0.000000 -0.000000 -0.000000 -0.000000 -0.000000 -0.000000 
-0.000000 -0.000000 -0.000000 -0.000000 -0.000000 -0.000000 -0.000000 -0.000000 -0.000479 -0.002152 -0.004846 -0.028982 -0.109479 -0.208623 -0.292734 -0.356151 -0.397987 -0.418437 -0.412299 -0.372361 -0.296671 -0.203309 -0.106153 -0.030105 -0.005939 -0.002940 -0.000764 -0.000000 -0.000000 -0.000000 -0.000000 -0.000000 -0.000000 -0.000000 -0.000000 
-0.000000 -0.000000 -0.000000 -0.000000 -0.000000 -0.000000 -0.000000 -0.000849 -0.003026 -0.007338 -0.061104 -0.184272 -0.305471 -0.387247 -0.427827 -0.447674 -0.462479 -0.478003 -0.497050 -0.512900 -0.504819 -0.440301 -0.323564 -0.187048 -0.064220 -0.009139 -0.004189 -0.001214 -0.000000 -0.000000 -0.000000 -0.000000 -0.000000 -0.000000 -0.000000 
-0.000000 -0.000000 -0.000000 -0.000000 -0.000000 -0.000000 -0.000862 -0.003196 -0.007464 -0.063127 -0.205965 -0.340154 -0.387058 -0.386442 -0.389342 -0.393822 -0.400449 -0.412657 -0.431115 -0.457407 -0.489375 -0.513298 -0.483077 -0.384594 -0.220888 -0.070371 -0.010200 -0.004742 -0.001395 -0.000000 -0.000000 -0.000000 -0.000000 -0.000000 -0.000000 
-0.000000 -0.000000 -0.000000 -0.000000 -0.000000 -0.000696 -0.002772 -0.006285 -0.037297 -0.181063 -0.331371 -0.368363 -0.344954 -0.341033 -0.339750 -0.341106 -0.345241 -0.356093 -0.372297 -0.397519 -0.430135 -0.471065 -0.506768 -0.484908 -0.388680 -0.203693 -0.046389 -0.010098 -0.004757 -0.001268 -0.000000 -0.000000 -0.000000 -0.000000 -0.000000 
-0.000000 -0.000000 -0.000000 -0.000000 -0.000420 -0.002065 -0.004913 -0.011314 -0.107601 -0.279404 -0.340661 -0.302633 -0.282699 -0.288331 -0.297261 -0.299865 -0.304855 -0.314265 -0.330191 -0.353217 -0.389071 -0.450753 -0.517910 -0.556004 -0.517732 -0.376712 -0.146064 -0.021233 -0.009783 -0.004289 -0.000904 -0.000000 -0.000000 -0.000000 -0.000000 
-0.000000 -0.000000 -0.000000 -0.000228 -0.001437 -0.003570 -0.006380 -0.016227 -0.140655 -0.237446 -0.213736 -0.146476 -0.144792 -0.156350 -0.185908 -0.226830 -0.264806 -0.282160 -0.308419 -0.384563 -0.476093 -0.564427 -0.642390 -0.705411 -0.708470 -0.609337 -0.366888 -0.117500 -0.034776 -0.009304 -0.003632 -0.000613 -0.000000 -0.000000 -0.000000 
-0.000000 -0.000000 -0.000000 -0.000949 -0.002705 -0.004237 0.021753 0.034235 -0.098189 -0.151935 -0.092370 -0.039847 -0.036844 -0.037513 -0.060038 -0.105322 -0.171608 -0.265457 -0.398946 -0.524642 -0.640559 -0.737758 -0.816824 -0.881206 -0.912782 -0.851565 -0.646478 -0.326584 -0.151560 -0.053616 -0.008296 -0.002662 -0.000000 -0.000000 -0.000000 
-0.000000 -0.000000 -0.000542 -0.001946 -0.006452 0.019421 0.095346 0.078255 -0.086724 -0.145345 -0.084037 -0.053933 -0.045784 -0.030206 -0.017539 -0.026214 -0.099916 -0.302184 -0.539865 -0.719335 -0.843446 -0.936915 -1.007278 -1.066757 -1.108106 -1.066146 -0.887363 -0.565494 -0.342683 -0.180890 -0.052461 -0.005857 -0.001403 -0.000000 -0.000000 
-0.000000 -0.000000 -0.001362 -0.007465 -0.000927 0.068796 0.126361 0.045417 -0.157801 -0.229388 -0.173169 -0.153712 -0.150154 -0.137148 -0.109811 -0.082992 -0.168980 -0.410940 -0.696236 -0.902503 -0.988018 -1.025280 -1.061430 -1.111856 -1.167444 -1.167802 -1.056370 -0.771899 -0.549722 -0.373558 -0.168055 -0.026847 -0.003412 -0.000000 -0.000000 
-0.000000 -0.000428 -0.002764 -0.019478 0.011422 0.078283 0.077877 -0.015532 -0.218928 -0.295988 -0.242510 -0.221834 -0.221350 -0.213732 -0.201866 -0.247087 -0.433146 -0.635029 -0.796858 -0.927812 -0.989398 -1.009758 -1.042610 -1.092520 -1.147169 -1.145726 -1.041549 -0.827650 -0.711173 -0.572422 -0.331156 -0.104485 -0.006582 -0.000920 -0.000000 
-0.000000 -0.001114 -0.009149 -0.038717 0.005161 0.035497 0.025869 -0.039502 -0.243306 -0.339943 -0.306060 -0.275955 -0.277817 -0.274452 -0.280521 -0.424595 -0.723113 -0.879840 -0.842941 -0.870742 -0.963595 -0.995212 -1.029062 -1.080215 -1.125579 -1.105349 -0.985216 -0.772021 -0.729194 -0.706366 -0.515922 -0.224066 -0.021451 -0.002082 -0.000000 
-0.000000 -0.002018 -0.029201 -0.073024 -0.025096 -0.006120 -0.017076 -0.041196 -0.225284 -0.360043 -0.360325 -0.321872 -0.319633 -0.298105 -0.296868 -0.516489 -0.818046 -0.892869 -0.837585 -0.815330 -0.934086 -0.992803 -1.027393 -1.077066 -1.097778 -1.043008 -0.892473 -0.701769 -0.710870 -0.727945 -0.649619 -0.345239 -0.064033 -0.003290 -0.000000 
-0.000000 -0.003188 -0.060622 -0.124767 -0.056559 -0.043358 -0.049808 -0.060201 -0.163738 -0.332301 -0.398378 -0.347829 -0.267942 -0.181183 -0.203117 -0.497482 -0.777859 -0.779373 -0.764317 -0.695194 -0.803969 -0.970509 -1.050406 -1.082227 -1.053678 -0.948211 -0.768134 -0.665416 -0.689166 -0.713575 -0.702776 -0.463785 -0.119940 -0.004459 -0.000000 
-0.000000 -0.004450 -0.098152 -0.171606 -0.092136 -0.075349 -0.076668 -0.081423 -0.101406 -0.253222 -0.345129 -0.266494 -0.148478 -0.104332 -0.229192 -0.579526 -0.798751 -0.770911 -0.728095 -0.603551 -0.630192 -0.824835 -1.003629 -1.066933 -0.976280 -0.812041 -0.645946 -0.643229 -0.668973 -0.695198 -0.704834 -0.519418 -0.161885 -0.005290 -0.000000 
-0.000000 -0.005407 -0.128816 -0.215461 -0.131355 -0.106609 -0.100679 -0.100598 -0.102792 -0.109177 -0.130247 -0.136066 -0.139690 -0.165950 -0.326333 -0.676711 -0.873274 -0.858982 -0.822753 -0.697038 -0.603387 -0.674914 -0.784498 -0.885522 -0.834440 -0.664982 -0.608588 -0.626036 -0.651286 -0.678094 -0.688764 -0.528111 -0.175703 -0.005426 -0.000000 
-0.000000 -0.005757 -0.138458 -0.257175 -0.175872 -0.138106 -0.125707 -0.119968 -0.107479 0.006103 0.080996 0.018812 -0.102529 -0.183315 -0.365498 -0.724683 -0.943749 -0.944532 -0.928173 -0.792366 -0.628472 -0.557527 -0.489567 -0.531906 -0.605849 -0.624550 -0.601533 -0.612906 -0.636610 -0.659264 -0.662857 -0.492953 -0.159112 -0.004949 -0.000000 
-0.000000 -0.005214 -0.119573 -0.287548 -0.233369 -0.177071 -0.155417 -0.142036 -0.073116 0.054659 0.134092 0.120595 0.044415 -0.043754 -0.216813 -0.572374 -0.854673 -0.886711 -0.867603 -0.664126 -0.453969 -0.329598 -0.226986 -0.244659 -0.444799 -0.596341 -0.618822 -0.602113 -0.622791 -0.638752 -0.621685 -0.421893 -0.115761 -0.003882 -0.000000 
-0.000000 -0.004065 -0.074290 -0.276134 -0.298894 -0.229117 -0.193258 -0.168908 -0.046258 0.069936 0.117547 0.104909 0.091707 0.067422 -0.018403 -0.291118 -0.570784 -0.665129 -0.629821 -0.417846 -0.244799 -0.170903 -0.130625 -0.146309 -0.334767 -0.545703 -0.623336 -0.595512 -0.605568 -0.608794 -0.546953 -0.312216 -0.061058 -0.002662 -0.000000 
-0.000000 -0.002653 -0.026899 -0.220156 -0.334496 -0.299634 -0.244704 -0.192491 -0.051398 0.052625 0.081400 0.065224 0.055442 0.045125 0.014816 -0.148998 -0.400350 -0.546354 -0.497399 -0.308050 -0.190233 -0.149172 -0.124102 -0.121545 -0.256151 -0.492572 -0.609290 -0.592794 -0.576733 -0.550296 -0.424291 -0.197935 -0.018768 -0.001548 -0.000000 
-0.000000 -0.001191 -0.008272 -0.123354 -0.292818 -0.350029 -0.318481 -0.236995 -0.085836 0.012477 0.032478 0.018342 0.007805 -0.004807 -0.022426 -0.110164 -0.305824 -0.432623 -0.390990 -0.238328 -0.167033 -0.134617 -0.110954 -0.104088 -0.203674 -0.446225 -0.579856 -0.569548 -0.516845 -0.433440 -0.271397 -0.091192 -0.004782 -0.000627 -0.000000 
-0.000000 -0.000000 -0.004284 -0.035239 -0.186620 -0.317643 -0.355491 -0.303919 -0.152047 -0.049945 -0.028109 -0.040970 -0.052143 -0.066633 -0.081278 -0.101013 -0.175750 -0.231699 -0.176619 -0.122707 -0.115455 -0.097890 -0.079021 -0.072604 -0.162130 -0.399995 -0.528149 -0.487018 -0.390093 -0.284507 -0.135690 -0.021926 -0.002208 -0.000000 -0.000000 
-0.000000 -0.000000 -0.001728 -0.006999 -0.065292 -0.197202 -0.303299 -0.310770 -0.192727 -0.104733 -0.084583 -0.096923 -0.104249 -0.107026 -0.097267 -0.062620 -0.013291 0.020951 0.054490 0.031278 0.009910 0.004700 0.008445 0.009390 -0.089178 -0.308271 -0.407621 -0.348320 -0.244829 -0.134870 -0.039477 -0.003646 -0.000808 -0.000000 -0.000000 
-0.000000 -0.000000 -0.000000 -0.003022 -0.008676 -0.063173 -0.165298 -0.230473 -0.158484 -0.081452 -0.061389 -0.074536 -0.075900 -0.062479 -0.024494 0.044400 0.148738 0.241992 0.219810 0.179586 0.156523 0.147384 0.146748 0.142343 0.000195 -0.205536 -0.278955 -0.197527 -0.102951 -0.035935 -0.004784 -0.001450 -0.000000 -0.000000 -0.000000 
-0.000000 -0.000000 -0.000000 -0.000635 -0.003389 -0.007460 -0.033864 -0.086529 -0.051811 0.025337 0.055210 0.045487 0.047776 0.073902 0.127319 0.205105 0.281557 0.309846 0.324985 0.310598 0.293634 0.284476 0.281396 0.261699 0.057118 -0.117067 -0.143833 -0.063791 -0.020000 -0.004776 -0.001809 -0.000270 -0.000000 -0.000000 -0.000000 
-0.000000 -0.000000 -0.000000 -0.000000 -0.000785 -0.002800 -0.004702 -0.006058 0.033833 0.146896 0.220562 0.230914 0.229571 0.253111 0.285791 0.300746 0.314327 0.331839 0.352404 0.374434 0.392667 0.397723 0.393751 0.293521 0.071962 -0.058577 -0.049761 -0.009382 -0.004500 -0.001971 -0.000415 -0.000000 -0.000000 -0.000000 -0.000000 
-0.000000 -0.000000 -0.000000 -0.000000 -0.000000 -0.000641 -0.001681 -0.001865 0.014154 0.113461 0.250464 0.315551 0.317837 0.316846 0.320612 0.328615 0.340950 0.356818 0.375700 0.395651 0.414586 0.426632 0.389200 0.186583 0.005929 -0.048738 -0.017824 -0.004243 -0.002051 -0.000544 -0.000000 -0.000000 -0.000000 -0.000000 -0.000000 
-0.000000 -0.000000 -0.000000 -0.000000 -0.000000 -0.000000 -0.000381 -0.000459 0.000927 0.037050 0.148608 0.280726 0.342834 0.348489 0.351951 0.359667 0.370892 0.385140 0.401776 0.418361 0.430445 0.395366 0.222860 0.038956 -0.038511 -0.024826 -0.004054 -0.002018 -0.000623 -0.000000 -0.000000 -0.000000 -0.000000 -0.000000 -0.000000 
-0.000000 -0.000000 -0.000000 -0.000000 -0.000000 -0.000000 -0.000000 -0.000049 0.000374 0.002636 0.042425 0.145668 0.261222 0.346565 0.378566 0.391437 0.402215 0.414665 0.425101 0.415698 0.344791 0.188859 0.038183 -0.029485 -0.022753 -0.003556 -0.001785 -0.000590 -0.000000 -0.000000 -0.000000 -0.000000 -0.000000 -0.000000 -0.000000 
-0.000000 -0.000000 -0.000000 -0.000000 -0.000000 -0.000000 -0.000000 -0.000000 0.000025 0.000675 0.002445 0.022581 0.094493 0.185382 0.257673 0.297993 0.314534 0.313459 0.282084 0.206280 0.095539 0.009761 -0.021900 -0.011417 -0.002225 -0.001274 -0.000352 -0.000000 -0.000000 -0.000000 -0.000000 -0.000000 -0.000000 -0.000000 -0.000000 
-0.000000 -0.000000 -0.000000 -0.000000 -0.000000 -0.000000 -0.000000 -0.000000 -0.000000 -0.000000 0.000517 0.001589 0.003743 0.017092 0.054863 0.088818 0.099958 0.085898 0.051720 0.015152 -0.005641 -0.004700 -0.001275 -0.000975 -0.000555 -0.000000 -0.000000 -0.000000 -0.000000 -0.000000 -0.000000 -0.000000 -0.000000 -0.000000 -0.000000 
-0.000000 -0.000000 -0.000000 -0.000000 -0.000000 -0.000000 -0.000000 -0.000000 -0.000000 -0.000000 -0.000000 -0.000000 0.000460 0.001128 0.001842 0.002399 0.002554 0.002169 0.001402 0.000596 0.000024 -0.000237 -0.000202 -0.000000 -0.000000 -0.000000 -0.000000 -0.000000 -0.000000 -0.000000 -0.000000 -0.000000 -0.000000 -0.000000 -0.000000 
-0.000000 -0.000000 -0.000000 -0.000000 -0.000000 -0.000000 -0.000000 -0.000000 -0.000000 -0.000000 -0.000000 -0.000000 -0.000000 -0.000000 -0.000000 -0.000000 -0.000000 -0.000000 -0.000000 -0.000000 -0.000000 -0.000000 -0.000000 -0.000000 -0.000000 -0.000000 -0.000000 -0.000000 -0.000000 -0.000000 -0.000000 -0.000000 -0.000000 -0.000000 -0.000000 
