0.000000 0.000000 0.000000 0.000000 0.000000 0.000000 0.000000 0.000000 0.000000 0.000000 0.000000 0.000000 0.000000 0.000000 0.000000 0.000000 0.000000 0.000000 0.000000 0.000000 0.000000 0.000000 0.000000 0.000000 0.000000 0.000000 0.000000 0.000000 0.000000 0.000000 0.000000 0.000000 0.000000 0.000000 0.000000 
0.000000 0.000000 0.000000 0.000000 0.000000 0.000000 0.000000 0.000000 0.000000 0.000000 0.000000 0.000000 0.000000 -0.000000 0.000220 0.000565 0.000882 0.001035 0.001005 0.000765 0.000511 0.000295 0.000090 -0.000000 0.000000 0.000000 0.000000 0.000000 0.000000 0.000000 0.000000 0.000000 0.000000 0.000000 0.000000 
0.000000 0.000000 0.000000 0.000000 0.000000 0.000000 0.000000 0.000000 0.000000 0.000000 0.000000 -0.000187 0.000081 0.001138 0.009962 0.041034 0.069564 0.079543 0.072465 0.052941 0.029673 0.010844 0.001485 0.000616 0.000150 -0.000082 0.000000 0.000000 0.000000 0.000000 0.000000 0.000000 0.000000 0.000000 0.000000 
0.000000 0.000000 0.000000 0.000000 0.000000 0.000000 0.000000 0.000000 0.000000 -0.000280 -0.000542 0.000092 0.014324 0.075981 0.150379 0.202366 0.203348 0.208516 0.214935 0.212924 0.185250 0.134295 0.075299 0.026240 0.002758 0.000288 -0.000149 -0.000105 0.000000 0.000000 0.000000 0.000000 0.000000 0.000000 0.000000 
0.000000 0.000000 0.000000 0.000000 0.000000 0.000000 0.000000 0.000000 -0.000436 -0.000899 0.000138 0.032088 0.130092 0.222138 0.237686 0.207480 0.203059 0.233133 0.272543 0.308539 0.328277 0.311351 0.241680 0.152651 0.066380 0.011640 0.000236 -0.000339 -0.000244 0.000000 0.000000 0.000000 0.000000 0.000000 0.000000 
0.000000 0.000000 0.000000 0.000000 0.000000 0.000000 0.000000 -0.000621 -0.001424 -0.000998 0.030315 0.141734 0.242510 0.216496 0.135383 0.139954 0.181214 0.224468 0.268712 0.312716 0.352755 0.383973 0.387622 0.316592 0.201256 0.086034 0.014844 -0.000337 -0.000657 -0.000310 0.000000 0.000000 0.000000 0.000000 0.000000 
0.000000 0.000000 0.000000 0.000000 0.000000 0.000000 -0.000691 -0.002129 -0.003048 0.010329 0.113285 0.233849 0.206888 0.082538 0.078903 0.115566 0.158329 0.204062 0.250474 0.296424 0.341353 0.382571 0.415633 0.419522 0.337870 0.208274 0.074698 0.005687 -0.001480 -0.000972 -0.000259 0.000000 0.000000 0.000000 0.000000 
0.000000 0.000000 0.000000 0.000000 0.000000 -0.000689 -0.002803 -0.005277 -0.007237 0.038501 0.161004 0.176852 0.035844 -0.023299 0.026671 0.085845 0.136456 0.183685 0.230658 0.277863 0.323251 0.358359 0.364981 0.372590 0.348221 0.257075 0.132836 0.024535 -0.004297 -0.002578 -0.001053 -0.000187 0.000000 0.000000 0.000000 
0.000000 0.000000 0.000000 0.000000 -0.000548 -0.003167 -0.007391 -0.028229 -0.067556 -0.013379 0.063373 -0.017974 -0.181899 -0.164256 -0.108702 -0.024597 0.067428 0.155099 0.208742 0.234947 0.184563 0.132733 0.116481 0.129864 0.147228 0.089446 0.000549 -0.079647 -0.071737 -0.019706 -0.003148 -0.000718 0.000020 0.000000 0.000000 
0.000000 0.000000 0.000000 0.000000 -0.002726 -0.008151 -0.050301 -0.131024 -0.168974 -0.050284 0.015217 -0.112105 -0.227447 -0.199151 -0.155196 -0.093164 -0.024117 0.071906 0.105819 0.009888 -0.059994 -0.071406 -0.034600 0.010745 0.049203 0.016181 -0.090814 -0.230809 -0.279474 -0.148806 -0.035680 -0.002637 -0.000184 0.000000 0.000000 
0.000000 0.000000 0.000000 -0.001472 -0.006618 -0.050945 -0.152725 -0.208891 -0.150838 0.033735 0.090212 -0.068162 -0.147576 -0.119150 -0.078356 -0.044084 -0.016271 -0.045176 -0.165895 -0.210513 -0.163923 -0.064464 0.038604 0.117816 0.162801 0.142554 0.006071 -0.203536 -0.382746 -0.350886 -0.166254 -0.031652 -0.001044 0.000203 0.000000 
0.000000 0.000000 0.000000 -0.003900 -0.028816 -0.138957 -0.202394 -0.143915 -0.029268 0.143187 0.153656 -0.035427 -0.112518 -0.084135 -0.036146 0.017617 0.018097 -0.175482 -0.328893 -0.237480 -0.052181 0.079851 0.154602 0.202125 0.236461 0.228716 0.114790 -0.072144 -0.293302 -0.389638 -0.332465 -0.128800 -0.009023 0.000204 0.000000 
0.000000 0.000000 -0.000945 -0.007589 -0.092849 -0.186645 -0.116980 -0.013594 0.049100 0.178581 0.187040 -0.004920 -0.091259 -0.066948 -0.021074 0.025917 -0.082329 -0.265752 -0.215885 -0.062382 0.039099 0.105706 0.158357 0.202972 0.237291 0.225926 0.107829 -0.075093 -0.246913 -0.296829 -0.357089 -0.235561 -0.049750 0.000200 0.000353 
0.000000 0.000000 -0.002272 -0.021089 -0.148102 -0.133396 0.016632 0.059372 0.069710 0.182553 0.212886 0.051500 -0.066730 -0.050174 -0.008814 -0.003999 -0.215589 -0.238874 -0.009048 0.075935 0.071695 0.101260 0.152190 0.195949 0.228991 0.200742 0.071106 -0.116600 -0.265558 -0.286248 -0.291897 -0.280842 -0.099202 0.000038 0.000814 
0.000000 0.000000 -0.003606 -0.054824 -0.150410 -0.013825 0.099747 0.099636 0.083165 0.165831 0.237738 0.139291 -0.020187 -0.027184 -0.001620 -0.085384 -0.316071 -0.188331 -0.014661 0.056720 0.062749 0.045987 0.118734 0.180422 0.208250 0.145247 -0.008068 -0.188841 -0.288374 -0.289313 -0.284115 -0.261693 -0.106330 0.003079 0.001473 
0.000000 0.000000 -0.004666 -0.083032 -0.102432 0.089995 0.150819 0.135003 0.107450 0.132985 0.234142 0.232736 0.062562 -0.017716 -0.010787 -0.159859 -0.262738 -0.024746 0.070387 0.130064 0.115007 -0.022766 -0.006678 0.083968 0.140210 0.050192 -0.119254 -0.265627 -0.299127 -0.294990 -0.284450 -0.251960 -0.066533 0.024236 0.002522 
0.000000 0.000000 -0.005164 -0.088764 -0.040445 0.157944 0.192732 0.168896 0.139281 0.114718 0.188985 0.254434 0.170782 0.077013 0.110464 0.018810 0.051604 0.288985 0.370845 0.433559 0.437337 0.198895 0.039672 -0.016418 -0.060631 -0.130787 -0.243133 -0.308846 -0.306361 -0.298312 -0.283075 -0.242244 -0.020594 0.069368 0.003882 
0.000000 0.000000 -0.004874 -0.075463 0.006502 0.204118 0.233079 0.207845 0.175387 0.140701 0.120154 0.190907 0.300356 0.323999 0.341033 0.245840 0.314284 0.482537 0.546004 0.613224 0.646578 0.428711 0.239482 0.016600 -0.249399 -0.386819 -0.354795 -0.316181 -0.308911 -0.297285 -0.275930 -0.222994 0.033212 0.123423 0.005123 
0.000000 0.000000 -0.003997 -0.052559 0.030338 0.234650 0.272555 0.248631 0.217253 0.176144 0.123065 0.179760 0.330170 0.478653 0.558165 0.471900 0.502106 0.621030 0.663995 0.714243 0.719934 0.448298 0.213615 -0.020304 -0.307521 -0.473352 -0.443072 -0.328537 -0.304796 -0.288050 -0.258717 -0.184955 0.112162 0.154632 0.005623 
0.000000 0.000000 -0.002856 -0.029758 0.034224 0.243796 0.310019 0.294758 0.264067 0.203902 0.197478 0.270509 0.348947 0.468243 0.575083 0.587103 0.624519 0.699649 0.685865 0.674857 0.562189 0.231025 0.032336 -0.080119 -0.216628 -0.395471 -0.463516 -0.376902 -0.291693 -0.267525 -0.225377 -0.101661 0.215353 0.146006 0.005145 
0.000000 0.000000 -0.001761 -0.012237 0.026092 0.217317 0.335309 0.339854 0.313180 0.256577 0.295008 0.373917 0.438056 0.499569 0.553348 0.599721 0.632116 0.691506 0.622866 0.555161 0.352460 0.085288 0.004821 -0.037345 -0.115953 -0.287311 -0.427063 -0.400730 -0.269071 -0.230094 -0.164791 0.060053 0.287989 0.094283 0.003956 
0.000000 0.000000 -0.000885 -0.004530 0.012806 0.155416 0.325337 0.377147 0.355161 0.329287 0.395989 0.470051 0.530699 0.581685 0.622857 0.655924 0.717279 0.784406 0.716462 0.549661 0.294278 0.108366 0.053693 0.008650 -0.050833 -0.188505 -0.357354 -0.379637 -0.245412 -0.165126 -0.024963 0.251982 0.262549 0.031208 0.002471 
0.000000 0.000000 -0.000260 -0.002383 0.003404 0.079009 0.250074 0.374556 0.393532 0.403211 0.493037 0.559589 0.616300 0.663411 0.701892 0.734567 0.784736 0.896004 0.815071 0.549647 0.284352 0.160128 0.112624 0.067742 0.013262 -0.097345 -0.273136 -0.317810 -0.182216 -0.018591 0.210262 0.317265 0.152979 0.007979 0.001041 
0.000000 0.000000 0.000000 -0.001102 -0.001200 0.028670 0.133946 0.281388 0.374664 0.444600 0.556859 0.629980 0.683913 0.730182 0.765779 0.793128 0.798547 0.814716 0.777247 0.582111 0.374809 0.262109 0.198115 0.147825 0.094269 -0.004762 -0.173417 -0.203292 0.015257 0.226727 0.316110 0.221591 0.041179 0.003807 0.000000 
0.000000 0.000000 0.000000 -0.000327 -0.001504 0.004869 0.044392 0.142681 0.245224 0.361387 0.531295 0.640607 0.702190 0.746132 0.760237 0.737011 0.676038 0.593652 0.585888 0.571984 0.530835 0.454740 0.373938 0.309139 0.255212 0.170193 0.042777 0.056423 0.224938 0.298635 0.224508 0.074025 0.006364 0.001424 0.000000 
0.000000 0.000000 0.000000 0.000000 -0.000518 -0.001336 0.007033 0.041730 0.102598 0.193099 0.360152 0.488222 0.543252 0.583771 0.586791 0.558387 0.505735 0.445207 0.391497 0.449335 0.515275 0.531506 0.520804 0.489260 0.444255 0.330575 0.178964 0.148961 0.223970 0.178407 0.067334 0.007550 0.002482 0.000000 0.000000 
0.000000 0.000000 0.000000 0.000000 -0.000070 -0.000510 -0.001207 0.003059 0.018471 0.061015 0.185773 0.315984 0.365064 0.404726 0.418958 0.409301 0.381517 0.351948 0.345332 0.342539 0.378640 0.423126 0.447186 0.437707 0.392686 0.237390 0.088324 0.065715 0.084704 0.032469 0.005575 0.002540 0.000438 0.000000 0.000000 
0.000000 0.000000 0.000000 0.000000 0.000000 -0.000020 -0.000501 -0.001122 -0.001407 0.004398 0.068729 0.189431 0.258647 0.282488 0.308024 0.317397 0.327516 0.333062 0.332656 0.326183 0.314271 0.299999 0.294731 0.274342 0.189455 0.021060 -0.067998 -0.028532 0.003312 0.002570 0.001650 0.000488 0.000000 0.000000 0.000000 
0.000000 0.000000 0.000000 0.000000 0.000000 0.000000 -0.000145 -0.000594 -0.000895 -0.002400 0.026934 0.118751 0.217780 0.249603 0.273660 0.298165 0.313511 0.320713 0.320393 0.313939 0.299992 0.276855 0.238939 0.177678 0.032530 -0.084806 -0.072254 -0.013709 0.000256 0.000443 0.000237 0.000000 0.000000 0.000000 0.000000 
0.000000 0.000000 0.000000 0.000000 0.000000 0.000000 0.000000 -0.000253 -0.000675 -0.000566 0.002478 0.057395 0.160971 0.241618 0.258000 0.273238 0.291129 0.298457 0.300255 0.290396 0.272406 0.240862 0.183857 0.066143 -0.047811 -0.066508 -0.025508 -0.001343 -0.000429 -0.000073 0.000000 0.000000 0.000000 0.000000 0.000000 
0.000000 0.000000 0.000000 0.000000 0.000000 0.000000 0.000000 0.000000 -0.000344 -0.000600 -0.000091 0.006266 0.064893 0.168326 0.242982 0.260285 0.258908 0.260330 0.258233 0.244513 0.215038 0.158903 0.067972 -0.014880 -0.046329 -0.023018 -0.001670 -0.000721 -0.000239 0.000000 0.000000 0.000000 0.000000 0.000000 0.000000 
0.000000 0.000000 0.000000 0.000000 0.000000 0.000000 0.000000 0.000000 0.000000 -0.000244 -0.000453 0.000218 0.004157 0.038662 0.114555 0.192279 0.232868 0.238173 0.224208 0.190816 0.133470 0.055563 -0.001110 -0.023565 -0.009508 -0.000759 -0.000537 -0.000176 0.000000 0.000000 0.000000 0.000000 0.000000 0.000000 0.000000 
0.000000 0.000000 0.000000 0.000000 0.000000 0.000000 0.000000 0.000000 0.000000 0.000000 0.000000 -0.000226 0.000250 0.001690 0.006431 0.026960 0.059300 0.078068 0.072694 0.049724 0.018840 -0.001549 -0.001499 0.000353 -0.000138 -0.000245 0.000000 0.000000 0.000000 0.000000 0.000000 0.000000 0.000000 0.000000 0.000000 
0.000000 0.000000 0.000000 0.000000 0.000000 0.000000 0.000000 0.000000 0.000000 0.000000 0.000000 0.000000 0.000000 0.000000 0.000425 0.001204 0.002107 0.002749 0.002816 0.002375 0.001582 0.000800 0.000239 0.000000 0.000000 0.000000 0.000000 0.000000 0.000000 0.000000 0.000000 0.000000 0.000000 0.000000 0.000000 
0.000000 0.000000 0.000000 0.000000 0.000000 0.000000 0.000000 0.000000 0.000000 0.000000 0.000000 0.000000 0.000000 0.000000 0.000000 0.000000 0.000000 0.000000 0.000000 0.000000 0.000000 0.000000 0.000000 0.000000 0.000000 0.000000 0.000000 0.000000 0.000000 0.000000 0.000000 0.000000 0.000000 0.000000 0.000000 
