0.000000 0.000000 0.000000 0.000000 0.000000 0.000000 0.000000 0.000000 0.000000 0.000000 0.000000 0.000000 0.000000 0.000000 0.000000 0.000000 0.000000 -0.000000 -0.000004 -0.000000 0.000000 0.000000 0.000000 0.000000 0.000000 0.000000 0.000000 0.000000 0.000000 0.000000 0.000000 0.000000 0.000000 0.000000 0.000000 
0.000000 0.000000 0.000000 0.000000 0.000000 0.000000 0.000000 0.000000 0.000000 0.000000 0.000000 0.000000 0.000000 0.000003 0.000015 0.000043 0.000088 0.000140 0.000177 0.000184 0.000158 0.000108 0.000051 0.000010 0.000000 0.000000 0.000000 0.000000 0.000000 0.000000 0.000000 0.000000 0.000000 0.000000 0.000000 
0.000000 0.000000 0.000000 0.000000 0.000000 0.000000 0.000000 0.000000 0.000000 0.000000 0.000000 -0.000007 -0.000007 0.000046 0.000470 0.002188 0.005320 0.008678 0.010624 0.009885 0.006698 0.002927 0.000826 0.000350 0.000153 0.000036 -0.000001 0.000000 0.000000 0.000000 0.000000 0.000000 0.000000 0.000000 0.000000 
0.000000 0.000000 0.000000 0.000000 0.000000 0.000000 0.000000 0.000000 0.000000 -0.000014 -0.000046 -0.000060 0.000523 0.004264 0.012799 0.026007 0.041891 0.056763 0.065477 0.066141 0.057747 0.042064 0.023817 0.008990 0.001668 0.000362 0.000119 0.000013 0.000000 0.000000 0.000000 0.000000 0.000000 0.000000 0.000000 
0.000000 0.000000 0.000000 0.000000 0.000000 0.000000 0.000000 0.000000 -0.000031 -0.000110 -0.000148 0.001261 0.007804 0.021414 0.041283 0.064569 0.084628 0.098294 0.106254 0.109914 0.108041 0.097371 0.074636 0.045487 0.019614 0.004450 0.000553 0.000187 0.000029 0.000000 0.000000 0.000000 0.000000 0.000000 0.000000 
0.000000 0.000000 0.000000 0.000000 0.000000 0.000000 0.000000 -0.000055 -0.000188 -0.000316 0.000919 0.007816 0.022117 0.042057 0.064066 0.080969 0.090499 0.096437 0.101038 0.105916 0.110124 0.112192 0.107023 0.086898 0.054751 0.023285 0.004912 0.000548 0.000197 0.000045 0.000000 0.000000 0.000000 0.000000 0.000000 
0.000000 0.000000 0.000000 0.000000 0.000000 0.000000 -0.000070 -0.000279 -0.000535 -0.000227 0.004821 0.017008 0.033916 0.052596 0.066938 0.073969 0.078269 0.081954 0.085948 0.090481 0.095748 0.101331 0.105804 0.103223 0.083346 0.051005 0.018955 0.002775 0.000423 0.000167 0.000047 0.000000 0.000000 0.000000 0.000000 
0.000000 0.000000 0.000000 0.000000 0.000000 -0.000062 -0.000348 -0.000761 -0.001409 -0.001407 0.003369 0.012695 0.025796 0.040665 0.052163 0.061087 0.065620 0.069076 0.073012 0.077367 0.082292 0.087520 0.092246 0.095565 0.090108 0.067776 0.036277 0.009478 0.000723 0.000281 0.000127 0.000043 0.000000 0.000000 0.000000 
0.000000 0.000000 0.000000 0.000000 -0.000034 -0.000348 -0.000959 -0.004544 -0.014683 -0.024013 -0.026452 -0.021669 -0.011679 -0.001915 0.008521 0.022976 0.041379 0.057745 0.064251 0.067672 0.067342 0.066021 0.067300 0.071579 0.074613 0.062216 0.037820 0.011155 -0.001529 -0.000236 0.000168 0.000101 0.000028 0.000000 0.000000 
0.000000 0.000000 0.000000 -0.000001 -0.000245 -0.000990 -0.007816 -0.027281 -0.051778 -0.064463 -0.065834 -0.060731 -0.053106 -0.046533 -0.038182 -0.024573 -0.002752 0.026623 0.050649 0.052737 0.046999 0.044691 0.046794 0.052591 0.058849 0.053998 0.032683 0.005375 -0.012351 -0.007091 -0.000934 0.000132 0.000081 0.000002 0.000000 
0.000000 0.000000 0.000000 -0.000091 -0.000679 -0.007337 -0.033605 -0.070882 -0.097272 -0.104318 -0.101615 -0.094705 -0.088457 -0.084137 -0.079346 -0.069882 -0.051261 -0.022096 0.008888 0.028132 0.031353 0.034754 0.041053 0.049302 0.057077 0.055985 0.034693 0.004094 -0.022066 -0.021237 -0.008263 -0.000533 0.000127 0.000048 0.000000 
0.000000 0.000000 0.000000 -0.000311 -0.003141 -0.029211 -0.077555 -0.119451 -0.137903 -0.134981 -0.121043 -0.106619 -0.098222 -0.095879 -0.097792 -0.099447 -0.094230 -0.080318 -0.052000 -0.006150 0.026869 0.039597 0.048321 0.056724 0.064402 0.064695 0.043784 0.011068 -0.021802 -0.030853 -0.020626 -0.005678 0.000348 0.000098 0.000000 
0.000000 0.000000 -0.000040 -0.000677 -0.014616 -0.066071 -0.127804 -0.160292 -0.160251 -0.141449 -0.120866 -0.103895 -0.094453 -0.092373 -0.096205 -0.104043 -0.116416 -0.129602 -0.110735 -0.043126 0.022745 0.047194 0.055513 0.063632 0.071129 0.070470 0.048670 0.015997 -0.016744 -0.030029 -0.029533 -0.014466 -0.001086 0.000174 0.000035 
0.000000 0.000000 -0.000128 -0.001806 -0.036408 -0.111242 -0.170447 -0.179357 -0.163864 -0.140160 -0.117823 -0.099598 -0.088359 -0.085538 -0.089343 -0.099443 -0.123554 -0.153566 -0.146395 -0.081506 0.007010 0.051802 0.062548 0.070993 0.077984 0.073444 0.048719 0.015526 -0.014701 -0.024891 -0.030039 -0.022538 -0.005087 0.000577 0.000075 
0.000000 0.000000 -0.000237 -0.005667 -0.064051 -0.154520 -0.193562 -0.182581 -0.161895 -0.138905 -0.116928 -0.097806 -0.083848 -0.078536 -0.080866 -0.092261 -0.124482 -0.157988 -0.162946 -0.119197 -0.019508 0.053682 0.071170 0.079694 0.084380 0.072180 0.042818 0.009741 -0.014419 -0.020460 -0.026561 -0.026277 -0.009480 0.000943 0.000120 
0.000000 0.000000 -0.000337 -0.011699 -0.091293 -0.184093 -0.200799 -0.180639 -0.158543 -0.139576 -0.120230 -0.101045 -0.083228 -0.071918 -0.070915 -0.087813 -0.131613 -0.171404 -0.190573 -0.172862 -0.072783 0.028979 0.068361 0.085742 0.086338 0.063638 0.030530 0.000513 -0.012569 -0.017234 -0.022935 -0.025812 -0.012080 0.000620 0.000166 
0.000000 0.000000 -0.000395 -0.016676 -0.110378 -0.198077 -0.201144 -0.177645 -0.155484 -0.140532 -0.126186 -0.106908 -0.084271 -0.067003 -0.068633 -0.097878 -0.149905 -0.190690 -0.217051 -0.216715 -0.128273 -0.018253 0.032856 0.061836 0.067260 0.044135 0.013139 -0.006256 -0.010706 -0.014759 -0.019986 -0.023363 -0.012147 0.000103 0.000202 
-0.000001 0.000004 -0.000389 -0.017844 -0.115668 -0.200086 -0.198982 -0.174795 -0.152813 -0.138985 -0.128067 -0.108941 -0.088318 -0.080536 -0.089936 -0.116772 -0.153942 -0.181889 -0.205398 -0.207422 -0.125960 -0.030687 -0.002783 0.003585 0.008631 0.006126 -0.001832 -0.006432 -0.009172 -0.013009 -0.017704 -0.020277 -0.010185 -0.000368 0.000209 
0.000009 0.000001 -0.000327 -0.014567 -0.105943 -0.192331 -0.195347 -0.172153 -0.150270 -0.135112 -0.118778 -0.104634 -0.101878 -0.113553 -0.124095 -0.135092 -0.155900 -0.171670 -0.189795 -0.188957 -0.111811 -0.035450 -0.037291 -0.060328 -0.059562 -0.036636 -0.013552 -0.005713 -0.008036 -0.011504 -0.015680 -0.016610 -0.007021 -0.001097 0.000180 
-0.000000 0.000000 -0.000229 -0.008603 -0.083192 -0.173045 -0.189096 -0.169505 -0.147918 -0.126475 -0.105187 -0.097664 -0.113047 -0.137367 -0.151811 -0.165509 -0.186553 -0.200873 -0.217038 -0.206666 -0.131410 -0.072545 -0.081412 -0.099189 -0.095906 -0.062797 -0.028093 -0.008340 -0.007285 -0.010383 -0.013643 -0.011954 -0.004245 -0.001660 0.000126 
0.000000 0.000000 -0.000128 -0.003152 -0.054021 -0.139338 -0.176126 -0.165408 -0.145214 -0.116554 -0.094403 -0.093283 -0.115253 -0.138846 -0.158565 -0.181883 -0.214644 -0.237843 -0.250279 -0.221564 -0.144734 -0.097149 -0.097471 -0.103561 -0.104039 -0.078591 -0.041728 -0.015281 -0.006812 -0.009129 -0.010579 -0.007488 -0.003900 -0.001516 0.000066 
0.000000 0.000000 -0.000046 -0.000735 -0.027057 -0.094050 -0.148751 -0.156222 -0.139393 -0.108368 -0.087713 -0.091693 -0.113737 -0.134095 -0.153842 -0.177021 -0.212222 -0.238922 -0.235388 -0.188623 -0.121043 -0.093596 -0.094596 -0.099506 -0.103822 -0.088453 -0.051914 -0.021621 -0.006922 -0.007264 -0.006326 -0.006198 -0.004506 -0.000512 0.000016 
0.000000 0.000000 -0.000001 -0.000309 -0.008608 -0.050444 -0.104928 -0.133099 -0.128322 -0.100919 -0.083068 -0.090038 -0.110614 -0.129556 -0.148709 -0.169533 -0.197886 -0.216505 -0.195373 -0.141119 -0.098250 -0.089260 -0.091924 -0.096823 -0.102367 -0.093128 -0.057595 -0.025333 -0.006946 -0.004404 -0.006594 -0.006895 -0.003805 -0.000021 -0.000006 
0.000000 0.000000 0.000000 -0.000107 -0.001177 -0.018710 -0.057434 -0.092701 -0.103138 -0.088621 -0.076535 -0.085901 -0.106080 -0.124276 -0.141835 -0.157697 -0.170021 -0.173533 -0.150019 -0.110523 -0.090243 -0.088345 -0.090984 -0.095871 -0.101717 -0.094191 -0.059216 -0.026147 -0.007657 -0.007640 -0.009488 -0.006327 -0.001377 -0.000046 0.000000 
0.000000 0.000000 0.000000 -0.000011 -0.000240 -0.003299 -0.020834 -0.049029 -0.066210 -0.060283 -0.056509 -0.070611 -0.093616 -0.110664 -0.123143 -0.129847 -0.129974 -0.122142 -0.109762 -0.098273 -0.096169 -0.095759 -0.097030 -0.100926 -0.106007 -0.096234 -0.062104 -0.030776 -0.013705 -0.011765 -0.008219 -0.003051 -0.000211 -0.000045 0.000000 
0.000000 0.000000 0.000000 0.000001 -0.000053 -0.000316 -0.003385 -0.015265 -0.029957 -0.028970 -0.026655 -0.039599 -0.064356 -0.081535 -0.091952 -0.095258 -0.092552 -0.084542 -0.082237 -0.092347 -0.100503 -0.104786 -0.108526 -0.113552 -0.117673 -0.100796 -0.065020 -0.032635 -0.015138 -0.008792 -0.003525 -0.000430 -0.000142 -0.000005 0.000000 
0.000000 0.000000 0.000000 0.000000 0.000002 -0.000072 -0.000251 -0.001587 -0.005992 -0.004058 0.000654 -0.007617 -0.031930 -0.051830 -0.063051 -0.067041 -0.067200 -0.069359 -0.076092 -0.084185 -0.095907 -0.105648 -0.114053 -0.121084 -0.122405 -0.094554 -0.056001 -0.022999 -0.007557 -0.002553 -0.000511 -0.000225 -0.000043 0.000000 0.000000 
0.000000 0.000000 0.000000 0.000000 0.000000 0.000000 -0.000053 -0.000109 -0.000125 0.003796 0.014194 0.015841 -0.001300 -0.026352 -0.042551 -0.053192 -0.062416 -0.070926 -0.078733 -0.085841 -0.092430 -0.100057 -0.109687 -0.116439 -0.106330 -0.070366 -0.031866 -0.007699 -0.001326 -0.000569 -0.000262 -0.000077 0.000000 0.000000 0.000000 
0.000000 0.000000 0.000000 0.000000 0.000000 0.000000 -0.000006 -0.000018 0.000009 0.000972 0.007933 0.016495 0.011666 -0.011265 -0.036561 -0.053985 -0.066249 -0.075980 -0.084273 -0.091908 -0.099005 -0.105687 -0.110510 -0.107315 -0.079219 -0.041798 -0.012906 -0.001935 -0.000648 -0.000259 -0.000071 0.000000 0.000000 0.000000 0.000000 
0.000000 0.000000 0.000000 0.000000 0.000000 0.000000 0.000000 -0.000010 -0.000001 0.000062 0.001528 0.007119 0.010709 0.001446 -0.022776 -0.048138 -0.066114 -0.078765 -0.088982 -0.096948 -0.103852 -0.108393 -0.105085 -0.081902 -0.046479 -0.017118 -0.003046 -0.000693 -0.000238 -0.000042 0.000000 0.000000 0.000000 0.000000 0.000000 
0.000000 0.000000 0.000000 0.000000 0.000000 0.000000 0.000000 0.000000 -0.000019 -0.000013 0.000011 0.000695 0.003239 0.003204 -0.005829 -0.025837 -0.049363 -0.068575 -0.082414 -0.091158 -0.094563 -0.087867 -0.066830 -0.038675 -0.015069 -0.002798 -0.000649 -0.000203 -0.000007 0.000000 0.000000 0.000000 0.000000 0.000000 0.000000 
0.000000 0.000000 0.000000 0.000000 0.000000 0.000000 0.000000 0.000000 0.000000 -0.000017 -0.000042 -0.000079 -0.000385 -0.000603 -0.002320 -0.008518 -0.020610 -0.035235 -0.047245 -0.052687 -0.049660 -0.036634 -0.020056 -0.006637 -0.001163 -0.000497 -0.000130 0.000001 0.000000 0.000000 0.000000 0.000000 0.000000 0.000000 0.000000 
0.000000 0.000000 0.000000 0.000000 0.000000 0.000000 0.000000 0.000000 0.000000 0.000000 -0.000002 -0.000040 -0.000096 -0.000228 -0.000875 -0.002395 -0.004643 -0.007393 -0.009261 -0.008725 -0.005699 -0.002280 -0.000846 -0.000600 -0.000259 -0.000044 0.000005 0.000000 0.000000 0.000000 0.000000 0.000000 0.000000 0.000000 0.000000 
0.000000 0.000000 0.000000 0.000000 0.000000 0.000000 0.000000 0.000000 0.000000 0.000000 0.000000 0.000000 0.000000 -0.000039 -0.000099 -0.000185 -0.000298 -0.000410 -0.000481 -0.000477 -0.000399 -0.000267 -0.000130 -0.000030 0.000000 0.000000 0.000000 0.000000 0.000000 0.000000 0.000000 0.000000 0.000000 0.000000 0.000000 
0.000000 0.000000 0.000000 0.000000 0.000000 0.000000 0.000000 0.000000 0.000000 0.000000 0.000000 0.000000 0.000000 0.000000 0.000000 0.000000 0.000000 0.000000 -0.000012 0.000000 0.000000 0.000000 0.000000 0.000000 0.000000 0.000000 0.000000 0.000000 0.000000 0.000000 0.000000 0.000000 0.000000 0.000000 0.000000 
