0.000000 0.000000 0.000000 0.000000 0.000000 0.000000 0.000000 0.000000 0.000000 0.000000 0.000000 0.000000 0.000000 0.000000 0.000000 0.000000 0.000000 0.000000 0.000000 0.000000 0.000000 0.000000 0.000000 0.000000 0.000000 0.000000 0.000000 0.000000 0.000000 0.000000 0.000000 0.000000 0.000000 0.000000 0.000000 
0.000000 0.000000 0.000000 0.000000 0.000000 0.000000 0.000000 0.000000 0.000000 0.000000 0.000000 0.000000 0.000000 0.000000 0.000000 0.000000 0.000000 0.000000 0.000000 0.000000 0.000000 0.000000 0.000000 0.000000 0.000000 0.000000 0.000000 0.000000 0.000000 0.000000 0.000000 0.000000 0.000000 0.000000 0.000000 
0.000000 0.000000 0.000000 0.000000 0.000000 0.000000 0.000000 0.000000 0.000000 0.000000 0.000000 0.000000 -0.000006 0.000002 0.000025 0.000059 0.000096 0.000126 0.000137 0.000122 0.000086 0.000039 0.000006 0.000000 0.000000 0.000000 0.000000 0.000000 0.000000 0.000000 0.000000 0.000000 0.000000 0.000000 0.000000 
0.000000 0.000000 0.000000 0.000000 0.000000 0.000000 0.000000 0.000000 0.000000 0.000000 -0.000012 -0.000001 0.000037 -0.000041 -0.000074 0.000774 0.002239 0.003410 0.003613 0.002551 0.001137 0.000519 0.000330 0.000150 0.000033 0.000000 0.000000 0.000000 0.000000 0.000000 0.000000 0.000000 0.000000 0.000000 0.000000 
0.000000 0.000000 0.000000 0.000000 0.000000 0.000000 0.000000 0.000000 -0.000010 -0.000025 -0.000014 -0.000243 0.000070 0.003384 0.010562 0.020948 0.031820 0.038921 0.040125 0.034713 0.024769 0.013825 0.005202 0.001171 0.000420 0.000142 0.000014 0.000000 0.000000 0.000000 0.000000 0.000000 0.000000 0.000000 0.000000 
0.000000 0.000000 0.000000 0.000000 0.000000 0.000000 0.000000 -0.000016 -0.000040 -0.000052 -0.000491 0.000779 0.007293 0.020741 0.041213 0.062972 0.080125 0.090478 0.093513 0.088403 0.074232 0.052759 0.030468 0.012793 0.003113 0.000672 0.000242 0.000038 0.000000 0.000000 0.000000 0.000000 0.000000 0.000000 0.000000 
0.000000 0.000000 0.000000 0.000000 0.000000 0.000000 -0.000013 -0.000047 -0.000080 -0.000644 0.000270 0.007291 0.023939 0.048767 0.074421 0.094124 0.108053 0.117344 0.122279 0.122156 0.115211 0.098320 0.070697 0.040377 0.016381 0.003784 0.000794 0.000288 0.000045 0.000000 0.000000 0.000000 0.000000 0.000000 0.000000 
0.000000 0.000000 0.000000 0.000000 0.000000 -0.000006 -0.000044 -0.000098 -0.000518 -0.000932 0.003978 0.018912 0.043044 0.069977 0.091115 0.107206 0.119547 0.128564 0.134466 0.136699 0.134430 0.125395 0.105510 0.073701 0.040202 0.014431 0.002794 0.000830 0.000291 0.000038 0.000000 0.000000 0.000000 0.000000 0.000000 
0.000000 0.000000 0.000000 0.000000 0.000003 -0.000036 -0.000112 -0.000222 -0.001266 -0.000103 0.010033 0.030182 0.057246 0.080516 0.098739 0.113442 0.125200 0.134358 0.140830 0.144369 0.144427 0.140905 0.129999 0.104648 0.068762 0.033550 0.009478 0.001899 0.000844 0.000276 0.000019 0.000000 0.000000 0.000000 0.000000 
0.000000 0.000000 0.000000 0.000003 -0.000026 -0.000113 -0.000216 -0.000966 -0.002999 0.000106 0.013198 0.036571 0.062385 0.084176 0.102403 0.117406 0.129331 0.138979 0.146219 0.154591 0.164457 0.170090 0.166629 0.149661 0.113148 0.070822 0.031563 0.009182 0.002503 0.000828 0.000228 0.000002 0.000000 0.000000 0.000000 
0.000000 0.000000 0.000000 -0.000014 -0.000102 -0.000319 -0.001614 -0.004574 -0.008300 -0.004293 0.010478 0.035170 0.059463 0.081201 0.100436 0.117865 0.132772 0.144870 0.162944 0.186570 0.206732 0.219227 0.220467 0.208094 0.174566 0.128106 0.079245 0.038011 0.015096 0.003457 0.000719 0.000130 0.000000 0.000000 0.000000 
0.000000 0.000000 -0.000002 -0.000078 -0.000307 -0.002435 -0.006520 -0.012380 -0.017096 -0.012866 0.002804 0.027379 0.051067 0.072997 0.093619 0.113497 0.133420 0.163295 0.202799 0.239698 0.268057 0.285132 0.289254 0.278693 0.247425 0.197854 0.143433 0.091160 0.050732 0.019100 0.002924 0.000483 0.000022 0.000000 0.000000 
0.000000 0.000000 -0.000038 -0.000150 -0.002239 -0.008005 -0.015149 -0.022791 -0.027774 -0.022630 -0.005949 0.018732 0.042115 0.063562 0.084079 0.105476 0.139939 0.199186 0.261779 0.308390 0.337417 0.350810 0.351756 0.340815 0.312195 0.265954 0.214027 0.157635 0.107672 0.055698 0.015815 0.001127 0.000187 0.000000 0.000000 
0.000000 -0.000000 -0.000103 -0.000945 -0.007024 -0.016584 -0.025348 -0.032041 -0.035476 -0.029887 -0.013220 0.011635 0.035239 0.056664 0.076579 0.102110 0.161045 0.249272 0.325481 0.369943 0.389446 0.396513 0.394473 0.382294 0.353718 0.309873 0.264566 0.219311 0.173864 0.111278 0.044741 0.006242 0.000468 -0.000000 0.000000 
0.000000 -0.000016 -0.000138 -0.003556 -0.014072 -0.025817 -0.033066 -0.037672 -0.040938 -0.035968 -0.020358 0.004611 0.029121 0.051080 0.071311 0.109799 0.198766 0.300925 0.373313 0.410336 0.424355 0.428114 0.424027 0.409814 0.378623 0.336277 0.295224 0.258983 0.228394 0.172907 0.087509 0.020699 0.000601 0.000057 0.000000 
0.000000 -0.000043 -0.000348 -0.007597 -0.021701 -0.032711 -0.038101 -0.041035 -0.044406 -0.041108 -0.027849 -0.003665 0.022649 0.045744 0.068551 0.129724 0.245382 0.346876 0.406121 0.438799 0.449600 0.449870 0.443141 0.425000 0.389577 0.348330 0.311286 0.284351 0.263532 0.222325 0.137116 0.043052 0.001460 0.000153 0.000000 
0.000000 -0.000073 -0.001063 -0.012225 -0.027725 -0.036905 -0.041207 -0.043351 -0.046356 -0.045669 -0.035839 -0.014810 0.013881 0.043185 0.079044 0.174842 0.314199 0.408049 0.458287 0.486933 0.489709 0.477138 0.458250 0.428920 0.389323 0.350307 0.318557 0.301163 0.285070 0.253115 0.179080 0.067882 0.004360 0.000254 0.000000 
0.000000 -0.000096 -0.001835 -0.015673 -0.031164 -0.039138 -0.042865 -0.044776 -0.046616 -0.048561 -0.043717 -0.026570 0.007327 0.052575 0.108608 0.229599 0.381813 0.468031 0.514161 0.542916 0.543213 0.519765 0.479586 0.428474 0.380175 0.344508 0.322294 0.310876 0.296863 0.269311 0.204705 0.087651 0.007669 0.000328 0.000000 
0.000000 -0.000105 -0.002151 -0.016959 -0.032313 -0.039915 -0.043391 -0.045265 -0.046782 -0.049288 -0.047929 -0.031282 0.006094 0.059933 0.126185 0.252825 0.404363 0.486717 0.531831 0.563286 0.567606 0.542020 0.492795 0.430060 0.374790 0.339226 0.324756 0.314092 0.300573 0.274553 0.213163 0.094879 0.009024 0.000358 0.000000 
0.000000 -0.000096 -0.001835 -0.015673 -0.031164 -0.039138 -0.042865 -0.044776 -0.046616 -0.048561 -0.043717 -0.026570 0.007327 0.052575 0.108608 0.229599 0.381813 0.468031 0.514161 0.542916 0.543213 0.519765 0.479586 0.428474 0.380175 0.344508 0.322294 0.310876 0.296863 0.269311 0.204705 0.087651 0.007669 0.000328 0.000000 
0.000000 -0.000073 -0.001063 -0.012225 -0.027725 -0.036905 -0.041207 -0.043351 -0.046356 -0.045669 -0.035839 -0.014810 0.013881 0.043185 0.079044 0.174842 0.314199 0.408049 0.458287 0.486933 0.489709 0.477138 0.458250 0.428920 0.389323 0.350307 0.318557 0.301163 0.285070 0.253115 0.179080 0.067882 0.004360 0.000254 0.000000 
0.000000 -0.000043 -0.000348 -0.007597 -0.021701 -0.032711 -0.038101 -0.041035 -0.044406 -0.041108 -0.027849 -0.003665 0.022649 0.045744 0.068551 0.129724 0.245382 0.346876 0.406121 0.438799 0.449600 0.449870 0.443141 0.425000 0.389577 0.348330 0.311286 0.284351 0.263532 0.222325 0.137116 0.043052 0.001460 0.000153 0.000000 
0.000000 -0.000016 -0.000138 -0.003556 -0.014072 -0.025817 -0.033066 -0.037672 -0.040938 -0.035968 -0.020358 0.004611 0.029121 0.051080 0.071311 0.109799 0.198766 0.300925 0.373313 0.410336 0.424355 0.428114 0.424027 0.409814 0.378623 0.336277 0.295224 0.258983 0.228394 0.172907 0.087509 0.020699 0.000601 0.000057 0.000000 
0.000000 0.000000 -0.000103 -0.000945 -0.007024 -0.016584 -0.025348 -0.032041 -0.035476 -0.029887 -0.013220 0.011635 0.035239 0.056664 0.076579 0.102110 0.161045 0.249272 0.325481 0.369943 0.389446 0.396513 0.394473 0.382294 0.353718 0.309873 0.264566 0.219311 0.173864 0.111278 0.044741 0.006242 0.000468 0.000000 0.000000 
0.000000 0.000000 -0.000038 -0.000150 -0.002239 -0.008005 -0.015149 -0.022791 -0.027774 -0.022630 -0.005949 0.018732 0.042115 0.063562 0.084079 0.105476 0.139939 0.199186 0.261779 0.308390 0.337417 0.350810 0.351756 0.340815 0.312195 0.265954 0.214027 0.157635 0.107672 0.055698 0.015815 0.001127 0.000187 0.000000 0.000000 
0.000000 0.000000 -0.000002 -0.000078 -0.000307 -0.002435 -0.006520 -0.012380 -0.017096 -0.012866 0.002804 0.027379 0.051067 0.072997 0.093619 0.113497 0.133420 0.163295 0.202799 0.239698 0.268057 0.285132 0.289254 0.278693 0.247425 0.197854 0.143433 0.091160 0.050732 0.019100 0.002924 0.000483 0.000022 0.000000 0.000000 
0.000000 0.000000 0.000000 -0.000014 -0.000102 -0.000319 -0.001614 -0.004574 -0.008300 -0.004293 0.010478 0.035170 0.059463 0.081201 0.100436 0.117865 0.132772 0.144870 0.162944 0.186570 0.206732 0.219227 0.220467 0.208094 0.174566 0.128106 0.079245 0.038011 0.015096 0.003457 0.000719 0.000130 0.000000 0.000000 0.000000 
0.000000 0.000000 0.000000 0.000003 -0.000026 -0.000113 -0.000216 -0.000966 -0.002999 0.000106 0.013198 0.036571 0.062385 0.084176 0.102403 0.117406 0.129331 0.138979 0.146219 0.154591 0.164457 0.170090 0.166629 0.149661 0.113148 0.070822 0.031563 0.009182 0.002503 0.000828 0.000228 0.000002 0.000000 0.000000 0.000000 
0.000000 0.000000 0.000000 0.000000 0.000003 -0.000036 -0.000112 -0.000222 -0.001266 -0.000103 0.010033 0.030182 0.057246 0.080516 0.098739 0.113442 0.125200 0.134358 0.140830 0.144369 0.144427 0.140905 0.129999 0.104648 0.068762 0.033550 0.009478 0.001899 0.000844 0.000276 0.000019 0.000000 0.000000 0.000000 0.000000 
0.000000 0.000000 0.000000 0.000000 0.000000 -0.000006 -0.000044 -0.000098 -0.000518 -0.000932 0.003978 0.018912 0.043044 0.069977 0.091115 0.107206 0.119547 0.128564 0.134466 0.136699 0.134430 0.125395 0.105510 0.073701 0.040202 0.014431 0.002794 0.000830 0.000291 0.000038 0.000000 0.000000 0.000000 0.000000 0.000000 
0.000000 0.000000 0.000000 0.000000 0.000000 0.000000 -0.000013 -0.000047 -0.000080 -0.000644 0.000270 0.007291 0.023939 0.048767 0.074421 0.094124 0.108053 0.117344 0.122279 0.122156 0.115211 0.098320 0.070697 0.040377 0.016381 0.003784 0.000794 0.000288 0.000045 0.000000 0.000000 0.000000 0.000000 0.000000 0.000000 
0.000000 0.000000 0.000000 0.000000 0.000000 0.000000 0.000000 -0.000016 -0.000040 -0.000052 -0.000491 0.000779 0.007293 0.020741 0.041213 0.062972 0.080125 0.090478 0.093513 0.088403 0.074232 0.052759 0.030468 0.012793 0.003113 0.000672 0.000242 0.000038 0.000000 0.000000 0.000000 0.000000 0.000000 0.000000 0.000000 
0.000000 0.000000 0.000000 0.000000 0.000000 0.000000 0.000000 0.000000 -0.000010 -0.000025 -0.000014 -0.000243 0.000070 0.003384 0.010562 0.020948 0.031820 0.038921 0.040125 0.034713 0.024769 0.013825 0.005202 0.001171 0.000420 0.000142 0.000014 0.000000 0.000000 0.000000 0.000000 0.000000 0.000000 0.000000 0.000000 
0.000000 0.000000 0.000000 0.000000 0.000000 0.000000 0.000000 0.000000 0.000000 0.000000 -0.000012 -0.000001 0.000037 -0.000041 -0.000074 0.000774 0.002239 0.003410 0.003613 0.002551 0.001137 0.000519 0.000330 0.000150 0.000033 0.000000 0.000000 0.000000 0.000000 0.000000 0.000000 0.000000 0.000000 0.000000 0.000000 
0.000000 0.000000 0.000000 0.000000 0.000000 0.000000 0.000000 0.000000 0.000000 0.000000 0.000000 0.000000 -0.000006 0.000002 0.000025 0.000059 0.000096 0.000126 0.000137 0.000122 0.000086 0.000039 0.000006 0.000000 0.000000 0.000000 0.000000 0.000000 0.000000 0.000000 0.000000 0.000000 0.000000 0.000000 0.000000 
