0.000000 0.000000 0.000000 0.000000 0.000000 0.000000 0.000000 0.000000 0.000000 0.000000 0.000000 0.000000 0.000000 0.000000 0.000000 0.000000 0.000061 0.000031 0.000110 0.000000 0.000000 0.000000 0.000000 0.000000 0.000000 0.000000 0.000000 0.000000 0.000000 0.000000 0.000000 0.000000 0.000000 0.000000 0.000000 
0.000000 0.000000 0.000000 0.000000 0.000000 0.000000 0.000000 0.000000 0.000000 0.000000 0.000000 0.000000 -0.000101 -0.000052 0.000216 0.000746 0.001516 0.002283 0.002675 0.002573 0.002098 0.001423 0.000662 0.000000 0.000000 0.000000 0.000000 0.000000 0.000000 0.000000 0.000000 0.000000 0.000000 0.000000 0.000000 
0.000000 0.000000 0.000000 0.000000 0.000000 0.000000 0.000000 0.000000 0.000000 -0.000010 -0.000295 -0.000430 -0.000175 0.003887 0.023400 0.060201 0.104528 0.140162 0.147678 0.123014 0.074030 0.024059 0.005534 0.002759 0.001171 0.000021 0.000000 0.000000 0.000000 0.000000 0.000000 0.000000 0.000000 0.000000 0.000000 
0.000000 0.000000 0.000000 0.000000 0.000000 0.000000 0.000000 0.000000 -0.000236 -0.000692 -0.000943 0.002732 0.029790 0.090387 0.183235 0.289523 0.374126 0.424606 0.444393 0.426727 0.365439 0.261954 0.138106 0.036966 0.005396 0.002362 0.000553 0.000000 0.000000 0.000000 0.000000 0.000000 0.000000 0.000000 0.000000 
0.000000 0.000000 0.000000 0.000000 0.000000 0.000000 0.000000 -0.000495 -0.001426 -0.002185 0.005677 0.046027 0.130027 0.251493 0.367540 0.432712 0.468156 0.494894 0.523058 0.550408 0.564478 0.523648 0.398221 0.227831 0.074157 0.008211 0.003112 0.000866 0.000000 0.000000 0.000000 0.000000 0.000000 0.000000 0.000000 
0.000000 0.000000 0.000000 0.000000 0.000000 0.000000 -0.000933 -0.002567 -0.004250 0.001428 0.041582 0.126344 0.240938 0.342490 0.382646 0.405270 0.427486 0.449461 0.477446 0.507535 0.540897 0.572847 0.563084 0.455937 0.255292 0.075231 0.007782 0.003168 0.000850 0.000000 0.000000 0.000000 0.000000 0.000000 0.000000 
0.000000 0.000000 0.000000 0.000000 0.000000 -0.001325 -0.003899 -0.006880 -0.007276 0.020871 0.092689 0.191895 0.292261 0.327999 0.346819 0.365092 0.384266 0.406818 0.432811 0.463083 0.497488 0.536220 0.573644 0.560283 0.440942 0.218080 0.043382 0.006221 0.002600 0.000643 0.000000 0.000000 0.000000 0.000000 0.000000 
0.000000 0.000000 0.000000 0.000000 -0.001410 -0.004850 -0.009423 -0.018290 -0.038532 -0.036284 -0.001886 0.071757 0.136932 0.208201 0.292158 0.328011 0.348095 0.370324 0.396477 0.427064 0.459213 0.495280 0.534218 0.567745 0.525436 0.365022 0.129497 0.011986 0.004440 0.001703 0.000359 0.000000 0.000000 0.000000 0.000000 
0.000000 0.000000 0.000000 -0.000953 -0.004964 -0.011819 -0.063864 -0.185241 -0.300438 -0.347740 -0.323551 -0.260409 -0.223471 -0.158681 -0.049807 0.108149 0.280404 0.337151 0.362897 0.381419 0.401378 0.427342 0.463896 0.506854 0.516066 0.420875 0.212454 0.027868 0.004899 0.002560 0.000861 0.000110 0.000000 0.000000 0.000000 
0.000000 0.000000 -0.000065 -0.003926 -0.012733 -0.110398 -0.312713 -0.519702 -0.599158 -0.595844 -0.543806 -0.495577 -0.472025 -0.431881 -0.359716 -0.235363 -0.033746 0.213224 0.309509 0.320402 0.336211 0.358542 0.395313 0.439194 0.474600 0.420992 0.250112 0.032899 -0.009843 -0.000693 0.001056 0.000284 0.000032 0.000000 0.000000 
0.000000 0.000000 -0.001964 -0.008726 -0.110851 -0.368515 -0.637142 -0.759961 -0.761148 -0.711164 -0.634970 -0.595166 -0.580966 -0.566988 -0.540813 -0.482297 -0.351492 -0.122834 0.160275 0.263348 0.285836 0.313719 0.352751 0.398640 0.442989 0.410209 0.259120 0.032007 -0.039839 -0.017604 -0.003381 0.000221 0.000049 0.000000 0.000000 
0.000000 0.000000 -0.004544 -0.057366 -0.334841 -0.668756 -0.836311 -0.870399 -0.814666 -0.726774 -0.633384 -0.593282 -0.582682 -0.583479 -0.590795 -0.597369 -0.577663 -0.445002 -0.127969 0.182943 0.273379 0.311129 0.353357 0.398967 0.441628 0.410388 0.259049 0.029037 -0.062787 -0.040634 -0.016327 -0.002233 0.000015 0.000000 0.000000 
0.000000 -0.001135 -0.009048 -0.210450 -0.592622 -0.862037 -0.920534 -0.887993 -0.803379 -0.708459 -0.610857 -0.566900 -0.556754 -0.559805 -0.574206 -0.618049 -0.676646 -0.650636 -0.405133 0.037692 0.273863 0.320512 0.363879 0.409820 0.449390 0.411149 0.252014 0.016744 -0.072291 -0.055284 -0.029690 -0.010106 -0.000167 -0.000018 0.000000 
0.000000 -0.002462 -0.038998 -0.400732 -0.812443 -0.942547 -0.924184 -0.876958 -0.789723 -0.692017 -0.591178 -0.535229 -0.523959 -0.527669 -0.549130 -0.612862 -0.685764 -0.710599 -0.588210 -0.154722 0.241208 0.333484 0.378859 0.425277 0.456454 0.396663 0.220704 -0.013017 -0.070580 -0.061250 -0.037318 -0.016255 -0.001883 -0.000037 0.000000 
0.000000 -0.003705 -0.120150 -0.573355 -0.931429 -0.952465 -0.909553 -0.864372 -0.784480 -0.689114 -0.583433 -0.506116 -0.486486 -0.476402 -0.494067 -0.593892 -0.707123 -0.793743 -0.807441 -0.458656 0.087230 0.311228 0.390855 0.442474 0.453934 0.356930 0.159168 -0.050847 -0.064172 -0.059768 -0.040215 -0.016514 -0.005326 -0.000020 0.000000 
0.000000 -0.004749 -0.204607 -0.700720 -0.968127 -0.943131 -0.893801 -0.847617 -0.787783 -0.699649 -0.595725 -0.474222 -0.391470 -0.382789 -0.492141 -0.669901 -0.825633 -0.961139 -1.055283 -0.826981 -0.265542 0.074328 0.258329 0.413045 0.421513 0.278102 0.064771 -0.056100 -0.057168 -0.053090 -0.039313 -0.011855 -0.005407 0.000073 0.000000 
-0.000116 -0.005330 -0.256392 -0.765877 -0.970217 -0.931369 -0.879506 -0.832790 -0.791415 -0.722115 -0.592728 -0.402723 -0.318450 -0.428632 -0.628827 -0.816002 -0.911383 -1.000309 -1.076982 -0.934515 -0.438439 -0.140384 -0.023891 0.159648 0.257548 0.148574 -0.032150 -0.051600 -0.049965 -0.045107 -0.033082 -0.005532 -0.001081 0.000256 -0.000050 
-0.000133 -0.005134 -0.258133 -0.769130 -0.960468 -0.920434 -0.868796 -0.821552 -0.782408 -0.707417 -0.540247 -0.433196 -0.469598 -0.583534 -0.694720 -0.784395 -0.857560 -0.940840 -1.006574 -0.864323 -0.374415 -0.120368 -0.162547 -0.182531 -0.142646 -0.076755 -0.051586 -0.046486 -0.042386 -0.035814 -0.023236 0.002748 0.005565 0.000497 0.000030 
-0.000135 -0.004196 -0.209874 -0.712291 -0.944521 -0.909936 -0.860048 -0.814157 -0.760482 -0.616030 -0.535056 -0.604382 -0.719118 -0.724388 -0.721208 -0.749778 -0.804909 -0.873315 -0.934542 -0.742674 -0.287233 -0.136278 -0.285809 -0.475664 -0.518367 -0.327855 -0.076589 -0.040813 -0.033954 -0.024758 -0.010814 0.012814 0.011131 0.000639 0.000026 
0.000000 -0.002985 -0.137860 -0.590595 -0.906790 -0.898340 -0.853529 -0.808691 -0.688046 -0.550620 -0.570753 -0.762715 -0.889341 -0.907394 -0.894338 -0.878198 -0.880624 -0.916259 -0.967288 -0.715509 -0.355688 -0.344992 -0.505346 -0.648692 -0.665689 -0.486398 -0.200309 -0.034619 -0.022995 -0.011702 0.004767 0.023940 0.012288 0.000618 0.000000 
0.000000 -0.001898 -0.066757 -0.411060 -0.805343 -0.881023 -0.845267 -0.796119 -0.622593 -0.529318 -0.628826 -0.836673 -0.939155 -1.009861 -1.065688 -1.084275 -1.094017 -1.140637 -1.109958 -0.799306 -0.512020 -0.528342 -0.597231 -0.652373 -0.689504 -0.577429 -0.316905 -0.038141 -0.009836 0.004067 0.022678 0.031191 0.007875 0.000471 0.000000 
0.000000 -0.001054 -0.017904 -0.236172 -0.597003 -0.821976 -0.831149 -0.757917 -0.580340 -0.528860 -0.681994 -0.860469 -0.945941 -1.018684 -1.086731 -1.142893 -1.179567 -1.202466 -1.037851 -0.698421 -0.515720 -0.532710 -0.578289 -0.627595 -0.679624 -0.618752 -0.388280 -0.079302 0.006754 0.024331 0.039969 0.026726 0.002291 0.000268 0.000000 
0.000000 -0.000431 -0.003399 -0.101439 -0.354925 -0.631051 -0.777467 -0.717335 -0.553376 -0.532509 -0.710437 -0.862967 -0.943277 -1.012201 -1.073861 -1.130681 -1.128096 -1.010111 -0.768580 -0.531522 -0.473230 -0.509109 -0.554536 -0.604041 -0.658324 -0.625268 -0.417362 -0.105086 0.028540 0.046708 0.040008 0.012943 0.000360 0.000099 0.000000 
0.000000 0.000000 -0.001414 -0.022377 -0.163454 -0.386827 -0.571593 -0.615069 -0.520333 -0.519539 -0.707534 -0.851976 -0.929497 -0.993650 -1.039022 -1.043167 -0.960418 -0.761218 -0.540104 -0.427409 -0.443826 -0.484880 -0.531029 -0.580712 -0.634896 -0.610469 -0.409492 -0.090574 0.051427 0.045279 0.021383 0.001553 -0.000013 0.000000 0.000000 
0.000000 0.000000 -0.000531 -0.002347 -0.043595 -0.172378 -0.340010 -0.404516 -0.344111 -0.393605 -0.608765 -0.777263 -0.846589 -0.879726 -0.871683 -0.819542 -0.721867 -0.574308 -0.432689 -0.399245 -0.419150 -0.455362 -0.501948 -0.551610 -0.605161 -0.572257 -0.366756 -0.060762 0.040625 0.020749 0.002436 -0.000667 -0.000120 0.000000 0.000000 
0.000000 0.000000 0.000012 -0.000849 -0.002997 -0.040659 -0.133088 -0.208033 -0.151491 -0.176679 -0.364822 -0.563401 -0.633020 -0.660128 -0.647123 -0.597690 -0.522130 -0.449468 -0.430239 -0.433869 -0.443839 -0.467674 -0.505135 -0.551043 -0.603726 -0.551385 -0.331109 -0.049096 0.009461 -0.000941 -0.001863 -0.000648 -0.000054 0.000000 0.000000 
0.000000 0.000000 0.000000 -0.000169 -0.000760 -0.001588 -0.018478 -0.051272 0.004510 0.027508 -0.108590 -0.341501 -0.422321 -0.455421 -0.452462 -0.422800 -0.394850 -0.415294 -0.448176 -0.475507 -0.495946 -0.522032 -0.557198 -0.601138 -0.639638 -0.538530 -0.273793 -0.038286 -0.007781 -0.003722 -0.001379 -0.000246 0.000000 0.000000 0.000000 
0.000000 0.000000 0.000000 0.000000 -0.000145 -0.000168 0.000532 0.002965 0.065514 0.165112 0.122036 -0.084880 -0.231621 -0.281745 -0.311034 -0.348464 -0.385219 -0.419893 -0.454090 -0.488992 -0.527804 -0.568875 -0.610578 -0.660990 -0.647565 -0.462332 -0.165721 -0.016799 -0.006198 -0.002398 -0.000583 0.000000 0.000000 0.000000 0.000000 
0.000000 0.000000 0.000000 0.000000 0.000000 0.000069 0.000732 0.002543 0.025822 0.126528 0.195044 0.092347 -0.125176 -0.231656 -0.295419 -0.345761 -0.388338 -0.426515 -0.463458 -0.501087 -0.540747 -0.582182 -0.629086 -0.661358 -0.550202 -0.279574 -0.057544 -0.008775 -0.003554 -0.000905 0.000000 0.000000 0.000000 0.000000 0.000000 
0.000000 0.000000 0.000000 0.000000 0.000000 0.000000 0.000322 0.001525 0.004314 0.045592 0.134294 0.159608 0.025088 -0.174342 -0.276660 -0.337463 -0.386720 -0.430299 -0.470455 -0.510656 -0.551797 -0.597658 -0.638227 -0.559338 -0.328019 -0.100621 -0.011195 -0.004412 -0.001151 0.000000 0.000000 0.000000 0.000000 0.000000 0.000000 
0.000000 0.000000 0.000000 0.000000 0.000000 0.000000 0.000000 0.000452 0.001824 0.005019 0.043477 0.108183 0.112979 0.001642 -0.174744 -0.297883 -0.371247 -0.423813 -0.469569 -0.515976 -0.562583 -0.579343 -0.484442 -0.297356 -0.102093 -0.012227 -0.004578 -0.001162 0.000000 0.000000 0.000000 0.000000 0.000000 0.000000 0.000000 
0.000000 0.000000 0.000000 0.000000 0.000000 0.000000 0.000000 0.000000 0.000342 0.001489 0.003365 0.020825 0.061508 0.066190 -0.002779 -0.128884 -0.241665 -0.328152 -0.388587 -0.421773 -0.411894 -0.329983 -0.188903 -0.054490 -0.008704 -0.003745 -0.000865 0.000000 0.000000 0.000000 0.000000 0.000000 0.000000 0.000000 0.000000 
0.000000 0.000000 0.000000 0.000000 0.000000 0.000000 0.000000 0.000000 0.000000 0.000014 0.000688 0.001520 0.002616 0.009660 0.017406 -0.002797 -0.055673 -0.120932 -0.162672 -0.156836 -0.104546 -0.037260 -0.009557 -0.004874 -0.002050 -0.000013 0.000000 0.000000 0.000000 0.000000 0.000000 0.000000 0.000000 0.000000 0.000000 
0.000000 0.000000 0.000000 0.000000 0.000000 0.000000 0.000000 0.000000 0.000000 0.000000 0.000000 0.000000 0.000268 0.000423 0.000197 -0.000598 -0.001991 -0.003638 -0.004755 -0.004853 -0.004084 -0.002820 -0.001325 0.000000 0.000000 0.000000 0.000000 0.000000 0.000000 0.000000 0.000000 0.000000 0.000000 0.000000 0.000000 
0.000000 0.000000 0.000000 0.000000 0.000000 0.000000 0.000000 0.000000 0.000000 0.000000 0.000000 0.000000 0.000000 0.000000 0.000000 0.000000 0.000020 -0.000162 -0.000082 0.000000 0.000000 0.000000 0.000000 0.000000 0.000000 0.000000 0.000000 0.000000 0.000000 0.000000 0.000000 0.000000 0.000000 0.000000 0.000000 
