0.000000 0.000000 0.000000 0.000000 0.000000 0.000000 0.000000 0.000000 0.000000 0.000000 0.000000 0.000000 0.000000 0.000000 0.000000 0.000000 0.000000 0.000000 0.000000 0.000000 0.000000 0.000000 0.000000 0.000000 0.000000 0.000000 0.000000 0.000000 0.000000 0.000000 0.000000 0.000000 0.000000 0.000000 0.000000 
0.000000 0.000000 0.000000 0.000000 0.000000 0.000000 0.000000 0.000000 0.000000 0.000000 0.000000 0.000000 0.000000 0.000000 0.000056 0.000186 0.000385 0.000600 0.000713 0.000695 0.000523 0.000300 0.000107 -0.000000 0.000000 0.000000 0.000000 0.000000 0.000000 0.000000 0.000000 0.000000 0.000000 0.000000 0.000000 
0.000000 0.000000 0.000000 0.000000 0.000000 0.000000 0.000000 0.000000 0.000000 0.000000 0.000000 -0.000114 -0.000203 -0.000112 0.001480 0.007801 0.017950 0.027965 0.033156 0.030920 0.020970 0.008640 0.001989 0.000518 0.000068 -0.000084 0.000000 0.000000 0.000000 0.000000 0.000000 0.000000 0.000000 0.000000 0.000000 
0.000000 0.000000 0.000000 0.000000 0.000000 0.000000 0.000000 0.000000 0.000000 -0.000109 -0.000401 -0.000695 -0.000278 0.005275 0.020582 0.045995 0.077689 0.109360 0.133770 0.144186 0.133332 0.096578 0.054309 0.017802 0.001914 0.000082 -0.000205 -0.000107 0.000000 0.000000 0.000000 0.000000 0.000000 0.000000 0.000000 
0.000000 0.000000 0.000000 0.000000 0.000000 0.000000 0.000000 0.000000 -0.000196 -0.000758 -0.001431 -0.002714 0.000923 0.017103 0.048645 0.090178 0.131989 0.169447 0.201350 0.226865 0.240886 0.228566 0.176560 0.101452 0.038666 0.005683 0.000001 -0.000325 -0.000174 0.000000 0.000000 0.000000 0.000000 0.000000 0.000000 
0.000000 0.000000 0.000000 0.000000 0.000000 0.000000 0.000000 -0.000333 -0.001113 -0.002214 -0.006080 -0.008803 0.000899 0.028194 0.068814 0.110395 0.147652 0.180952 0.211775 0.240351 0.265490 0.283879 0.280124 0.219769 0.124988 0.044020 0.005401 -0.000342 -0.000483 -0.000218 0.000000 0.000000 0.000000 0.000000 0.000000 
0.000000 0.000000 0.000000 0.000000 0.000000 0.000000 -0.000395 -0.001434 -0.002942 -0.007041 -0.016997 -0.018403 -0.000291 0.035872 0.076079 0.112310 0.145837 0.177784 0.208379 0.237861 0.265626 0.290213 0.307794 0.300596 0.220520 0.114026 0.031788 0.000968 -0.000927 -0.000660 -0.000207 0.000000 0.000000 0.000000 0.000000 
0.000000 0.000000 0.000000 0.000000 0.000000 -0.000371 -0.001594 -0.003510 -0.007053 -0.026566 -0.053669 -0.061330 -0.039323 0.001762 0.052345 0.102806 0.139250 0.170663 0.201303 0.231328 0.260116 0.285032 0.299593 0.305367 0.270342 0.168566 0.065962 0.006970 -0.002361 -0.001552 -0.000778 -0.000174 0.000000 0.000000 0.000000 
0.000000 0.000000 0.000000 0.000000 -0.000249 -0.001509 -0.003873 -0.017788 -0.054242 -0.113579 -0.161117 -0.167953 -0.140918 -0.100659 -0.050326 0.013250 0.085588 0.155114 0.193143 0.219747 0.226268 0.226576 0.229697 0.236334 0.233276 0.150761 0.048311 -0.021754 -0.027062 -0.009002 -0.002049 -0.000772 -0.000116 0.000000 0.000000 
0.000000 0.000000 0.000000 0.000000 -0.001110 -0.003610 -0.027827 -0.081076 -0.146926 -0.208437 -0.238951 -0.232141 -0.201147 -0.164492 -0.122156 -0.068846 -0.003014 0.079694 0.155189 0.165047 0.151174 0.143714 0.144986 0.153677 0.159311 0.105813 0.001665 -0.082052 -0.096501 -0.052973 -0.016228 -0.002101 -0.000600 0.000000 0.000000 
0.000000 0.000000 0.000000 -0.000529 -0.002428 -0.025371 -0.086260 -0.151827 -0.196317 -0.231782 -0.240748 -0.220357 -0.186048 -0.153723 -0.123371 -0.091405 -0.049689 0.000400 0.039788 0.071264 0.069293 0.064606 0.071392 0.085119 0.095497 0.059688 -0.047411 -0.140911 -0.173575 -0.129702 -0.063874 -0.015820 -0.001535 -0.000299 0.000000 
0.000000 0.000000 0.000000 -0.001223 -0.012026 -0.070081 -0.136810 -0.163033 -0.169156 -0.176489 -0.167500 -0.139621 -0.104133 -0.073233 -0.049139 -0.032988 -0.027692 -0.051655 -0.074206 -0.043977 0.001011 0.020365 0.039956 0.060763 0.073809 0.041396 -0.073881 -0.182242 -0.231427 -0.200512 -0.134354 -0.055055 -0.007603 -0.000815 0.000000 
0.000000 0.000000 -0.000285 -0.002150 -0.039200 -0.103099 -0.129125 -0.104356 -0.083797 -0.087897 -0.082512 -0.057040 -0.021707 0.009793 0.035497 0.053153 0.035479 -0.044960 -0.120765 -0.117091 -0.043668 0.007095 0.032007 0.054189 0.066655 0.029550 -0.089023 -0.200182 -0.258577 -0.244343 -0.194711 -0.108508 -0.029427 -0.001639 -0.000165 
0.000000 0.000000 -0.000561 -0.006646 -0.061497 -0.096922 -0.062023 -0.016834 0.001405 -0.006704 -0.005560 0.016586 0.051480 0.084079 0.111626 0.126973 0.088554 -0.000192 -0.083034 -0.119456 -0.069270 0.000135 0.031235 0.052242 0.061057 0.007587 -0.113626 -0.220136 -0.271153 -0.262359 -0.230020 -0.157736 -0.060176 -0.004680 -0.000378 
0.000000 0.000000 -0.000724 -0.016806 -0.060124 -0.042027 0.022335 0.058634 0.075567 0.067796 0.064411 0.081213 0.114670 0.149186 0.177473 0.185139 0.129679 0.045934 -0.018289 -0.075637 -0.070051 -0.006785 0.032269 0.051148 0.048554 -0.031753 -0.151797 -0.243254 -0.275520 -0.268384 -0.245522 -0.187165 -0.086900 -0.011936 -0.000562 
0.000000 0.000000 -0.000702 -0.020940 -0.030426 0.031828 0.094471 0.122251 0.136049 0.134736 0.129467 0.140300 0.169370 0.206352 0.240278 0.257153 0.221312 0.161369 0.116564 0.060352 0.009714 0.016976 0.038713 0.045741 0.014381 -0.090643 -0.199067 -0.263829 -0.273453 -0.267262 -0.248959 -0.199683 -0.099960 -0.017119 -0.000625 
0.000000 0.000000 -0.000456 -0.014433 0.015183 0.099773 0.153891 0.176784 0.188115 0.193902 0.191307 0.197406 0.223839 0.273813 0.341821 0.400001 0.400378 0.361554 0.332437 0.281099 0.188061 0.127591 0.095974 0.047731 -0.046126 -0.161936 -0.242164 -0.270326 -0.267868 -0.261322 -0.244008 -0.198379 -0.098910 -0.015047 -0.000492 
0.000000 0.000000 -0.000048 -0.001026 0.059022 0.154247 0.203600 0.224183 0.234446 0.241944 0.247040 0.258618 0.293500 0.365101 0.467698 0.560590 0.570951 0.517977 0.486857 0.440350 0.343011 0.252166 0.169447 0.041557 -0.107133 -0.216707 -0.261080 -0.262827 -0.258389 -0.250276 -0.231599 -0.184676 -0.083571 -0.004990 -0.000163 
0.000000 0.000000 0.000347 0.011417 0.091594 0.195178 0.245271 0.265829 0.275771 0.283977 0.298104 0.323291 0.371863 0.459499 0.565055 0.655253 0.676785 0.620097 0.581114 0.529202 0.417229 0.280238 0.153096 0.001592 -0.135513 -0.214818 -0.245556 -0.249311 -0.243911 -0.233639 -0.211169 -0.156906 -0.053506 0.008027 0.000224 
0.000000 0.000000 0.000561 0.015746 0.106704 0.221360 0.278704 0.301663 0.312578 0.324386 0.347336 0.383239 0.447293 0.535581 0.614276 0.691884 0.725555 0.667323 0.601355 0.518995 0.366380 0.201807 0.085265 -0.013937 -0.105466 -0.171822 -0.210770 -0.227126 -0.223078 -0.208983 -0.179791 -0.110977 -0.011945 0.016567 0.000505 
0.000000 0.000000 0.000555 0.011687 0.099860 0.226584 0.301526 0.331300 0.344916 0.363386 0.391091 0.436567 0.514442 0.593403 0.650572 0.705766 0.748354 0.698845 0.593111 0.474647 0.299084 0.152171 0.082181 0.021792 -0.050501 -0.121855 -0.168847 -0.193000 -0.192819 -0.173363 -0.132556 -0.045267 0.026748 0.015215 0.000599 
0.000000 0.000000 0.000385 0.004957 0.072083 0.201256 0.305152 0.350692 0.373354 0.397827 0.429364 0.483040 0.566860 0.639258 0.690463 0.731437 0.784254 0.768677 0.649922 0.483406 0.299144 0.181621 0.125280 0.069059 0.002736 -0.069406 -0.120602 -0.147362 -0.148534 -0.121078 -0.060332 0.024904 0.042852 0.006157 0.000514 
0.000000 0.000000 0.000165 0.001999 0.036094 0.143222 0.269640 0.348995 0.389572 0.421728 0.458361 0.518654 0.604161 0.672771 0.721263 0.753572 0.795467 0.815451 0.711577 0.511115 0.327550 0.234189 0.179458 0.122929 0.059197 -0.011310 -0.063391 -0.088737 -0.084741 -0.041348 0.029353 0.060303 0.032902 0.001814 0.000285 
0.000000 0.000000 0.000000 0.001029 0.009690 0.074523 0.190156 0.296326 0.370659 0.425859 0.471388 0.535954 0.622862 0.689716 0.734684 0.758023 0.763148 0.759219 0.685143 0.529912 0.394204 0.312689 0.250067 0.190380 0.126706 0.057584 0.008759 -0.008747 0.011165 0.053615 0.078591 0.053487 0.011082 0.001112 0.000000 
0.000000 0.000000 0.000000 0.000362 0.002282 0.022126 0.093003 0.196067 0.288149 0.363367 0.430794 0.507444 0.599052 0.664252 0.697892 0.699312 0.669176 0.618976 0.571801 0.511015 0.463600 0.409305 0.348779 0.285867 0.220364 0.153086 0.109645 0.091522 0.091981 0.093613 0.064412 0.022417 0.002161 0.000538 0.000000 
0.000000 0.000000 0.000000 0.000000 0.000900 0.003451 0.024812 0.083009 0.165319 0.246538 0.318730 0.394772 0.485898 0.552090 0.581727 0.574785 0.539492 0.481074 0.438674 0.456116 0.463826 0.444324 0.407237 0.355069 0.290011 0.218776 0.166313 0.128947 0.099567 0.062815 0.024069 0.003159 0.001091 0.000000 0.000000 
0.000000 0.000000 0.000000 0.000000 0.000161 0.001312 0.003766 0.015884 0.050533 0.107420 0.173165 0.241893 0.324394 0.398342 0.433073 0.432398 0.410692 0.387082 0.383766 0.382596 0.397986 0.400307 0.381114 0.337146 0.269779 0.198068 0.138272 0.084855 0.043416 0.015458 0.003314 0.001429 0.000274 0.000000 0.000000 
0.000000 0.000000 0.000000 0.000000 0.000000 0.000277 0.001437 0.003452 0.006959 0.020490 0.048222 0.093079 0.156963 0.237758 0.289872 0.318987 0.342344 0.356568 0.360221 0.353589 0.337154 0.313955 0.288156 0.241581 0.169672 0.104236 0.051715 0.019422 0.005809 0.002958 0.001460 0.000407 0.000000 0.000000 0.000000 
0.000000 0.000000 0.000000 0.000000 0.000000 0.000000 0.000313 0.001331 0.002941 0.005903 0.013495 0.032398 0.073461 0.141923 0.220726 0.275184 0.308747 0.326813 0.332030 0.325663 0.307396 0.275678 0.226018 0.156438 0.089565 0.040350 0.013896 0.004723 0.002504 0.001255 0.000392 0.000000 0.000000 0.000000 0.000000 
0.000000 0.000000 0.000000 0.000000 0.000000 0.000000 0.000000 0.000287 0.001097 0.002330 0.004619 0.011082 0.028786 0.069822 0.136126 0.205528 0.252140 0.277071 0.285479 0.277916 0.254876 0.212815 0.150071 0.086211 0.038702 0.012951 0.003755 0.001924 0.000934 0.000292 0.000000 0.000000 0.000000 0.000000 0.000000 
0.000000 0.000000 0.000000 0.000000 0.000000 0.000000 0.000000 0.000000 0.000181 0.000807 0.001685 0.002476 0.005188 0.016619 0.042307 0.089192 0.140853 0.177205 0.190688 0.180738 0.149030 0.101152 0.054919 0.023696 0.006704 0.001645 0.001321 0.000621 0.000136 0.000000 0.000000 0.000000 0.000000 0.000000 0.000000 
0.000000 0.000000 0.000000 0.000000 0.000000 0.000000 0.000000 0.000000 0.000000 0.000091 0.000454 0.000996 0.000858 -0.001088 -0.001042 0.006953 0.020578 0.037939 0.046594 0.041826 0.026950 0.011521 0.001947 -0.001414 0.000071 0.000759 0.000332 0.000072 0.000000 0.000000 0.000000 0.000000 0.000000 0.000000 0.000000 
0.000000 0.000000 0.000000 0.000000 0.000000 0.000000 0.000000 0.000000 0.000000 0.000000 0.000000 0.000115 0.000343 0.000550 -0.000581 -0.004919 -0.009832 -0.012762 -0.013719 -0.012575 -0.009825 -0.005450 -0.000808 0.000486 0.000287 0.000093 0.000000 0.000000 0.000000 0.000000 0.000000 0.000000 0.000000 0.000000 0.000000 
0.000000 0.000000 0.000000 0.000000 0.000000 0.000000 0.000000 0.000000 0.000000 0.000000 0.000000 0.000000 0.000000 0.000000 0.000022 0.000045 0.000037 0.000003 0.000001 0.000010 0.000041 0.000041 0.000019 0.000000 0.000000 0.000000 0.000000 0.000000 0.000000 0.000000 0.000000 0.000000 0.000000 0.000000 0.000000 
0.000000 0.000000 0.000000 0.000000 0.000000 0.000000 0.000000 0.000000 0.000000 0.000000 0.000000 0.000000 0.000000 0.000000 0.000000 0.000000 0.000000 0.000000 0.000000 0.000000 0.000000 0.000000 0.000000 0.000000 0.000000 0.000000 0.000000 0.000000 0.000000 0.000000 0.000000 0.000000 0.000000 0.000000 0.000000 
