0.000000 0.000000 0.000000 0.000000 0.000000 0.000000 0.000000 0.000000 0.000000 0.000000 0.000000 0.000000 0.000000 0.000000 0.000000 0.000000 0.000000 -0.000000 -0.000094 0.000000 0.000000 0.000000 0.000000 0.000000 0.000000 0.000000 0.000000 0.000000 0.000000 0.000000 0.000000 0.000000 0.000000 0.000000 0.000000 
0.000000 0.000000 0.000000 0.000000 0.000000 0.000000 0.000000 0.000000 0.000000 0.000000 0.000000 0.000000 0.000000 -0.000344 -0.000765 -0.001200 -0.001606 -0.001897 -0.001968 -0.001801 -0.001455 -0.001063 -0.000691 -0.000332 0.000000 0.000000 0.000000 0.000000 0.000000 0.000000 0.000000 0.000000 0.000000 0.000000 0.000000 
0.000000 0.000000 0.000000 0.000000 0.000000 0.000000 0.000000 0.000000 0.000000 0.000000 -0.000009 -0.000520 -0.001242 -0.002291 -0.006348 -0.015901 -0.024781 -0.029788 -0.030048 -0.026384 -0.021124 -0.014299 -0.005770 -0.001672 -0.000913 -0.000425 -0.000012 0.000000 0.000000 0.000000 0.000000 0.000000 0.000000 0.000000 0.000000 
0.000000 0.000000 0.000000 0.000000 0.000000 0.000000 0.000000 0.000000 0.000000 -0.000259 -0.001029 -0.002139 -0.007722 -0.019718 -0.028326 -0.025162 -0.008359 0.014961 0.030681 0.034331 0.025701 0.011402 -0.002934 -0.009721 -0.005800 -0.001294 -0.000688 -0.000200 0.000000 0.000000 0.000000 0.000000 0.000000 0.000000 0.000000 
0.000000 0.000000 0.000000 0.000000 0.000000 0.000000 0.000000 0.000000 -0.000444 -0.001498 -0.003121 -0.012011 -0.023972 -0.021407 0.004760 0.045818 0.081693 0.102475 0.112945 0.118936 0.117582 0.101953 0.069248 0.029262 0.000686 -0.006153 -0.001691 -0.000863 -0.000295 0.000000 0.000000 0.000000 0.000000 0.000000 0.000000 
0.000000 0.000000 0.000000 0.000000 0.000000 0.000000 0.000000 -0.000605 -0.001911 -0.003723 -0.012396 -0.022931 -0.013493 0.015777 0.056652 0.084177 0.095168 0.100797 0.104343 0.109263 0.114265 0.119350 0.115981 0.092515 0.049189 0.007662 -0.005025 -0.001864 -0.001036 -0.000368 0.000000 0.000000 0.000000 0.000000 0.000000 
0.000000 0.000000 0.000000 0.000000 0.000000 0.000000 -0.000703 -0.002291 -0.004383 -0.010368 -0.021707 -0.014386 0.010908 0.047891 0.070326 0.076566 0.079125 0.081425 0.084268 0.087895 0.092646 0.099192 0.107294 0.109068 0.089992 0.047304 0.004823 -0.004632 -0.002226 -0.001246 -0.000421 0.000000 0.000000 0.000000 0.000000 
0.000000 0.000000 0.000000 0.000000 0.000000 -0.000642 -0.002474 -0.005007 -0.009680 -0.031955 -0.049582 -0.047260 -0.023064 0.007062 0.031285 0.055130 0.061817 0.063316 0.066158 0.069999 0.074527 0.076207 0.071375 0.070985 0.068648 0.050103 0.014000 -0.009812 -0.004929 -0.002624 -0.001367 -0.000391 0.000000 0.000000 0.000000 
0.000000 0.000000 0.000000 0.000000 -0.000412 -0.002331 -0.005540 -0.024755 -0.070610 -0.123212 -0.144884 -0.136190 -0.110584 -0.098798 -0.082748 -0.052571 -0.005936 0.040942 0.052309 0.052063 0.032085 0.014849 0.007626 0.011262 0.019664 0.014003 -0.012991 -0.043171 -0.036555 -0.013772 -0.002998 -0.001331 -0.000266 0.000000 0.000000 
0.000000 0.000000 0.000000 -0.000033 -0.001724 -0.005505 -0.039215 -0.106267 -0.170175 -0.195490 -0.185031 -0.155831 -0.135091 -0.134624 -0.136605 -0.132402 -0.105211 -0.045274 0.014663 0.005791 -0.010860 -0.013802 -0.008358 0.002556 0.015147 0.018055 -0.007438 -0.051212 -0.075584 -0.053974 -0.021821 -0.003083 -0.001025 -0.000026 0.000000 
0.000000 0.000000 0.000000 -0.000820 -0.003758 -0.037619 -0.120528 -0.188429 -0.209383 -0.186548 -0.143128 -0.096015 -0.080242 -0.086076 -0.104960 -0.128820 -0.143837 -0.131313 -0.091778 -0.032338 -0.009994 0.008436 0.025199 0.041111 0.055329 0.063221 0.036864 -0.016260 -0.068269 -0.079218 -0.059048 -0.021273 -0.002145 -0.000516 0.000000 
0.000000 0.000000 0.000000 -0.001967 -0.019066 -0.107622 -0.191993 -0.206966 -0.176104 -0.130017 -0.092342 -0.055633 -0.048251 -0.053752 -0.068792 -0.090389 -0.120646 -0.165272 -0.164005 -0.064108 0.018553 0.040378 0.049682 0.059639 0.072515 0.087127 0.073108 0.032015 -0.026149 -0.061204 -0.076517 -0.053136 -0.011441 -0.001170 0.000000 
0.000000 0.000000 -0.000473 -0.003746 -0.065704 -0.173851 -0.212181 -0.178017 -0.148685 -0.116062 -0.078522 -0.041320 -0.033884 -0.038830 -0.052972 -0.073581 -0.108641 -0.158944 -0.165866 -0.092275 0.016211 0.050797 0.058033 0.067489 0.080398 0.096168 0.080942 0.040517 -0.002677 -0.024302 -0.058327 -0.071487 -0.035235 -0.002177 -0.000308 
0.000000 0.000000 -0.001041 -0.012512 -0.120461 -0.207114 -0.199935 -0.169577 -0.139061 -0.106157 -0.070322 -0.034500 -0.023391 -0.025981 -0.037896 -0.058088 -0.095693 -0.141639 -0.158264 -0.115128 0.001071 0.059401 0.067467 0.077122 0.090365 0.104979 0.084278 0.040474 0.000184 -0.011567 -0.029091 -0.065120 -0.056174 -0.007691 -0.000648 
0.000000 0.000000 -0.001601 -0.035319 -0.161750 -0.213375 -0.199025 -0.165181 -0.131670 -0.102062 -0.072176 -0.036856 -0.017507 -0.015792 -0.023411 -0.035821 -0.059196 -0.105917 -0.133075 -0.120715 -0.001836 0.071481 0.079490 0.089513 0.104424 0.111153 0.078596 0.032443 -0.000334 -0.008017 -0.017500 -0.044730 -0.065293 -0.020789 -0.000967 
0.000000 0.000000 -0.002074 -0.058710 -0.183680 -0.217072 -0.200840 -0.161818 -0.128124 -0.102806 -0.078514 -0.047719 -0.020138 -0.017664 -0.020476 -0.023689 -0.073419 -0.147844 -0.195092 -0.200459 -0.072240 0.049843 0.064441 0.089170 0.118079 0.108031 0.062802 0.017933 -0.000360 -0.006785 -0.015139 -0.030529 -0.064070 -0.032210 -0.001230 
0.000000 -0.000016 -0.002375 -0.072351 -0.192455 -0.222818 -0.201101 -0.160377 -0.128808 -0.106490 -0.086333 -0.070675 -0.057609 -0.045472 -0.040881 -0.049498 -0.115218 -0.191289 -0.239738 -0.259076 -0.145604 -0.005642 0.009729 0.042811 0.077727 0.074212 0.036090 0.004693 -0.002061 -0.006967 -0.014814 -0.026138 -0.060105 -0.038197 -0.001406 
0.000021 -0.000053 -0.002388 -0.072657 -0.190596 -0.225149 -0.202705 -0.162812 -0.131569 -0.111136 -0.106228 -0.120734 -0.101699 -0.059503 -0.054595 -0.046083 -0.094891 -0.161153 -0.203981 -0.221414 -0.105657 0.024119 0.010945 0.010805 -0.018195 -0.028406 -0.006681 -0.001627 -0.004815 -0.009101 -0.015992 -0.026275 -0.057395 -0.038409 -0.001428 
-0.000030 -0.000023 -0.002139 -0.060961 -0.178182 -0.220705 -0.205853 -0.167437 -0.136371 -0.121339 -0.154548 -0.153706 -0.106150 -0.071693 -0.060627 -0.040444 -0.071015 -0.126741 -0.159751 -0.166792 -0.036924 0.075427 0.030728 -0.023765 -0.090648 -0.123036 -0.080376 -0.013737 -0.008552 -0.012309 -0.018608 -0.028172 -0.056788 -0.033353 -0.001322 
0.000014 0.000000 -0.001727 -0.043421 -0.154315 -0.207882 -0.208494 -0.174870 -0.143510 -0.158840 -0.181756 -0.156860 -0.106358 -0.087349 -0.073460 -0.042401 -0.050879 -0.105594 -0.132926 -0.120588 0.014330 0.066969 -0.008438 -0.068066 -0.118946 -0.157423 -0.136606 -0.061272 -0.013158 -0.016496 -0.022184 -0.032577 -0.056148 -0.025725 -0.001119 
0.000000 0.000000 -0.001282 -0.024423 -0.118966 -0.186446 -0.204357 -0.182195 -0.157566 -0.194373 -0.193192 -0.141431 -0.101255 -0.101886 -0.103984 -0.096570 -0.091228 -0.131993 -0.157994 -0.117506 -0.009421 -0.010563 -0.054936 -0.083623 -0.111287 -0.154574 -0.167675 -0.110343 -0.023652 -0.021132 -0.026193 -0.041442 -0.051421 -0.016261 -0.000883 
0.000000 0.000000 -0.000836 -0.008720 -0.079553 -0.154052 -0.189650 -0.184704 -0.185579 -0.220948 -0.198702 -0.130986 -0.100833 -0.103035 -0.111610 -0.123378 -0.136530 -0.170854 -0.182862 -0.110775 -0.030478 -0.036892 -0.056330 -0.076475 -0.101903 -0.144043 -0.181273 -0.145174 -0.051541 -0.025654 -0.034272 -0.050265 -0.042000 -0.006368 -0.000614 
0.000000 0.000000 -0.000401 -0.002728 -0.041913 -0.114976 -0.163265 -0.176514 -0.204366 -0.239005 -0.205961 -0.129873 -0.105432 -0.107020 -0.115224 -0.129519 -0.142252 -0.151377 -0.121849 -0.060559 -0.025460 -0.040592 -0.053949 -0.072480 -0.097440 -0.137386 -0.188453 -0.166174 -0.075185 -0.033942 -0.047188 -0.052958 -0.027233 -0.002039 -0.000313 
0.000000 0.000000 0.000000 -0.001493 -0.012970 -0.069088 -0.126220 -0.157733 -0.205809 -0.245540 -0.213257 -0.136921 -0.113098 -0.113743 -0.120011 -0.128594 -0.127790 -0.118743 -0.088633 -0.039643 -0.028491 -0.042798 -0.055374 -0.073501 -0.098433 -0.138669 -0.193681 -0.176812 -0.093405 -0.050422 -0.056590 -0.041689 -0.009988 -0.001189 0.000000 
0.000000 0.000000 0.000000 -0.000676 -0.002707 -0.025672 -0.078869 -0.124190 -0.186086 -0.246347 -0.224922 -0.151736 -0.121725 -0.119095 -0.118985 -0.118237 -0.110026 -0.088462 -0.064578 -0.047147 -0.051664 -0.057341 -0.065830 -0.082994 -0.108716 -0.155724 -0.212063 -0.195185 -0.106350 -0.061422 -0.048429 -0.019152 -0.002275 -0.000572 0.000000 
0.000000 0.000000 0.000000 -0.000022 -0.001353 -0.004306 -0.028183 -0.072559 -0.137036 -0.221369 -0.227534 -0.171982 -0.132551 -0.127840 -0.119002 -0.106995 -0.085166 -0.055113 -0.033706 -0.051986 -0.071027 -0.085375 -0.098504 -0.119617 -0.145772 -0.199166 -0.237674 -0.198296 -0.096320 -0.048551 -0.021549 -0.003759 -0.001204 -0.000025 0.000000 
0.000000 0.000000 0.000000 0.000000 -0.000363 -0.001989 -0.004939 -0.019971 -0.062186 -0.154974 -0.196845 -0.166910 -0.116918 -0.110090 -0.096643 -0.076082 -0.049999 -0.030952 -0.033557 -0.043242 -0.067747 -0.093272 -0.117608 -0.144305 -0.172824 -0.227547 -0.233494 -0.156876 -0.051863 -0.016712 -0.004549 -0.001835 -0.000335 0.000000 0.000000 
0.000000 0.000000 0.000000 0.000000 0.000000 -0.000619 -0.002450 -0.005281 -0.011325 -0.066955 -0.130517 -0.129809 -0.086481 -0.064710 -0.054602 -0.041102 -0.039395 -0.042187 -0.047400 -0.055024 -0.065281 -0.081233 -0.109951 -0.140079 -0.180644 -0.212148 -0.175050 -0.076175 -0.011503 -0.005190 -0.002341 -0.000600 0.000000 0.000000 0.000000 
0.000000 0.000000 0.000000 0.000000 0.000000 0.000000 -0.000791 -0.002710 -0.005406 -0.023061 -0.079520 -0.108678 -0.086708 -0.052962 -0.052520 -0.056099 -0.058437 -0.061347 -0.066914 -0.075249 -0.087314 -0.102594 -0.121447 -0.147701 -0.182669 -0.173083 -0.102490 -0.025679 -0.005653 -0.002685 -0.000757 0.000000 0.000000 0.000000 0.000000 
0.000000 0.000000 0.000000 0.000000 0.000000 0.000000 0.000000 -0.000846 -0.002643 -0.005328 -0.033376 -0.083522 -0.104455 -0.087767 -0.069553 -0.072960 -0.081084 -0.087255 -0.093550 -0.103848 -0.116074 -0.130876 -0.152590 -0.176716 -0.168228 -0.110903 -0.038296 -0.005851 -0.002706 -0.000807 0.000000 0.000000 0.000000 0.000000 0.000000 
0.000000 0.000000 0.000000 0.000000 0.000000 0.000000 0.000000 0.000000 -0.000739 -0.002287 -0.004885 -0.031007 -0.073754 -0.099184 -0.099863 -0.093166 -0.095879 -0.106501 -0.117945 -0.129248 -0.142439 -0.158893 -0.166915 -0.146699 -0.095080 -0.035095 -0.005454 -0.002382 -0.000686 0.000000 0.000000 0.000000 0.000000 0.000000 0.000000 
0.000000 0.000000 0.000000 0.000000 0.000000 0.000000 0.000000 0.000000 0.000000 -0.000457 -0.001623 -0.003140 -0.016245 -0.048389 -0.077531 -0.096720 -0.109541 -0.121336 -0.131767 -0.140493 -0.141537 -0.128876 -0.098857 -0.056220 -0.017199 -0.003538 -0.001669 -0.000417 0.000000 0.000000 0.000000 0.000000 0.000000 0.000000 0.000000 
0.000000 0.000000 0.000000 0.000000 0.000000 0.000000 0.000000 0.000000 0.000000 0.000000 -0.000041 -0.000801 -0.001688 -0.002982 -0.010441 -0.027948 -0.044105 -0.055414 -0.061031 -0.057766 -0.046278 -0.028344 -0.010499 -0.003356 -0.001827 -0.000782 -0.000036 0.000000 0.000000 0.000000 0.000000 0.000000 0.000000 0.000000 0.000000 
0.000000 0.000000 0.000000 0.000000 0.000000 0.000000 0.000000 0.000000 0.000000 0.000000 0.000000 0.000000 0.000000 -0.000445 -0.000886 -0.001283 -0.001624 -0.001904 -0.002034 -0.001979 -0.001732 -0.001365 -0.000909 -0.000427 0.000000 0.000000 0.000000 0.000000 0.000000 0.000000 0.000000 0.000000 0.000000 0.000000 0.000000 
0.000000 0.000000 0.000000 0.000000 0.000000 0.000000 0.000000 0.000000 0.000000 0.000000 0.000000 0.000000 0.000000 0.000000 0.000000 0.000000 0.000000 -0.000000 -0.000023 0.000000 0.000000 0.000000 0.000000 0.000000 0.000000 0.000000 0.000000 0.000000 0.000000 0.000000 0.000000 0.000000 0.000000 0.000000 0.000000 
