-0.000000 -0.000000 -0.000000 -0.000000 -0.000000 -0.000000 -0.000000 -0.000000 -0.000000 -0.000000 -0.000000 -0.000000 -0.000000 -0.000000 -0.000000 -0.000000 -0.000000 -0.000000 -0.000000 -0.000000 -0.000000 -0.000000 -0.000000 -0.000000 -0.000000 -0.000000 -0.000000 -0.000000 -0.000000 -0.000000 -0.000000 -0.000000 -0.000000 -0.000000 -0.000000 
-0.000000 -0.000000 -0.000000 -0.000000 -0.000000 -0.000000 -0.000000 -0.000000 -0.000000 -0.000000 -0.000000 -0.000000 0.000306 0.000695 0.001190 0.001721 0.002092 0.002112 0.001693 0.001005 0.000334 -0.000049 -0.000135 -0.000000 -0.000000 -0.000000 -0.000000 -0.000000 -0.000000 -0.000000 -0.000000 -0.000000 -0.000000 -0.000000 -0.000000 
-0.000000 -0.000000 -0.000000 -0.000000 -0.000000 -0.000000 -0.000000 -0.000000 -0.000000 -0.000000 0.000043 0.000081 0.000349 0.000836 0.001684 0.003443 0.005880 0.007976 0.007466 0.004167 -0.000825 -0.001999 -0.001418 -0.001217 -0.000678 -0.000000 -0.000000 -0.000000 -0.000000 -0.000000 -0.000000 -0.000000 -0.000000 -0.000000 -0.000000 
-0.000000 -0.000000 -0.000000 -0.000000 -0.000000 -0.000000 -0.000000 -0.000000 -0.000162 -0.000731 -0.001518 -0.007179 -0.033951 -0.080869 -0.136394 -0.194671 -0.243608 -0.265353 -0.248232 -0.194676 -0.129221 -0.076833 -0.038555 -0.011954 -0.003260 -0.001848 -0.000534 -0.000000 -0.000000 -0.000000 -0.000000 -0.000000 -0.000000 -0.000000 -0.000000 
-0.000000 -0.000000 -0.000000 -0.000000 -0.000000 -0.000000 -0.000000 -0.000573 -0.001752 -0.003860 -0.026423 -0.093720 -0.191281 -0.300185 -0.384331 -0.434719 -0.457481 -0.472822 -0.488386 -0.487423 -0.432871 -0.317657 -0.192211 -0.098699 -0.033933 -0.005943 -0.003025 -0.000932 -0.000000 -0.000000 -0.000000 -0.000000 -0.000000 -0.000000 -0.000000 
-0.000000 -0.000000 -0.000000 -0.000000 -0.000000 -0.000000 -0.000739 -0.002549 -0.005385 -0.032749 -0.126325 -0.263091 -0.341106 -0.370477 -0.387253 -0.392794 -0.400767 -0.413539 -0.431744 -0.456529 -0.485501 -0.482631 -0.399578 -0.278440 -0.138553 -0.043294 -0.007828 -0.003922 -0.001217 -0.000000 -0.000000 -0.000000 -0.000000 -0.000000 -0.000000 
-0.000000 -0.000000 -0.000000 -0.000000 -0.000000 -0.000738 -0.002846 -0.006086 -0.023843 -0.122712 -0.273860 -0.334172 -0.332526 -0.340352 -0.340743 -0.344262 -0.350182 -0.361769 -0.378227 -0.402460 -0.433909 -0.472671 -0.485831 -0.415707 -0.302345 -0.141135 -0.033082 -0.009150 -0.004564 -0.001283 -0.000000 -0.000000 -0.000000 -0.000000 -0.000000 
-0.000000 -0.000000 -0.000000 -0.000000 -0.000560 -0.002655 -0.006093 -0.012630 -0.081695 -0.250893 -0.338967 -0.323419 -0.314928 -0.312142 -0.307376 -0.308144 -0.314033 -0.323839 -0.339443 -0.361872 -0.397160 -0.466252 -0.543551 -0.556354 -0.481559 -0.330145 -0.121404 -0.021243 -0.010342 -0.004828 -0.001084 -0.000000 -0.000000 -0.000000 -0.000000 
-0.000000 -0.000000 -0.000000 -0.000305 -0.002136 -0.005560 -0.017063 -0.039327 -0.160563 -0.282552 -0.280104 -0.227824 -0.232378 -0.249651 -0.274279 -0.290018 -0.288770 -0.295182 -0.316300 -0.401459 -0.519300 -0.631736 -0.727190 -0.797403 -0.759451 -0.638093 -0.397010 -0.162165 -0.052689 -0.011723 -0.004772 -0.000829 -0.000000 -0.000000 -0.000000 
-0.000000 -0.000000 -0.000000 -0.001408 -0.004581 -0.019707 -0.018996 -0.011646 -0.122777 -0.167068 -0.110165 -0.059290 -0.065920 -0.089086 -0.141144 -0.208714 -0.265938 -0.298162 -0.425661 -0.589599 -0.734429 -0.849827 -0.938119 -1.008636 -1.021519 -0.934799 -0.732635 -0.437464 -0.251407 -0.093238 -0.012072 -0.003884 -0.000000 -0.000000 -0.000000 
-0.000000 -0.000000 -0.000697 -0.002944 -0.018705 -0.009242 0.060783 0.084990 -0.049619 -0.097936 -0.038071 -0.004121 -0.002430 -0.002533 -0.018251 -0.070532 -0.176219 -0.408433 -0.641133 -0.807064 -0.916701 -0.989786 -1.046084 -1.102532 -1.143548 -1.089866 -0.942749 -0.683200 -0.503316 -0.314840 -0.097591 -0.009217 -0.002177 -0.000000 -0.000000 
-0.000000 -0.000000 -0.001616 -0.011791 -0.012954 0.062688 0.149557 0.095545 -0.113341 -0.190465 -0.135824 -0.106740 -0.104495 -0.093617 -0.070322 -0.045393 -0.172325 -0.528853 -0.828884 -0.948323 -0.990162 -1.014009 -1.042680 -1.088991 -1.138209 -1.096012 -0.979420 -0.778813 -0.667289 -0.553539 -0.310715 -0.053672 -0.005601 -0.000000 -0.000000 
-0.000000 -0.000417 -0.002826 -0.021134 0.033272 0.115317 0.113501 0.010388 -0.202410 -0.281260 -0.223285 -0.186645 -0.185725 -0.178584 -0.163819 -0.173228 -0.389782 -0.675229 -0.892354 -0.980433 -0.976978 -0.986168 -1.011781 -1.057312 -1.108619 -1.064964 -0.944205 -0.745401 -0.685077 -0.680994 -0.539707 -0.211459 -0.011544 -0.001581 -0.000000 
-0.000000 -0.000921 -0.008135 -0.010171 0.056551 0.070390 0.036730 -0.039595 -0.254362 -0.351034 -0.309252 -0.250882 -0.249412 -0.244808 -0.232502 -0.322237 -0.669221 -0.860746 -0.885230 -0.939126 -0.957590 -0.962094 -0.987356 -1.034652 -1.078462 -1.019823 -0.885754 -0.684574 -0.648015 -0.673881 -0.673618 -0.417877 -0.043981 -0.003756 -0.000000 
-0.000000 -0.001445 -0.017507 -0.002674 0.024112 0.004441 -0.024319 -0.059284 -0.261444 -0.399361 -0.386470 -0.309385 -0.294031 -0.268361 -0.223282 -0.391012 -0.813161 -0.900319 -0.871299 -0.912760 -0.959486 -0.955514 -0.976663 -1.025578 -1.039984 -0.955259 -0.796278 -0.613653 -0.618544 -0.637838 -0.681480 -0.583194 -0.142426 -0.006171 -0.000000 
-0.000000 -0.002057 -0.026173 -0.031155 -0.030138 -0.048286 -0.070272 -0.089027 -0.215781 -0.393966 -0.453186 -0.362900 -0.244120 -0.162012 -0.113415 -0.414986 -0.833143 -0.841982 -0.839754 -0.857972 -0.933445 -0.997686 -1.024404 -1.037795 -0.986487 -0.857970 -0.676101 -0.572601 -0.590761 -0.614172 -0.642041 -0.663363 -0.256511 -0.008567 -0.000000 
-0.000000 -0.002753 -0.039838 -0.072388 -0.082687 -0.091745 -0.106824 -0.119377 -0.151691 -0.333331 -0.428313 -0.321481 -0.154567 -0.109966 -0.093937 -0.472255 -0.804594 -0.766490 -0.726681 -0.687491 -0.752948 -0.898061 -1.067140 -1.089843 -0.920235 -0.729714 -0.555621 -0.544761 -0.565433 -0.590663 -0.614433 -0.670574 -0.328575 -0.010203 -0.000000 
-0.000000 -0.003395 -0.057756 -0.119129 -0.130559 -0.130711 -0.137221 -0.144050 -0.150349 -0.179146 -0.217811 -0.246506 -0.239956 -0.188189 -0.119586 -0.503566 -0.831500 -0.810582 -0.780410 -0.726417 -0.662309 -0.701516 -0.886304 -0.974219 -0.844948 -0.597960 -0.513797 -0.523256 -0.544079 -0.571192 -0.595461 -0.653213 -0.340688 -0.010349 -0.000000 
-0.000000 -0.003853 -0.073991 -0.157972 -0.176459 -0.165341 -0.165725 -0.166800 -0.156345 -0.022345 0.015095 -0.123940 -0.264308 -0.282176 -0.197937 -0.523492 -0.895408 -0.884430 -0.872359 -0.815393 -0.708960 -0.628120 -0.576025 -0.625492 -0.658937 -0.591990 -0.505165 -0.507201 -0.528038 -0.554684 -0.578355 -0.618915 -0.288811 -0.009081 -0.000000 
-0.000000 -0.003768 -0.075916 -0.188882 -0.222985 -0.203361 -0.195916 -0.188789 -0.106993 0.034338 0.090915 0.040947 -0.064532 -0.187130 -0.226453 -0.515736 -0.978509 -0.989490 -0.978629 -0.853831 -0.629262 -0.419010 -0.272880 -0.285030 -0.492722 -0.599906 -0.543755 -0.496369 -0.516294 -0.541191 -0.562443 -0.553252 -0.196033 -0.006788 -0.000000 
-0.000000 -0.003159 -0.054478 -0.189437 -0.259777 -0.249700 -0.230669 -0.212181 -0.062337 0.053253 0.076931 0.071207 0.074782 0.038495 0.009676 -0.188818 -0.690533 -0.846873 -0.797544 -0.591690 -0.315819 -0.182362 -0.128448 -0.150032 -0.370704 -0.568080 -0.578064 -0.494283 -0.506105 -0.527086 -0.540147 -0.421290 -0.093119 -0.004350 -0.000000 
-0.000000 -0.002179 -0.022480 -0.173787 -0.276933 -0.296363 -0.274206 -0.221350 -0.054973 0.040101 0.049761 0.051042 0.055883 0.051318 0.060629 0.052134 -0.273628 -0.568910 -0.562888 -0.376454 -0.196110 -0.139408 -0.113937 -0.114614 -0.279142 -0.525183 -0.590589 -0.509684 -0.496171 -0.514051 -0.457309 -0.258827 -0.025135 -0.002325 -0.000000 
-0.000000 -0.001036 -0.007249 -0.109720 -0.251817 -0.320704 -0.323337 -0.248312 -0.076292 0.009728 0.014436 0.018976 0.019468 0.009781 -0.002753 0.024383 -0.114498 -0.390964 -0.469971 -0.290435 -0.167004 -0.127775 -0.104102 -0.099892 -0.224666 -0.488423 -0.586023 -0.517982 -0.483582 -0.434399 -0.305596 -0.107443 -0.006161 -0.000857 -0.000000 
-0.000000 -0.000000 -0.003858 -0.033383 -0.178413 -0.306243 -0.341266 -0.281862 -0.123827 -0.039345 -0.034074 -0.029868 -0.032423 -0.045666 -0.062217 -0.051067 -0.028837 -0.135854 -0.175853 -0.135871 -0.128661 -0.109335 -0.089524 -0.085602 -0.198471 -0.464659 -0.571280 -0.489508 -0.381968 -0.271765 -0.140500 -0.022011 -0.002566 -0.000000 -0.000000 
-0.000000 -0.000000 -0.001566 -0.006572 -0.067070 -0.204123 -0.318616 -0.299750 -0.142991 -0.066634 -0.069531 -0.072839 -0.074908 -0.082977 -0.088078 -0.078093 -0.000220 0.119573 0.169376 0.099928 0.026532 -0.009092 -0.021155 -0.028436 -0.154717 -0.406008 -0.473654 -0.337854 -0.204517 -0.119499 -0.033724 -0.003402 -0.000824 -0.000000 -0.000000 
-0.000000 -0.000000 -0.000000 -0.002727 -0.008475 -0.068052 -0.185035 -0.253178 -0.143133 -0.067623 -0.070506 -0.079608 -0.078669 -0.077280 -0.059092 -0.004466 0.108674 0.284598 0.348110 0.303633 0.240409 0.187646 0.156881 0.137043 -0.034973 -0.261024 -0.289206 -0.148280 -0.072189 -0.026726 -0.003515 -0.001133 -0.000000 -0.000000 -0.000000 
-0.000000 -0.000000 -0.000000 -0.000519 -0.003040 -0.007242 -0.036964 -0.094607 -0.035830 0.031988 0.025556 0.002458 0.010887 0.037962 0.096642 0.191060 0.290348 0.320254 0.345257 0.377574 0.378900 0.361963 0.342972 0.311210 0.065327 -0.130960 -0.138654 -0.044396 -0.011843 -0.002784 -0.001071 -0.000163 -0.000000 -0.000000 -0.000000 
-0.000000 -0.000000 -0.000000 -0.000000 -0.000576 -0.002308 -0.003888 -0.004017 0.066760 0.210355 0.258209 0.235833 0.236321 0.269908 0.310607 0.322474 0.329132 0.338829 0.350926 0.364688 0.380747 0.398392 0.400917 0.286825 0.019229 -0.115361 -0.067712 -0.006139 -0.002372 -0.000900 -0.000115 -0.000000 -0.000000 -0.000000 -0.000000 
-0.000000 -0.000000 -0.000000 -0.000000 -0.000000 -0.000369 -0.000881 -0.000079 0.028159 0.176999 0.332541 0.365196 0.343647 0.343569 0.346344 0.349449 0.355004 0.362855 0.373663 0.386445 0.400109 0.411459 0.376376 0.136172 -0.065495 -0.091720 -0.022655 -0.002481 -0.001004 -0.000194 -0.000000 -0.000000 -0.000000 -0.000000 -0.000000 
-0.000000 -0.000000 -0.000000 -0.000000 -0.000000 -0.000000 -0.000079 0.000683 0.003884 0.064667 0.226008 0.370646 0.397810 0.376955 0.376225 0.380123 0.385724 0.393790 0.405075 0.418782 0.433610 0.403052 0.198797 -0.018478 -0.086533 -0.039022 -0.003069 -0.001269 -0.000329 -0.000000 -0.000000 -0.000000 -0.000000 -0.000000 -0.000000 
-0.000000 -0.000000 -0.000000 -0.000000 -0.000000 -0.000000 -0.000000 0.000248 0.001714 0.006214 0.072289 0.223330 0.358765 0.425072 0.428346 0.427324 0.433013 0.443294 0.455000 0.449812 0.374370 0.183894 -0.003149 -0.072044 -0.037862 -0.003298 -0.001415 -0.000428 -0.000000 -0.000000 -0.000000 -0.000000 -0.000000 -0.000000 -0.000000 
-0.000000 -0.000000 -0.000000 -0.000000 -0.000000 -0.000000 -0.000000 -0.000000 0.000262 0.001868 0.005348 0.039531 0.150377 0.272289 0.350735 0.381884 0.390021 0.384028 0.342605 0.241414 0.090014 -0.021769 -0.049110 -0.018300 -0.002185 -0.001214 -0.000338 -0.000000 -0.000000 -0.000000 -0.000000 -0.000000 -0.000000 -0.000000 -0.000000 
-0.000000 -0.000000 -0.000000 -0.000000 -0.000000 -0.000000 -0.000000 -0.000000 -0.000000 -0.000000 0.001236 0.003407 0.007360 0.029442 0.087446 0.133071 0.141643 0.114549 0.060179 0.006273 -0.018155 -0.008674 -0.001449 -0.001088 -0.000651 -0.000000 -0.000000 -0.000000 -0.000000 -0.000000 -0.000000 -0.000000 -0.000000 -0.000000 -0.000000 
-0.000000 -0.000000 -0.000000 -0.000000 -0.000000 -0.000000 -0.000000 -0.000000 -0.000000 -0.000000 -0.000000 -0.000000 0.000957 0.002216 0.003501 0.004420 0.004583 0.003834 0.002477 0.001080 0.000090 -0.000342 -0.000308 -0.000000 -0.000000 -0.000000 -0.000000 -0.000000 -0.000000 -0.000000 -0.000000 -0.000000 -0.000000 -0.000000 -0.000000 
-0.000000 -0.000000 -0.000000 -0.000000 -0.000000 -0.000000 -0.000000 -0.000000 -0.000000 -0.000000 -0.000000 -0.000000 -0.000000 -0.000000 -0.000000 -0.000000 -0.000000 -0.000000 -0.000000 -0.000000 -0.000000 -0.000000 -0.000000 -0.000000 -0.000000 -0.000000 -0.000000 -0.000000 -0.000000 -0.000000 -0.000000 -0.000000 -0.000000 -0.000000 -0.000000 
