0.000000 0.000000 0.000000 0.000000 0.000000 0.000000 0.000000 0.000000 0.000000 0.000000 0.000000 0.000000 0.000000 0.000000 0.000000 0.000000 0.000000 0.000000 0.000000 0.000000 0.000000 0.000000 0.000000 0.000000 0.000000 0.000000 0.000000 0.000000 0.000000 0.000000 0.000000 0.000000 0.000000 0.000000 0.000000 
0.000000 0.000000 0.000000 0.000000 0.000000 0.000000 0.000000 0.000000 0.000000 0.000000 0.000000 0.000000 0.000000 0.000000 0.000000 0.000000 0.000000 0.000000 0.000000 0.000000 0.000000 0.000000 0.000000 0.000000 0.000000 0.000000 0.000000 0.000000 0.000000 0.000000 0.000000 0.000000 0.000000 0.000000 0.000000 
0.000000 0.000000 0.000000 0.000000 0.000000 0.000000 0.000000 0.000000 0.000000 0.000000 0.000000 0.000000 -0.000833 -0.001598 -0.002040 -0.002112 -0.001820 -0.001261 -0.000727 -0.000407 -0.000283 -0.000249 -0.000158 0.000000 0.000000 0.000000 0.000000 0.000000 0.000000 0.000000 0.000000 0.000000 0.000000 0.000000 0.000000 
0.000000 0.000000 0.000000 0.000000 0.000000 0.000000 0.000000 0.000000 0.000000 0.000000 -0.001597 -0.003375 -0.005532 -0.016050 -0.034386 -0.034340 -0.018732 0.001003 0.016837 0.018834 0.009105 0.001058 -0.000335 -0.000485 -0.000377 0.000000 0.000000 0.000000 0.000000 0.000000 0.000000 0.000000 0.000000 0.000000 0.000000 
0.000000 0.000000 0.000000 0.000000 0.000000 0.000000 0.000000 0.000000 -0.000817 -0.003150 -0.006152 -0.027071 -0.069004 -0.076825 -0.041646 0.011458 0.058688 0.091081 0.110570 0.118767 0.110471 0.072432 0.025496 0.001537 -0.000568 -0.000595 -0.000248 0.000000 0.000000 0.000000 0.000000 0.000000 0.000000 0.000000 0.000000 
0.000000 0.000000 0.000000 0.000000 0.000000 0.000000 0.000000 -0.001124 -0.003825 -0.008130 -0.049762 -0.099239 -0.087632 -0.021433 0.057686 0.115905 0.154845 0.182715 0.202257 0.213790 0.215427 0.199651 0.139002 0.057733 0.006894 -0.000805 -0.000810 -0.000362 0.000000 0.000000 0.000000 0.000000 0.000000 0.000000 0.000000 
0.000000 0.000000 0.000000 0.000000 0.000000 0.000000 -0.000998 -0.003526 -0.007693 -0.050928 -0.113788 -0.103569 -0.012059 0.072174 0.119363 0.153015 0.180476 0.205520 0.228500 0.248972 0.262715 0.267109 0.254570 0.174615 0.066336 0.006340 -0.001284 -0.001080 -0.000492 0.000000 0.000000 0.000000 0.000000 0.000000 0.000000 
0.000000 0.000000 0.000000 0.000000 0.000000 -0.000660 -0.002615 -0.005928 -0.031836 -0.112478 -0.125744 -0.034920 0.052957 0.095216 0.124844 0.150538 0.174296 0.198705 0.222733 0.247668 0.270731 0.289277 0.296630 0.274672 0.169259 0.049107 0.000407 -0.001716 -0.001302 -0.000544 0.000000 0.000000 0.000000 0.000000 0.000000 
0.000000 0.000000 0.000000 0.000000 -0.000281 -0.001502 -0.003931 -0.008759 -0.070177 -0.122697 -0.050525 0.052413 0.096865 0.111920 0.120843 0.139892 0.162792 0.186300 0.211249 0.237027 0.259818 0.270388 0.284223 0.293087 0.237108 0.108597 0.012255 -0.002513 -0.001764 -0.001235 -0.000504 0.000000 0.000000 0.000000 0.000000 
0.000000 0.000000 0.000000 -0.000155 -0.000691 -0.001682 0.008415 0.021323 -0.039558 -0.030459 0.068087 0.141482 0.169240 0.186145 0.189779 0.173134 0.156284 0.173132 0.189212 0.183940 0.201198 0.237227 0.277468 0.305161 0.287868 0.167564 0.030995 -0.013837 -0.007312 -0.001387 -0.000920 -0.000307 0.000000 0.000000 0.000000 
0.000000 0.000000 0.000000 -0.000270 -0.000063 0.026954 0.085230 0.084925 -0.017585 -0.007098 0.071563 0.111764 0.143542 0.181465 0.223204 0.245395 0.227771 0.158795 0.131506 0.174783 0.247011 0.322589 0.386583 0.426408 0.431257 0.319463 0.137896 0.016537 -0.003941 -0.006836 -0.000679 -0.000571 0.000000 0.000000 0.000000 
0.000000 0.000000 -0.000091 0.000151 0.031376 0.113233 0.158677 0.065367 -0.093836 -0.113784 -0.065707 -0.044015 -0.010704 0.050897 0.139182 0.233497 0.264369 0.203949 0.183759 0.272158 0.378168 0.467700 0.534330 0.575547 0.591026 0.492576 0.302156 0.138391 0.061542 0.019180 -0.003000 0.000048 -0.000273 0.000000 0.000000 
0.000000 0.000000 0.000039 0.016033 0.113967 0.180127 0.128259 -0.051505 -0.229939 -0.212332 -0.138059 -0.108886 -0.081285 -0.044122 0.013168 0.097169 0.178210 0.301621 0.372382 0.418323 0.506860 0.575414 0.626296 0.661824 0.680697 0.592653 0.419076 0.265662 0.182841 0.099186 0.029670 0.000169 0.000182 0.000000 0.000000 
0.000000 -0.000000 0.000851 0.074925 0.189683 0.159463 0.032492 -0.098757 -0.219728 -0.195734 -0.118416 -0.085150 -0.059663 -0.028559 0.007502 0.015804 0.109617 0.380281 0.567759 0.558953 0.572190 0.624150 0.670197 0.704377 0.722249 0.629152 0.457920 0.322708 0.273360 0.202957 0.109735 0.018947 0.001485 0.000000 0.000000 
0.000000 0.000134 0.010837 0.144590 0.209608 0.104310 0.034610 -0.044810 -0.182711 -0.174026 -0.090818 -0.046446 -0.021653 0.006366 0.024597 0.012979 0.163559 0.450775 0.669842 0.661306 0.616160 0.656379 0.699926 0.732307 0.740526 0.631234 0.463956 0.347865 0.310498 0.265682 0.190172 0.075444 0.004200 0.000421 0.000000 
0.000000 0.000360 0.044394 0.206461 0.199189 0.116279 0.074132 0.028599 -0.114046 -0.142291 -0.068316 -0.004137 0.019420 0.013618 -0.043814 -0.088321 0.137138 0.404839 0.633690 0.699952 0.655561 0.677685 0.719139 0.749932 0.731828 0.598375 0.440632 0.360221 0.332477 0.292086 0.236259 0.144326 0.017993 0.001180 0.000000 
0.000000 0.000589 0.074670 0.220905 0.205951 0.163724 0.122965 0.089797 -0.018926 -0.105155 -0.064011 -0.018654 -0.075861 -0.160969 -0.239386 -0.174292 0.163271 0.441134 0.647645 0.746756 0.688433 0.726920 0.751928 0.756744 0.688996 0.537775 0.408667 0.364945 0.341853 0.305500 0.249557 0.194507 0.046449 0.002083 0.000000 
0.000000 0.000726 0.091057 0.242197 0.246137 0.216694 0.177900 0.145818 0.100826 -0.024415 -0.116766 -0.205464 -0.258658 -0.220112 -0.181962 -0.026877 0.309401 0.529284 0.696042 0.772144 0.706953 0.770186 0.839303 0.782562 0.610247 0.461401 0.386398 0.362839 0.340715 0.306328 0.250158 0.210889 0.068969 0.002798 0.000000 
0.000000 0.000743 0.089820 0.259269 0.296006 0.271824 0.237347 0.205719 0.174240 0.053612 -0.229626 -0.374067 -0.285675 -0.103136 -0.084305 0.024168 0.342768 0.545424 0.692364 0.712193 0.591738 0.673946 0.786519 0.761989 0.577123 0.414936 0.374634 0.352725 0.330543 0.297781 0.240120 0.204493 0.073702 0.002970 0.000000 
0.000000 0.000513 0.066552 0.262924 0.345125 0.333380 0.299408 0.268981 0.217770 0.006905 -0.212516 -0.303627 -0.208721 -0.097332 -0.082183 0.021257 0.336492 0.545063 0.671952 0.613890 0.468574 0.503034 0.554781 0.597728 0.574437 0.461487 0.360016 0.334255 0.311694 0.275574 0.216357 0.180136 0.059493 0.002586 0.000000 
0.000000 0.000285 0.038253 0.230056 0.377439 0.391157 0.364042 0.334439 0.192540 -0.033640 -0.140562 -0.093228 -0.058398 -0.057378 -0.081958 -0.041875 0.244260 0.474403 0.586986 0.439474 0.269784 0.287103 0.326745 0.437959 0.553661 0.507274 0.374657 0.308117 0.282835 0.242823 0.181386 0.139399 0.033459 0.001793 0.000000 
0.000000 0.000125 0.015313 0.161100 0.366024 0.439683 0.426702 0.391377 0.171954 -0.018093 -0.042801 0.049516 0.075576 0.075395 0.036266 -0.021593 0.152541 0.370474 0.401172 0.192388 0.090556 0.146772 0.220088 0.329971 0.486516 0.512277 0.394048 0.276677 0.243075 0.196885 0.137634 0.082762 0.009877 0.000946 0.000000 
0.000000 0.000022 0.002549 0.083881 0.275388 0.451978 0.481407 0.422510 0.183879 0.035492 0.059775 0.138885 0.152457 0.163002 0.156321 0.082135 0.120588 0.264990 0.193490 0.017616 0.019344 0.083338 0.154872 0.249422 0.405133 0.488591 0.393021 0.247045 0.187597 0.137451 0.078930 0.029043 0.001953 0.000308 0.000000 
0.000000 -0.000000 0.000338 0.029536 0.158487 0.349013 0.492251 0.450122 0.223315 0.102621 0.152157 0.211730 0.223144 0.231908 0.235270 0.179245 0.091634 0.029705 -0.070721 -0.106350 -0.043869 0.016668 0.087863 0.177423 0.325404 0.438324 0.357539 0.201475 0.120324 0.058281 0.019195 -0.002779 0.000902 0.000000 0.000000 
0.000000 0.000000 0.000038 0.004295 0.064966 0.196227 0.359693 0.412904 0.253570 0.157665 0.215715 0.269294 0.279403 0.283228 0.269519 0.195352 -0.013315 -0.231405 -0.309988 -0.236494 -0.138753 -0.064245 0.011013 0.101120 0.248691 0.370533 0.292810 0.122868 0.021401 -0.017150 -0.016502 -0.003658 0.000064 0.000000 0.000000 
0.000000 0.000000 -0.000028 0.000056 0.012993 0.078610 0.189135 0.251041 0.134214 0.091196 0.179631 0.245356 0.246699 0.216026 0.142478 0.024808 -0.148853 -0.348745 -0.414660 -0.358602 -0.276782 -0.190531 -0.100410 -0.002245 0.157885 0.267486 0.175822 0.008483 -0.055843 -0.036689 -0.012605 -0.000180 -0.000189 0.000000 0.000000 
0.000000 0.000000 0.000000 -0.000091 0.000059 0.014993 0.064758 0.104902 -0.014239 -0.087988 -0.028724 0.046045 0.042228 0.006888 -0.067660 -0.161024 -0.248895 -0.324408 -0.382182 -0.392765 -0.361746 -0.299945 -0.217850 -0.114308 0.071722 0.160361 0.071767 -0.050982 -0.048802 -0.016518 -0.000828 -0.000366 0.000000 0.000000 0.000000 
0.000000 0.000000 0.000000 -0.000026 -0.000223 -0.000567 0.005405 0.018431 -0.087979 -0.229000 -0.232053 -0.154211 -0.154074 -0.179703 -0.225169 -0.273263 -0.297079 -0.291886 -0.290997 -0.319367 -0.327506 -0.298164 -0.231219 -0.115992 0.088797 0.138739 0.054339 -0.021150 -0.009671 -0.000785 -0.000512 -0.000166 0.000000 0.000000 0.000000 
0.000000 0.000000 0.000000 0.000000 -0.000082 -0.000527 -0.001783 -0.005392 -0.071696 -0.254166 -0.352220 -0.310179 -0.282589 -0.290974 -0.300718 -0.299126 -0.294733 -0.286142 -0.271644 -0.248815 -0.216445 -0.181011 -0.109434 0.063218 0.213537 0.186488 0.064590 0.002725 0.000254 -0.000343 -0.000225 0.000000 0.000000 0.000000 0.000000 
0.000000 0.000000 0.000000 0.000000 0.000000 -0.000179 -0.000932 -0.002968 -0.021863 -0.139749 -0.311376 -0.360444 -0.311792 -0.304553 -0.300430 -0.295694 -0.288058 -0.276244 -0.257059 -0.226966 -0.180955 -0.109516 0.026506 0.217910 0.251676 0.138713 0.024152 0.001942 0.000260 -0.000091 0.000000 0.000000 0.000000 0.000000 0.000000 
0.000000 0.000000 0.000000 0.000000 0.000000 0.000000 -0.000231 -0.001246 -0.003822 -0.037780 -0.151931 -0.289859 -0.325202 -0.293879 -0.289134 -0.282944 -0.272546 -0.255712 -0.228832 -0.186763 -0.119620 0.009537 0.197308 0.263275 0.174933 0.050307 0.004182 0.001163 0.000123 0.000000 0.000000 0.000000 0.000000 0.000000 0.000000 
0.000000 0.000000 0.000000 0.000000 0.000000 0.000000 0.000000 -0.000274 -0.001165 -0.003595 -0.033918 -0.117213 -0.203004 -0.246608 -0.243762 -0.239351 -0.226216 -0.200431 -0.155941 -0.073761 0.065226 0.216226 0.255612 0.171210 0.055064 0.005629 0.001831 0.000326 0.000000 0.000000 0.000000 0.000000 0.000000 0.000000 0.000000 
0.000000 0.000000 0.000000 0.000000 0.000000 0.000000 0.000000 0.000000 -0.000100 -0.000705 -0.002042 -0.012069 -0.049549 -0.087481 -0.091493 -0.062068 -0.026810 0.018924 0.086943 0.172046 0.229093 0.204914 0.116141 0.030453 0.004770 0.001801 0.000290 0.000000 0.000000 0.000000 0.000000 0.000000 0.000000 0.000000 0.000000 
0.000000 0.000000 0.000000 0.000000 0.000000 0.000000 0.000000 0.000000 0.000000 0.000000 -0.000123 -0.000475 -0.000890 -0.002681 -0.002143 0.015454 0.051860 0.094527 0.119527 0.112154 0.071299 0.023456 0.006086 0.002865 0.001037 0.000000 0.000000 0.000000 0.000000 0.000000 0.000000 0.000000 0.000000 0.000000 0.000000 
0.000000 0.000000 0.000000 0.000000 0.000000 0.000000 0.000000 0.000000 0.000000 0.000000 0.000000 0.000000 0.000122 0.000348 0.000806 0.001640 0.002763 0.003832 0.004310 0.003983 0.003064 0.001906 0.000799 0.000000 0.000000 0.000000 0.000000 0.000000 0.000000 0.000000 0.000000 0.000000 0.000000 0.000000 0.000000 
