-0.000000 -0.000000 -0.000000 -0.000000 -0.000000 -0.000000 -0.000000 -0.000000 -0.000000 -0.000000 -0.000000 -0.000000 -0.000000 -0.000000 -0.000000 -0.000000 -0.000000 -0.000000 -0.000000 -0.000000 -0.000000 -0.000000 -0.000000 -0.000000 -0.000000 -0.000000 -0.000000 -0.000000 -0.000000 -0.000000 -0.000000 -0.000000 -0.000000 -0.000000 -0.000000 
-0.000000 -0.000000 -0.000000 -0.000000 -0.000000 -0.000000 -0.000000 -0.000000 -0.000000 -0.000000 -0.000000 -0.000000 0.000297 0.000666 0.001135 0.001663 0.002060 0.002112 0.001725 0.001063 0.000390 -0.000019 -0.000126 -0.000000 -0.000000 -0.000000 -0.000000 -0.000000 -0.000000 -0.000000 -0.000000 -0.000000 -0.000000 -0.000000 -0.000000 
-0.000000 -0.000000 -0.000000 -0.000000 -0.000000 -0.000000 -0.000000 -0.000000 -0.000000 -0.000000 0.000139 0.000251 0.000597 0.001967 0.004655 0.007079 0.008398 0.007976 0.004948 0.000531 -0.003796 -0.003130 -0.001666 -0.001387 -0.000774 -0.000000 -0.000000 -0.000000 -0.000000 -0.000000 -0.000000 -0.000000 -0.000000 -0.000000 -0.000000 
-0.000000 -0.000000 -0.000000 -0.000000 -0.000000 -0.000000 -0.000000 -0.000000 -0.000045 -0.000346 -0.000864 -0.004530 -0.026136 -0.068526 -0.123930 -0.186866 -0.240661 -0.265353 -0.251179 -0.202480 -0.141685 -0.089176 -0.046370 -0.014603 -0.003914 -0.002233 -0.000650 -0.000000 -0.000000 -0.000000 -0.000000 -0.000000 -0.000000 -0.000000 -0.000000 
-0.000000 -0.000000 -0.000000 -0.000000 -0.000000 -0.000000 -0.000000 -0.000325 -0.001063 -0.002588 -0.020355 -0.079693 -0.172126 -0.283007 -0.377146 -0.433800 -0.457765 -0.472822 -0.488102 -0.488342 -0.440056 -0.334835 -0.211366 -0.112726 -0.040001 -0.007214 -0.003713 -0.001179 -0.000000 -0.000000 -0.000000 -0.000000 -0.000000 -0.000000 -0.000000 
-0.000000 -0.000000 -0.000000 -0.000000 -0.000000 -0.000000 -0.000401 -0.001542 -0.003557 -0.025707 -0.108913 -0.238630 -0.325401 -0.368718 -0.386602 -0.390965 -0.399473 -0.413539 -0.433039 -0.458359 -0.486152 -0.484390 -0.415283 -0.302902 -0.155965 -0.050336 -0.009656 -0.004929 -0.001554 -0.000000 -0.000000 -0.000000 -0.000000 -0.000000 -0.000000 
-0.000000 -0.000000 -0.000000 -0.000000 -0.000000 -0.000360 -0.001566 -0.003660 -0.017527 -0.103731 -0.246079 -0.316163 -0.329865 -0.336702 -0.335440 -0.339548 -0.347497 -0.361769 -0.380913 -0.407174 -0.439212 -0.476321 -0.488492 -0.433716 -0.330126 -0.160115 -0.039398 -0.011576 -0.005843 -0.001661 -0.000000 -0.000000 -0.000000 -0.000000 -0.000000 
-0.000000 -0.000000 -0.000000 -0.000000 -0.000209 -0.001251 -0.003191 -0.007289 -0.062207 -0.211055 -0.300668 -0.299526 -0.294804 -0.293900 -0.296247 -0.301012 -0.310261 -0.323839 -0.343215 -0.369004 -0.408290 -0.484495 -0.563675 -0.580247 -0.519857 -0.369984 -0.140892 -0.026585 -0.013244 -0.006232 -0.001435 -0.000000 -0.000000 -0.000000 -0.000000 
-0.000000 -0.000000 -0.000000 -0.000077 -0.000826 -0.002446 -0.007030 -0.015854 -0.114020 -0.230429 -0.243719 -0.206194 -0.204254 -0.216393 -0.241313 -0.266060 -0.280964 -0.295182 -0.324106 -0.425417 -0.552267 -0.664994 -0.755314 -0.819033 -0.795836 -0.690216 -0.443553 -0.185638 -0.062721 -0.014838 -0.006082 -0.001057 -0.000000 -0.000000 -0.000000 
-0.000000 -0.000000 -0.000000 -0.000426 -0.001757 -0.007394 0.000939 0.008464 -0.102055 -0.168352 -0.137459 -0.094020 -0.093415 -0.105991 -0.142614 -0.194007 -0.246343 -0.298162 -0.445257 -0.604305 -0.732959 -0.832922 -0.910623 -0.973906 -0.994224 -0.933515 -0.753356 -0.457573 -0.271342 -0.105550 -0.014896 -0.004866 -0.000000 -0.000000 -0.000000 
-0.000000 -0.000000 -0.000215 -0.000980 -0.008768 0.000471 0.049650 0.058815 -0.073958 -0.136362 -0.094379 -0.059474 -0.054364 -0.055157 -0.069366 -0.109490 -0.195971 -0.408433 -0.621380 -0.768106 -0.865585 -0.937162 -0.994149 -1.047179 -1.087241 -1.051440 -0.918411 -0.657025 -0.492184 -0.324553 -0.107528 -0.011181 -0.002660 -0.000000 -0.000000 
-0.000000 -0.000000 -0.000572 -0.006871 -0.010496 0.037806 0.100321 0.061965 -0.116620 -0.201641 -0.165162 -0.134465 -0.128882 -0.119878 -0.104871 -0.097732 -0.226332 -0.528853 -0.774878 -0.895984 -0.955613 -0.987749 -1.018293 -1.061266 -1.108871 -1.084836 -0.976141 -0.745233 -0.618054 -0.528657 -0.313174 -0.058593 -0.006645 -0.000000 -0.000000 
-0.000000 -0.000173 -0.001226 -0.019432 0.003490 0.067181 0.083487 0.004427 -0.187543 -0.276325 -0.238133 -0.201349 -0.196940 -0.190690 -0.180044 -0.194699 -0.400237 -0.675229 -0.881900 -0.958962 -0.960753 -0.974063 -1.000567 -1.042608 -1.093771 -1.069899 -0.959072 -0.739440 -0.655063 -0.632858 -0.509925 -0.213161 -0.013144 -0.001825 -0.000000 
-0.000000 -0.000457 -0.005867 -0.027954 0.009234 0.044077 0.026046 -0.034925 -0.224290 -0.328874 -0.308445 -0.255283 -0.250221 -0.245968 -0.237780 -0.312810 -0.635370 -0.860746 -0.919081 -0.948552 -0.952312 -0.960935 -0.986547 -1.030251 -1.079268 -1.041983 -0.915826 -0.689244 -0.637331 -0.647568 -0.626301 -0.400093 -0.046250 -0.004220 -0.000000 
-0.000000 -0.000865 -0.020358 -0.045449 -0.011171 -0.003786 -0.023041 -0.049400 -0.221799 -0.359134 -0.368839 -0.306348 -0.288811 -0.264232 -0.221694 -0.360765 -0.778665 -0.900319 -0.905795 -0.943007 -0.961075 -0.959644 -0.981883 -1.028614 -1.057615 -0.995486 -0.835923 -0.623538 -0.619822 -0.629611 -0.646198 -0.540420 -0.139575 -0.006751 -0.000000 
-0.000000 -0.001434 -0.037583 -0.070077 -0.046777 -0.047562 -0.059714 -0.072637 -0.174680 -0.338247 -0.414043 -0.350885 -0.247618 -0.177605 -0.121908 -0.383884 -0.817778 -0.841982 -0.855119 -0.889074 -0.924952 -0.982093 -1.020906 -1.049810 -1.025630 -0.913690 -0.717202 -0.588991 -0.601319 -0.614896 -0.625402 -0.624441 -0.245101 -0.009190 -0.000000 
-0.000000 -0.002072 -0.055663 -0.105310 -0.089664 -0.084003 -0.089108 -0.095708 -0.119065 -0.272944 -0.372847 -0.314719 -0.187121 -0.140127 -0.096740 -0.430541 -0.786836 -0.766490 -0.744439 -0.729205 -0.750145 -0.867901 -1.034587 -1.096606 -0.975700 -0.790101 -0.588247 -0.568431 -0.583149 -0.598405 -0.607456 -0.637653 -0.312750 -0.010884 -0.000000 
-0.000000 -0.002608 -0.070140 -0.145045 -0.133952 -0.117927 -0.114613 -0.115345 -0.117461 -0.137086 -0.182854 -0.239046 -0.251485 -0.198243 -0.117222 -0.468060 -0.815991 -0.810582 -0.795919 -0.761922 -0.664673 -0.691462 -0.874774 -0.981679 -0.879906 -0.640019 -0.546685 -0.551961 -0.566688 -0.583976 -0.592067 -0.627297 -0.328304 -0.011135 -0.000000 
-0.000000 -0.002885 -0.074396 -0.178288 -0.181367 -0.152158 -0.140562 -0.135073 -0.121407 -0.012672 0.007353 -0.108632 -0.230490 -0.264406 -0.195759 -0.498281 -0.877542 -0.884430 -0.890226 -0.840603 -0.711138 -0.645890 -0.609843 -0.640799 -0.651194 -0.601663 -0.540103 -0.538928 -0.553201 -0.567868 -0.573447 -0.598598 -0.288406 -0.010048 -0.000000 
-0.000000 -0.002702 -0.063780 -0.196221 -0.232352 -0.192877 -0.171294 -0.156971 -0.083458 0.022482 0.066686 0.042849 -0.037593 -0.152567 -0.208184 -0.485168 -0.946662 -0.989490 -1.010475 -0.884399 -0.647532 -0.453573 -0.299819 -0.286932 -0.468493 -0.588050 -0.567290 -0.528187 -0.540916 -0.551675 -0.553076 -0.545913 -0.208169 -0.007854 -0.000000 
-0.000000 -0.002150 -0.038222 -0.175944 -0.270681 -0.246555 -0.210738 -0.183148 -0.058194 0.027099 0.054932 0.069732 0.076989 0.047586 0.011208 -0.185190 -0.660724 -0.846873 -0.827353 -0.595318 -0.317350 -0.191454 -0.130655 -0.148558 -0.348705 -0.541926 -0.582208 -0.523316 -0.526036 -0.530231 -0.529243 -0.434783 -0.109376 -0.005359 -0.000000 
-0.000000 -0.001407 -0.013833 -0.134022 -0.264998 -0.304985 -0.265017 -0.204466 -0.069022 0.003909 0.029737 0.046953 0.053285 0.050206 0.050513 0.012164 -0.287792 -0.568910 -0.548724 -0.336484 -0.185994 -0.138297 -0.111340 -0.110525 -0.259118 -0.488991 -0.576540 -0.526568 -0.505360 -0.505429 -0.469244 -0.298592 -0.033782 -0.003097 -0.000000 
-0.000000 -0.000649 -0.004400 -0.070302 -0.203998 -0.311179 -0.329528 -0.250996 -0.109694 -0.038079 -0.011549 0.006043 0.008246 -0.000418 -0.015987 -0.027174 -0.190676 -0.390964 -0.393793 -0.238877 -0.153770 -0.117576 -0.092880 -0.086959 -0.198681 -0.440616 -0.552622 -0.515298 -0.477391 -0.443924 -0.353416 -0.146861 -0.009010 -0.001244 -0.000000 
-0.000000 -0.000000 -0.002239 -0.018183 -0.117147 -0.243517 -0.323170 -0.299195 -0.179026 -0.104587 -0.074545 -0.057590 -0.058467 -0.072002 -0.092083 -0.093252 -0.091266 -0.135854 -0.113424 -0.093686 -0.098795 -0.082998 -0.063479 -0.057880 -0.158000 -0.399417 -0.516081 -0.472175 -0.400064 -0.334492 -0.201767 -0.037211 -0.004186 -0.000000 -0.000000 
-0.000000 -0.000000 -0.000863 -0.003518 -0.036928 -0.130621 -0.238900 -0.263982 -0.178968 -0.137413 -0.125430 -0.116354 -0.115233 -0.114250 -0.099205 -0.053284 0.043417 0.119573 0.125739 0.075119 0.037659 0.022181 0.019169 0.015079 -0.098819 -0.335229 -0.437676 -0.373622 -0.284234 -0.193001 -0.063865 -0.006455 -0.001527 -0.000000 -0.000000 
-0.000000 -0.000000 -0.000000 -0.001352 -0.004167 -0.036619 -0.110302 -0.164593 -0.104428 -0.069515 -0.065356 -0.060458 -0.053603 -0.036405 0.005062 0.077480 0.178644 0.284598 0.278140 0.221688 0.176254 0.146771 0.131816 0.117893 -0.040123 -0.259132 -0.327911 -0.236866 -0.146922 -0.058159 -0.007823 -0.002507 -0.000000 -0.000000 -0.000000 
-0.000000 -0.000000 -0.000000 -0.000226 -0.001315 -0.003026 -0.017688 -0.046615 0.010419 0.065663 0.073179 0.075680 0.086850 0.114938 0.164999 0.232382 0.295853 0.320254 0.339752 0.336252 0.310543 0.284987 0.267008 0.237988 0.017704 -0.164635 -0.184903 -0.092388 -0.031118 -0.007000 -0.002796 -0.000456 -0.000000 -0.000000 -0.000000 
-0.000000 -0.000000 -0.000000 -0.000000 -0.000160 -0.000641 -0.000640 0.001273 0.061431 0.181044 0.234078 0.243700 0.253360 0.275930 0.302356 0.314058 0.324800 0.338829 0.355259 0.373104 0.388998 0.392370 0.383879 0.278958 0.043360 -0.086050 -0.062384 -0.011429 -0.005620 -0.002568 -0.000532 -0.000000 -0.000000 -0.000000 -0.000000 
-0.000000 -0.000000 -0.000000 -0.000000 -0.000000 0.000034 0.000389 0.001960 0.025131 0.140616 0.269159 0.315672 0.322736 0.327415 0.332934 0.340035 0.350139 0.362855 0.378529 0.395858 0.413520 0.427613 0.397287 0.185696 -0.002113 -0.055337 -0.019627 -0.004520 -0.002274 -0.000597 -0.000000 -0.000000 -0.000000 -0.000000 -0.000000 
-0.000000 -0.000000 -0.000000 -0.000000 -0.000000 -0.000000 0.000228 0.001407 0.004579 0.052454 0.179361 0.306885 0.355222 0.360974 0.365430 0.372010 0.381407 0.393790 0.409392 0.426895 0.444406 0.419033 0.241385 0.045283 -0.039887 -0.026808 -0.003764 -0.001993 -0.000636 -0.000000 -0.000000 -0.000000 -0.000000 -0.000000 -0.000000 
-0.000000 -0.000000 -0.000000 -0.000000 -0.000000 -0.000000 -0.000000 0.000425 0.001972 0.005966 0.058068 0.178348 0.299901 0.382722 0.411204 0.421095 0.430446 0.443294 0.457566 0.456041 0.391511 0.226243 0.055716 -0.027063 -0.023641 -0.003050 -0.001674 -0.000605 -0.000000 -0.000000 -0.000000 -0.000000 -0.000000 -0.000000 -0.000000 
-0.000000 -0.000000 -0.000000 -0.000000 -0.000000 -0.000000 -0.000000 -0.000000 0.000311 0.001851 0.004894 0.032089 0.120611 0.226053 0.308351 0.357208 0.380641 0.384028 0.351984 0.266090 0.132398 0.024467 -0.019344 -0.010858 -0.001731 -0.001197 -0.000386 -0.000000 -0.000000 -0.000000 -0.000000 -0.000000 -0.000000 -0.000000 -0.000000 
-0.000000 -0.000000 -0.000000 -0.000000 -0.000000 -0.000000 -0.000000 -0.000000 -0.000000 -0.000000 0.001108 0.002993 0.006334 0.024110 0.071351 0.113011 0.128799 0.114549 0.073024 0.026334 -0.002060 -0.003341 -0.000423 -0.000675 -0.000523 -0.000000 -0.000000 -0.000000 -0.000000 -0.000000 -0.000000 -0.000000 -0.000000 -0.000000 -0.000000 
-0.000000 -0.000000 -0.000000 -0.000000 -0.000000 -0.000000 -0.000000 -0.000000 -0.000000 -0.000000 -0.000000 -0.000000 0.000802 0.001875 0.003013 0.003915 0.004257 0.003834 0.002803 0.001585 0.000579 -0.000002 -0.000153 -0.000000 -0.000000 -0.000000 -0.000000 -0.000000 -0.000000 -0.000000 -0.000000 -0.000000 -0.000000 -0.000000 -0.000000 
-0.000000 -0.000000 -0.000000 -0.000000 -0.000000 -0.000000 -0.000000 -0.000000 -0.000000 -0.000000 -0.000000 -0.000000 -0.000000 -0.000000 -0.000000 -0.000000 -0.000000 -0.000000 -0.000000 -0.000000 -0.000000 -0.000000 -0.000000 -0.000000 -0.000000 -0.000000 -0.000000 -0.000000 -0.000000 -0.000000 -0.000000 -0.000000 -0.000000 -0.000000 -0.000000 
