0.000000 0.000000 0.000000 0.000000 0.000000 0.000000 0.000000 0.000000 0.000000 0.000000 0.000000 0.000000 0.000000 0.000000 0.000000 0.000000 0.000000 0.000067 0.000009 0.000044 0.000000 0.000000 0.000000 0.000000 0.000000 0.000000 0.000000 0.000000 0.000000 0.000000 0.000000 0.000000 0.000000 0.000000 0.000000 
0.000000 0.000000 0.000000 0.000000 0.000000 0.000000 0.000000 0.000000 0.000000 0.000000 0.000000 0.000000 0.000000 0.000000 0.000000 0.000000 -0.000047 -0.000082 -0.000070 0.000000 0.000000 0.000000 0.000000 0.000000 0.000000 0.000000 0.000000 0.000000 0.000000 0.000000 0.000000 0.000000 0.000000 0.000000 0.000000 
0.000000 0.000000 0.000000 0.000000 0.000000 0.000000 0.000000 0.000000 0.000000 0.000000 0.000000 0.000000 -0.000565 -0.001215 -0.001803 -0.002253 -0.002475 -0.002365 -0.002006 -0.001555 -0.001153 -0.000789 -0.000414 0.000000 0.000000 0.000000 0.000000 0.000000 0.000000 0.000000 0.000000 0.000000 0.000000 0.000000 0.000000 
0.000000 0.000000 0.000000 0.000000 0.000000 0.000000 0.000000 0.000000 0.000000 -0.000044 -0.000980 -0.002272 -0.004258 -0.015146 -0.042997 -0.068124 -0.077762 -0.070871 -0.054247 -0.036975 -0.021360 -0.007757 -0.002119 -0.001214 -0.000613 -0.000011 0.000000 0.000000 0.000000 0.000000 0.000000 0.000000 0.000000 0.000000 0.000000 
0.000000 0.000000 0.000000 0.000000 0.000000 0.000000 0.000000 0.000000 -0.000503 -0.002025 -0.004328 -0.022929 -0.078760 -0.137580 -0.169175 -0.170279 -0.159229 -0.144138 -0.124627 -0.099167 -0.070070 -0.047464 -0.029232 -0.010636 -0.002052 -0.001104 -0.000315 0.000000 0.000000 0.000000 0.000000 0.000000 0.000000 0.000000 0.000000 
0.000000 0.000000 0.000000 0.000000 0.000000 0.000000 0.000000 -0.000777 -0.002755 -0.006422 -0.044987 -0.126366 -0.193515 -0.209701 -0.193659 -0.190374 -0.200078 -0.206626 -0.200753 -0.177888 -0.138676 -0.092310 -0.062824 -0.043310 -0.019873 -0.003317 -0.001553 -0.000494 0.000000 0.000000 0.000000 0.000000 0.000000 0.000000 0.000000 
0.000000 0.000000 0.000000 0.000000 0.000000 0.000000 -0.000864 -0.002972 -0.006535 -0.046552 -0.140613 -0.214508 -0.216969 -0.180857 -0.179713 -0.189857 -0.198334 -0.207268 -0.216131 -0.220957 -0.211150 -0.176254 -0.119100 -0.074756 -0.051115 -0.022083 -0.003815 -0.001901 -0.000610 0.000000 0.000000 0.000000 0.000000 0.000000 0.000000 
0.000000 0.000000 0.000000 0.000000 0.000000 -0.000764 -0.002822 -0.006042 -0.029303 -0.123790 -0.213140 -0.216086 -0.156543 -0.146156 -0.149024 -0.154042 -0.160908 -0.171151 -0.182964 -0.196579 -0.207733 -0.207327 -0.179997 -0.125079 -0.081699 -0.051386 -0.016172 -0.004114 -0.002097 -0.000643 0.000000 0.000000 0.000000 0.000000 0.000000 
0.000000 0.000000 0.000000 0.000000 -0.000573 -0.002422 -0.005459 -0.011917 -0.084211 -0.198776 -0.233742 -0.167664 -0.125919 -0.119293 -0.116510 -0.120357 -0.128678 -0.138624 -0.150705 -0.165319 -0.185131 -0.213127 -0.225383 -0.199986 -0.146456 -0.098646 -0.048087 -0.008950 -0.004220 -0.002029 -0.000549 0.000000 0.000000 0.000000 0.000000 
0.000000 0.000000 0.000000 -0.000335 -0.001939 -0.004811 -0.015025 -0.045969 -0.156100 -0.237461 -0.207167 -0.116180 -0.102543 -0.096940 -0.097646 -0.101368 -0.105935 -0.115674 -0.130809 -0.167970 -0.206518 -0.237516 -0.256674 -0.255007 -0.216040 -0.170863 -0.117137 -0.050682 -0.017189 -0.004105 -0.001747 -0.000344 0.000000 0.000000 0.000000 
0.000000 0.000000 -0.000013 -0.001345 -0.004155 -0.019567 -0.039750 -0.079634 -0.189715 -0.227416 -0.152000 -0.077759 -0.067262 -0.064901 -0.072783 -0.082874 -0.092567 -0.108823 -0.151369 -0.180296 -0.197059 -0.210145 -0.222749 -0.229623 -0.212347 -0.181070 -0.148330 -0.097400 -0.057150 -0.023790 -0.003665 -0.001210 -0.000025 0.000000 0.000000 
0.000000 0.000000 -0.000679 -0.002836 -0.019081 -0.043661 -0.043008 -0.082770 -0.181182 -0.188160 -0.086829 -0.031148 -0.022265 -0.025034 -0.036848 -0.052644 -0.074201 -0.117494 -0.147679 -0.152787 -0.144571 -0.145288 -0.153759 -0.164403 -0.160886 -0.138899 -0.120852 -0.092267 -0.075312 -0.057235 -0.021234 -0.002326 -0.000580 0.000000 0.000000 
0.000000 0.000000 -0.001633 -0.011603 -0.043453 -0.044232 -0.017733 -0.052532 -0.143444 -0.152513 -0.056307 -0.012543 -0.005377 -0.006932 -0.013242 -0.021826 -0.053017 -0.092735 -0.099541 -0.104349 -0.108646 -0.120614 -0.136110 -0.149576 -0.146436 -0.115913 -0.085067 -0.056075 -0.054084 -0.067380 -0.048159 -0.010804 -0.001213 0.000000 0.000000 
0.000000 -0.000444 -0.003070 -0.032662 -0.053123 -0.014394 0.028743 -0.009308 -0.122078 -0.145952 -0.056486 -0.009136 -0.001170 -0.001372 -0.005691 -0.016216 -0.043380 -0.047627 -0.055838 -0.085538 -0.114335 -0.129187 -0.144585 -0.157465 -0.150703 -0.119107 -0.088222 -0.046842 -0.030312 -0.051744 -0.060183 -0.030455 -0.002058 -0.000303 0.000000 
0.000000 -0.000983 -0.009108 -0.052910 -0.032101 0.035632 0.062146 0.025804 -0.097770 -0.146550 -0.078139 -0.018108 -0.006937 -0.004582 -0.005336 -0.016296 -0.041404 -0.044419 -0.040453 -0.069522 -0.122609 -0.144516 -0.158658 -0.168796 -0.149969 -0.114614 -0.084714 -0.047830 -0.039895 -0.042292 -0.055752 -0.046195 -0.006539 -0.000600 0.000000 
0.000000 -0.001555 -0.023985 -0.061212 0.013040 0.074095 0.076684 0.058929 -0.058817 -0.144182 -0.114909 -0.042154 -0.023305 -0.023715 -0.027432 -0.042908 -0.069022 -0.062079 -0.042922 -0.038636 -0.116806 -0.159380 -0.175222 -0.176557 -0.139090 -0.102627 -0.072960 -0.044254 -0.051595 -0.054721 -0.053136 -0.054725 -0.017239 -0.000866 0.000000 
0.000000 -0.002088 -0.038989 -0.052946 0.057348 0.093066 0.085240 0.070792 -0.001557 -0.115904 -0.149177 -0.097074 -0.084795 -0.095357 -0.079528 -0.099778 -0.125544 -0.105865 -0.078502 -0.044672 -0.109166 -0.166707 -0.181894 -0.165093 -0.117350 -0.083012 -0.055748 -0.047257 -0.059365 -0.069253 -0.062534 -0.061009 -0.027078 -0.001096 0.000000 
-0.000000 -0.002461 -0.048845 -0.034630 0.084937 0.104284 0.092004 0.075760 0.053732 -0.046258 -0.158781 -0.206527 -0.187109 -0.143914 -0.095003 -0.120851 -0.155321 -0.143911 -0.124554 -0.094269 -0.143289 -0.199148 -0.170809 -0.121276 -0.085046 -0.060313 -0.043851 -0.052233 -0.065288 -0.079277 -0.077229 -0.069766 -0.035065 -0.001321 -0.000000 
-0.000094 -0.002534 -0.050894 -0.021567 0.098442 0.111249 0.097974 0.081135 0.066979 0.018526 -0.136910 -0.241360 -0.210136 -0.144394 -0.104289 -0.159080 -0.196246 -0.183342 -0.158711 -0.124380 -0.176319 -0.222620 -0.136016 -0.066401 -0.048819 -0.043469 -0.047631 -0.057822 -0.071654 -0.087013 -0.089682 -0.080557 -0.042050 -0.001504 -0.000013 
0.000000 -0.002298 -0.044444 -0.019021 0.102339 0.117467 0.103515 0.086795 0.065126 -0.009660 -0.069598 -0.097720 -0.107139 -0.124573 -0.138057 -0.202774 -0.236298 -0.214431 -0.177801 -0.124953 -0.141582 -0.145079 -0.080009 -0.038117 -0.031710 -0.048109 -0.054504 -0.064161 -0.078808 -0.095461 -0.098182 -0.092132 -0.044830 -0.001572 0.000000 
0.000000 -0.001825 -0.032995 -0.025128 0.092710 0.120714 0.108816 0.092737 0.033063 -0.037150 -0.031671 0.038870 0.048572 0.014951 -0.020422 -0.109774 -0.162560 -0.130862 -0.064613 0.009347 -0.025065 -0.053004 -0.054354 -0.053947 -0.046593 -0.055406 -0.066547 -0.071652 -0.087511 -0.103307 -0.106264 -0.101862 -0.040221 -0.001468 0.000000 
0.000000 -0.001290 -0.019534 -0.029608 0.064108 0.118842 0.113846 0.093629 0.005796 -0.038443 0.010077 0.082209 0.096162 0.098089 0.090792 0.046668 0.006517 0.038115 0.089167 0.086170 -0.019886 -0.063601 -0.075533 -0.078068 -0.064679 -0.066023 -0.079371 -0.082298 -0.097214 -0.110237 -0.120090 -0.104649 -0.026439 -0.001206 0.000000 
0.000000 -0.000797 -0.007247 -0.028310 0.024794 0.099168 0.115765 0.081554 -0.006924 -0.025774 0.046605 0.099534 0.105721 0.107507 0.106736 0.066876 0.010726 0.028105 0.051177 -0.000472 -0.069462 -0.082543 -0.086839 -0.090946 -0.083098 -0.078631 -0.093032 -0.098914 -0.107227 -0.122639 -0.138167 -0.089222 -0.009850 -0.000817 0.000000 
0.000000 -0.000362 -0.002233 -0.020287 -0.006733 0.059250 0.101105 0.070441 -0.008165 -0.010626 0.072775 0.110796 0.115193 0.116722 0.118270 0.097719 0.033799 0.014437 -0.005944 -0.061584 -0.093122 -0.096575 -0.099989 -0.104392 -0.101361 -0.095646 -0.108999 -0.115641 -0.123281 -0.152748 -0.133446 -0.053926 -0.003103 -0.000377 0.000000 
0.000000 0.000000 -0.001171 -0.008195 -0.017992 0.015454 0.063407 0.047914 -0.009577 -0.000511 0.086732 0.120812 0.125115 0.126958 0.130163 0.129698 0.069899 -0.031626 -0.093140 -0.118851 -0.116411 -0.115650 -0.118162 -0.122260 -0.120800 -0.114032 -0.126698 -0.147949 -0.165802 -0.158550 -0.091215 -0.016489 -0.001682 0.000000 0.000000 
0.000000 0.000000 -0.000501 -0.001857 -0.011352 -0.012172 0.018712 0.015651 -0.036323 -0.018311 0.077318 0.123784 0.130489 0.130811 0.125362 0.111799 0.069431 -0.041344 -0.140197 -0.173440 -0.169404 -0.161204 -0.157224 -0.159141 -0.159998 -0.162055 -0.184201 -0.191491 -0.168161 -0.107578 -0.033840 -0.003296 -0.000693 0.000000 0.000000 
0.000000 0.000000 -0.000014 -0.000922 -0.002576 -0.010635 -0.011431 -0.015459 -0.067766 -0.062782 0.021494 0.088738 0.096411 0.095316 0.083700 0.064029 0.035526 -0.011584 -0.094946 -0.158596 -0.193706 -0.209984 -0.218082 -0.222308 -0.213999 -0.204153 -0.200122 -0.164192 -0.099769 -0.036616 -0.005010 -0.001482 -0.000032 0.000000 0.000000 
0.000000 0.000000 0.000000 -0.000246 -0.001256 -0.002877 -0.008457 -0.022508 -0.083211 -0.109379 -0.050818 0.038854 0.050786 0.049537 0.039039 0.022737 0.007041 -0.004641 -0.022783 -0.077315 -0.133777 -0.173961 -0.196561 -0.203850 -0.181339 -0.158650 -0.126115 -0.068890 -0.023783 -0.005180 -0.002081 -0.000346 0.000000 0.000000 0.000000 
0.000000 0.000000 0.000000 0.000000 -0.000414 -0.001525 -0.003295 -0.007170 -0.053275 -0.119737 -0.110984 -0.030144 0.011346 0.015042 0.012398 0.007430 0.000165 -0.008127 -0.017346 -0.027173 -0.042070 -0.072541 -0.095672 -0.093547 -0.067054 -0.050512 -0.030493 -0.009123 -0.004663 -0.002244 -0.000541 0.000000 0.000000 0.000000 0.000000 
0.000000 0.000000 0.000000 0.000000 0.000000 -0.000512 -0.001767 -0.003705 -0.018789 -0.078845 -0.122714 -0.087707 -0.014671 0.003445 0.004340 0.000891 -0.004629 -0.012085 -0.020307 -0.028984 -0.036769 -0.041678 -0.039946 -0.017335 -0.009131 -0.013177 -0.008543 -0.003859 -0.002060 -0.000613 0.000000 0.000000 0.000000 0.000000 0.000000 
0.000000 0.000000 0.000000 0.000000 0.000000 0.000000 -0.000562 -0.001853 -0.004056 -0.030109 -0.087145 -0.117493 -0.080363 -0.023122 -0.007262 -0.007746 -0.011651 -0.017431 -0.024199 -0.030556 -0.034877 -0.032539 -0.011375 0.000819 -0.004753 -0.006889 -0.002855 -0.001603 -0.000530 0.000000 0.000000 0.000000 0.000000 0.000000 0.000000 
0.000000 0.000000 0.000000 0.000000 0.000000 0.000000 0.000000 -0.000495 -0.001718 -0.004010 -0.029114 -0.076813 -0.104293 -0.087783 -0.047263 -0.025246 -0.021026 -0.023375 -0.026633 -0.027359 -0.019803 -0.000836 0.007549 0.001747 -0.003413 -0.001849 -0.001071 -0.000385 0.000000 0.000000 0.000000 0.000000 0.000000 0.000000 0.000000 
0.000000 0.000000 0.000000 0.000000 0.000000 0.000000 0.000000 0.000000 -0.000314 -0.001247 -0.002655 -0.014857 -0.048265 -0.075586 -0.078542 -0.062223 -0.046359 -0.034247 -0.023276 -0.009902 0.004511 0.008737 0.003483 -0.000946 -0.000851 -0.000565 -0.000172 0.000000 0.000000 0.000000 0.000000 0.000000 0.000000 0.000000 0.000000 
0.000000 0.000000 0.000000 0.000000 0.000000 0.000000 0.000000 0.000000 0.000000 -0.000041 -0.000588 -0.001352 -0.002482 -0.009115 -0.024331 -0.033505 -0.030709 -0.018693 -0.005263 0.002227 0.002617 0.000348 -0.000331 -0.000324 -0.000204 -0.000006 0.000000 0.000000 0.000000 0.000000 0.000000 0.000000 0.000000 0.000000 0.000000 
0.000000 0.000000 0.000000 0.000000 0.000000 0.000000 0.000000 0.000000 0.000000 0.000000 0.000000 0.000000 -0.000306 -0.000642 -0.000885 -0.000973 -0.000871 -0.000590 -0.000308 -0.000134 -0.000084 -0.000081 -0.000070 0.000000 0.000000 0.000000 0.000000 0.000000 0.000000 0.000000 0.000000 0.000000 0.000000 0.000000 0.000000 
