0.000000 0.000000 0.000000 0.000000 0.000000 0.000000 0.000000 0.000000 0.000000 0.000000 0.000000 0.000000 0.000000 0.000000 0.000000 0.000000 0.000000 0.000067 -0.000028 0.000045 0.000000 0.000000 0.000000 0.000000 0.000000 0.000000 0.000000 0.000000 0.000000 0.000000 0.000000 0.000000 0.000000 0.000000 0.000000 
0.000000 0.000000 0.000000 0.000000 0.000000 0.000000 0.000000 0.000000 0.000000 0.000000 0.000000 0.000000 0.000000 0.000000 0.000000 0.000000 -0.000048 -0.000115 -0.000070 0.000000 0.000000 0.000000 0.000000 0.000000 0.000000 0.000000 0.000000 0.000000 0.000000 0.000000 0.000000 0.000000 0.000000 0.000000 0.000000 
0.000000 0.000000 0.000000 0.000000 0.000000 0.000000 0.000000 0.000000 0.000000 0.000000 0.000000 0.000000 -0.000704 -0.001480 -0.002153 -0.002654 -0.002908 -0.002812 -0.002439 -0.001957 -0.001503 -0.001054 -0.000553 0.000000 0.000000 0.000000 0.000000 0.000000 0.000000 0.000000 0.000000 0.000000 0.000000 0.000000 0.000000 
0.000000 0.000000 0.000000 0.000000 0.000000 0.000000 0.000000 0.000000 0.000000 -0.000054 -0.001207 -0.002734 -0.005033 -0.017541 -0.047237 -0.071326 -0.079406 -0.072122 -0.055890 -0.040176 -0.025600 -0.010152 -0.002894 -0.001676 -0.000840 -0.000021 0.000000 0.000000 0.000000 0.000000 0.000000 0.000000 0.000000 0.000000 0.000000 
0.000000 0.000000 0.000000 0.000000 0.000000 0.000000 0.000000 0.000000 -0.000612 -0.002441 -0.005139 -0.026531 -0.085007 -0.139439 -0.164024 -0.160705 -0.147241 -0.131378 -0.112639 -0.089593 -0.064919 -0.049323 -0.035480 -0.014238 -0.002863 -0.001520 -0.000424 0.000000 0.000000 0.000000 0.000000 0.000000 0.000000 0.000000 0.000000 
0.000000 0.000000 0.000000 0.000000 0.000000 0.000000 0.000000 -0.000930 -0.003284 -0.007594 -0.050715 -0.133004 -0.191489 -0.199558 -0.182859 -0.182150 -0.194185 -0.201524 -0.194860 -0.169664 -0.127876 -0.082167 -0.060797 -0.049948 -0.025601 -0.004489 -0.002082 -0.000647 0.000000 0.000000 0.000000 0.000000 0.000000 0.000000 0.000000 
0.000000 0.000000 0.000000 0.000000 0.000000 0.000000 -0.001027 -0.003533 -0.007731 -0.052508 -0.148575 -0.213059 -0.207721 -0.174766 -0.177475 -0.189921 -0.199695 -0.209023 -0.217492 -0.221021 -0.208912 -0.170162 -0.109853 -0.073307 -0.059078 -0.028039 -0.005012 -0.002462 -0.000772 0.000000 0.000000 0.000000 0.000000 0.000000 0.000000 
0.000000 0.000000 0.000000 0.000000 0.000000 -0.000910 -0.003350 -0.007163 -0.033639 -0.133515 -0.215700 -0.208945 -0.152254 -0.145899 -0.151499 -0.158378 -0.166313 -0.176848 -0.188369 -0.200915 -0.210209 -0.207070 -0.175708 -0.117938 -0.084259 -0.061111 -0.020508 -0.005236 -0.002625 -0.000789 0.000000 0.000000 0.000000 0.000000 0.000000 
0.000000 0.000000 0.000000 0.000000 -0.000683 -0.002871 -0.006462 -0.014028 -0.093504 -0.208105 -0.231388 -0.162992 -0.126210 -0.122670 -0.122105 -0.127465 -0.136712 -0.146980 -0.158740 -0.172427 -0.190727 -0.216505 -0.225674 -0.195314 -0.144102 -0.107974 -0.057380 -0.011061 -0.005223 -0.002478 -0.000659 0.000000 0.000000 0.000000 0.000000 
0.000000 0.000000 0.000000 -0.000401 -0.002294 -0.005658 -0.017256 -0.051029 -0.167526 -0.240911 -0.199881 -0.112177 -0.102638 -0.100638 -0.104123 -0.109782 -0.115948 -0.126245 -0.140821 -0.176384 -0.212996 -0.241214 -0.256770 -0.251004 -0.208754 -0.174313 -0.128562 -0.055742 -0.019420 -0.004952 -0.002102 -0.000410 0.000000 0.000000 0.000000 
0.000000 0.000000 -0.000017 -0.001594 -0.004853 -0.021812 -0.041596 -0.082788 -0.195719 -0.221254 -0.138307 -0.069552 -0.063166 -0.064892 -0.076618 -0.090154 -0.102175 -0.119143 -0.160977 -0.187576 -0.200894 -0.210136 -0.218653 -0.221416 -0.198654 -0.174909 -0.154335 -0.100554 -0.058996 -0.026035 -0.004364 -0.001459 -0.000030 0.000000 0.000000 
0.000000 0.000000 -0.000796 -0.003303 -0.021172 -0.044049 -0.038026 -0.080771 -0.181695 -0.177370 -0.072443 -0.023181 -0.018072 -0.023957 -0.038506 -0.057102 -0.079938 -0.122776 -0.153416 -0.157245 -0.146229 -0.144211 -0.149566 -0.156436 -0.146500 -0.128109 -0.121364 -0.090269 -0.070330 -0.057622 -0.023325 -0.002793 -0.000697 0.000000 0.000000 
0.000000 0.000000 -0.001888 -0.013144 -0.044213 -0.036587 -0.007039 -0.050648 -0.147161 -0.145858 -0.046860 -0.009024 -0.005569 -0.010075 -0.018314 -0.026314 -0.053349 -0.092414 -0.099872 -0.108836 -0.113719 -0.123758 -0.136303 -0.146057 -0.136989 -0.109258 -0.088784 -0.054191 -0.043391 -0.059736 -0.048918 -0.012345 -0.001468 0.000000 0.000000 
0.000000 -0.000515 -0.003509 -0.035038 -0.046650 -0.001275 0.036671 -0.012421 -0.130391 -0.143569 -0.050189 -0.008736 -0.004421 -0.007425 -0.013506 -0.020009 -0.043226 -0.047729 -0.055683 -0.089332 -0.122151 -0.135240 -0.147835 -0.157065 -0.144406 -0.116723 -0.096535 -0.049955 -0.022384 -0.038625 -0.053710 -0.032831 -0.002497 -0.000374 0.000000 
0.000000 -0.001129 -0.010446 -0.052634 -0.017847 0.045544 0.064514 0.020636 -0.110164 -0.149047 -0.073915 -0.019299 -0.011626 -0.012043 -0.013091 -0.016815 -0.044462 -0.048875 -0.043511 -0.070041 -0.130364 -0.151978 -0.163347 -0.169987 -0.145745 -0.117110 -0.097108 -0.052997 -0.037526 -0.032380 -0.041499 -0.045919 -0.007877 -0.000746 0.000000 
0.000000 -0.001771 -0.027093 -0.055442 0.028244 0.078168 0.075403 0.053898 -0.073095 -0.151880 -0.112701 -0.043280 -0.028222 -0.031462 -0.029633 -0.034670 -0.064544 -0.056958 -0.038444 -0.030399 -0.119007 -0.167127 -0.180139 -0.177684 -0.136882 -0.110325 -0.087238 -0.049285 -0.052876 -0.050647 -0.037932 -0.048955 -0.020347 -0.001082 0.000000 
0.000000 -0.002373 -0.043171 -0.042532 0.068358 0.093508 0.081726 0.065264 -0.014660 -0.129485 -0.151727 -0.098178 -0.087340 -0.091933 -0.066253 -0.090381 -0.128570 -0.108979 -0.081528 -0.035275 -0.095891 -0.163283 -0.184440 -0.166197 -0.119901 -0.096594 -0.068851 -0.052786 -0.062878 -0.068811 -0.051524 -0.050595 -0.031259 -0.001381 0.000000 
-0.000000 -0.002811 -0.053681 -0.022401 0.091936 0.102695 0.087271 0.069542 0.044696 -0.062947 -0.170172 -0.203621 -0.176176 -0.137340 -0.091122 -0.130657 -0.169347 -0.155562 -0.138581 -0.104075 -0.139408 -0.192573 -0.159877 -0.118370 -0.096438 -0.077002 -0.052887 -0.058451 -0.070021 -0.080867 -0.070230 -0.057538 -0.039901 -0.001671 -0.000000 
-0.000119 -0.002921 -0.056542 -0.010561 0.103306 0.108557 0.092697 0.074601 0.059011 0.004429 -0.149700 -0.232530 -0.199674 -0.151904 -0.105277 -0.161663 -0.200245 -0.185407 -0.162710 -0.126963 -0.177307 -0.230131 -0.125554 -0.057570 -0.061609 -0.057566 -0.055599 -0.064357 -0.076930 -0.089705 -0.084817 -0.069551 -0.047697 -0.001891 -0.000037 
0.000000 -0.002677 -0.050735 -0.011518 0.107233 0.114814 0.098164 0.080316 0.056468 -0.018323 -0.066976 -0.097740 -0.116376 -0.129521 -0.130802 -0.199753 -0.235214 -0.209668 -0.176717 -0.121933 -0.134327 -0.150028 -0.089246 -0.038137 -0.029088 -0.056772 -0.063162 -0.070641 -0.084159 -0.098114 -0.093289 -0.084629 -0.051121 -0.001952 0.000000 
0.000000 -0.002154 -0.038953 -0.023488 0.098457 0.118583 0.103897 0.086715 0.023322 -0.035722 -0.023578 0.030998 0.034696 0.010016 -0.010123 -0.095218 -0.153960 -0.117984 -0.056013 0.023903 -0.014766 -0.057939 -0.068230 -0.061819 -0.038500 -0.053979 -0.076287 -0.077674 -0.092430 -0.105437 -0.100518 -0.100222 -0.046179 -0.001798 0.000000 
0.000000 -0.001547 -0.023692 -0.033891 0.068628 0.118208 0.109872 0.087628 0.000444 -0.030185 0.015023 0.072687 0.087683 0.093008 0.093456 0.060075 0.016309 0.051665 0.098959 0.099577 -0.017222 -0.068682 -0.084012 -0.087591 -0.059733 -0.057765 -0.084723 -0.088299 -0.101188 -0.110870 -0.115571 -0.108933 -0.030597 -0.001463 0.000000 
0.000000 -0.000970 -0.008858 -0.035134 0.023254 0.099728 0.113353 0.074920 -0.007103 -0.014548 0.048029 0.091595 0.100790 0.106628 0.109405 0.076391 0.017085 0.032542 0.057536 0.009043 -0.066793 -0.083422 -0.091770 -0.098885 -0.081674 -0.067405 -0.093210 -0.105548 -0.109639 -0.122079 -0.139707 -0.096047 -0.011461 -0.000990 0.000000 
0.000000 -0.000443 -0.002743 -0.025230 -0.013594 0.055406 0.099586 0.064807 -0.004386 0.001862 0.073113 0.105502 0.113444 0.118758 0.122197 0.105661 0.041399 0.017986 0.001656 -0.053642 -0.089194 -0.094539 -0.101739 -0.109685 -0.101023 -0.083158 -0.105220 -0.121274 -0.124800 -0.156593 -0.140306 -0.058869 -0.003613 -0.000458 0.000000 
0.000000 0.000000 -0.001456 -0.010025 -0.024462 0.007528 0.056695 0.040907 -0.004245 0.012725 0.087465 0.117409 0.125459 0.130539 0.134413 0.134251 0.075180 -0.028679 -0.087860 -0.114298 -0.112160 -0.112069 -0.117818 -0.125663 -0.120067 -0.100796 -0.121367 -0.154956 -0.172514 -0.166476 -0.097685 -0.018319 -0.001967 0.000000 0.000000 
0.000000 0.000000 -0.000632 -0.002303 -0.014156 -0.018944 0.009754 0.003104 -0.037563 -0.008395 0.076906 0.118886 0.129046 0.131871 0.125702 0.111305 0.071849 -0.035472 -0.137779 -0.173934 -0.169064 -0.160144 -0.158667 -0.164039 -0.160410 -0.152139 -0.185441 -0.204038 -0.177119 -0.114350 -0.036644 -0.003742 -0.000824 0.000000 0.000000 
0.000000 0.000000 -0.000021 -0.001159 -0.003223 -0.013444 -0.017449 -0.026527 -0.074197 -0.058285 0.017100 0.076703 0.087789 0.090895 0.081676 0.064520 0.039212 -0.006264 -0.091261 -0.158105 -0.195730 -0.214405 -0.226704 -0.234344 -0.218393 -0.199655 -0.206554 -0.175260 -0.105788 -0.039425 -0.005657 -0.001718 -0.000038 0.000000 0.000000 
0.000000 0.000000 0.000000 -0.000316 -0.001581 -0.003646 -0.010610 -0.028224 -0.089883 -0.103915 -0.049133 0.027414 0.042450 0.046273 0.039890 0.025748 0.010627 -0.000834 -0.019198 -0.074304 -0.132926 -0.177225 -0.204897 -0.215290 -0.179654 -0.153186 -0.132788 -0.074606 -0.025937 -0.005949 -0.002405 -0.000417 0.000000 0.000000 0.000000 
0.000000 0.000000 0.000000 0.000000 -0.000523 -0.001946 -0.004167 -0.008884 -0.059148 -0.116688 -0.101361 -0.034002 0.004220 0.012186 0.012924 0.009971 0.003520 -0.004529 -0.013992 -0.024632 -0.041544 -0.075397 -0.102797 -0.097405 -0.057431 -0.047464 -0.036366 -0.010836 -0.005536 -0.002666 -0.000649 0.000000 0.000000 0.000000 0.000000 
0.000000 0.000000 0.000000 0.000000 0.000000 -0.000674 -0.002271 -0.004615 -0.022404 -0.082301 -0.114478 -0.080983 -0.021971 -0.002290 0.002503 0.001623 -0.002401 -0.009482 -0.018080 -0.028252 -0.038606 -0.047413 -0.047246 -0.010611 -0.000895 -0.016634 -0.012158 -0.004769 -0.002564 -0.000774 0.000000 0.000000 0.000000 0.000000 0.000000 
0.000000 0.000000 0.000000 0.000000 0.000000 0.000000 -0.000762 -0.002381 -0.004974 -0.034948 -0.088989 -0.109802 -0.076862 -0.030901 -0.014123 -0.011257 -0.013106 -0.018243 -0.025653 -0.034067 -0.041737 -0.040318 -0.007874 0.008510 -0.006597 -0.011728 -0.003774 -0.002130 -0.000731 0.000000 0.000000 0.000000 0.000000 0.000000 0.000000 
0.000000 0.000000 0.000000 0.000000 0.000000 0.000000 0.000000 -0.000691 -0.002210 -0.004923 -0.034118 -0.079753 -0.100367 -0.085871 -0.053168 -0.034043 -0.029522 -0.031437 -0.035128 -0.036155 -0.025708 0.001076 0.011475 -0.001193 -0.008416 -0.002762 -0.001563 -0.000582 0.000000 0.000000 0.000000 0.000000 0.000000 0.000000 0.000000 
0.000000 0.000000 0.000000 0.000000 0.000000 0.000000 0.000000 0.000000 -0.000457 -0.001654 -0.003276 -0.018501 -0.053726 -0.077536 -0.080188 -0.068335 -0.055098 -0.043659 -0.032015 -0.016014 0.002865 0.006787 -0.001979 -0.004590 -0.001472 -0.000972 -0.000315 0.000000 0.000000 0.000000 0.000000 0.000000 0.000000 0.000000 0.000000 
0.000000 0.000000 0.000000 0.000000 0.000000 0.000000 0.000000 0.000000 0.000000 -0.000059 -0.000837 -0.001757 -0.003114 -0.011715 -0.029154 -0.038255 -0.035968 -0.024796 -0.010523 -0.002523 -0.002206 -0.002251 -0.000963 -0.000728 -0.000453 -0.000023 0.000000 0.000000 0.000000 0.000000 0.000000 0.000000 0.000000 0.000000 0.000000 
0.000000 0.000000 0.000000 0.000000 0.000000 0.000000 0.000000 0.000000 0.000000 0.000000 0.000000 0.000000 -0.000464 -0.000907 -0.001211 -0.001344 -0.001282 -0.001016 -0.000718 -0.000505 -0.000409 -0.000346 -0.000228 0.000000 0.000000 0.000000 0.000000 0.000000 0.000000 0.000000 0.000000 0.000000 0.000000 0.000000 0.000000 
