0.000000 0.000000 0.000000 0.000000 0.000000 0.000000 0.000000 0.000000 0.000000 0.000000 0.000000 0.000000 0.000000 0.000000 0.000000 0.000000 0.000000 0.000000 0.000000 0.000000 0.000000 0.000000 0.000000 0.000000 0.000000 0.000000 0.000000 0.000000 0.000000 0.000000 0.000000 0.000000 0.000000 0.000000 0.000000 
0.000000 0.000000 0.000000 0.000000 0.000000 0.000000 0.000000 0.000000 0.000000 0.000000 0.000000 0.000000 -0.000428 -0.000788 -0.000896 -0.000633 0.000063 0.001001 0.001794 0.002099 0.001897 0.001357 0.000646 0.000000 0.000000 0.000000 0.000000 0.000000 0.000000 0.000000 0.000000 0.000000 0.000000 0.000000 0.000000 
0.000000 0.000000 0.000000 0.000000 0.000000 0.000000 0.000000 0.000000 0.000000 0.000000 -0.000817 -0.001818 -0.003080 -0.008673 -0.017164 -0.011276 0.013415 0.046086 0.069361 0.071639 0.048943 0.017473 0.004888 0.002568 0.001057 0.000000 0.000000 0.000000 0.000000 0.000000 0.000000 0.000000 0.000000 0.000000 0.000000 
0.000000 0.000000 0.000000 0.000000 0.000000 0.000000 0.000000 0.000000 -0.000389 -0.001623 -0.003415 -0.015704 -0.048421 -0.066523 -0.043255 0.013144 0.073846 0.125443 0.169166 0.203675 0.211139 0.173770 0.097909 0.026694 0.004654 0.001991 0.000417 0.000000 0.000000 0.000000 0.000000 0.000000 0.000000 0.000000 0.000000 
0.000000 0.000000 0.000000 0.000000 0.000000 0.000000 0.000000 -0.000560 -0.002107 -0.004877 -0.033378 -0.086098 -0.110746 -0.077751 -0.003272 0.056556 0.098497 0.134366 0.174111 0.222497 0.275895 0.305972 0.263650 0.163423 0.054531 0.006274 0.002363 0.000561 0.000000 0.000000 0.000000 0.000000 0.000000 0.000000 0.000000 
0.000000 0.000000 0.000000 0.000000 0.000000 0.000000 -0.000603 -0.002147 -0.004963 -0.035769 -0.104250 -0.148061 -0.111166 -0.028183 0.021896 0.053082 0.079731 0.106183 0.136836 0.174808 0.224940 0.290249 0.345200 0.312911 0.183797 0.054838 0.005603 0.002000 0.000420 0.000000 0.000000 0.000000 0.000000 0.000000 0.000000 
0.000000 0.000000 0.000000 0.000000 0.000000 -0.000522 -0.001834 -0.004104 -0.021765 -0.098030 -0.165812 -0.148506 -0.064453 -0.011307 0.019758 0.043690 0.064738 0.086166 0.110975 0.142302 0.183661 0.239598 0.313843 0.365847 0.312927 0.159090 0.029787 0.003552 0.001120 0.000181 0.000000 0.000000 0.000000 0.000000 0.000000 
0.000000 0.000000 0.000000 0.000000 -0.000328 -0.001280 -0.002943 -0.006868 -0.062088 -0.155994 -0.179418 -0.113279 -0.042725 -0.007683 0.017755 0.037600 0.054146 0.071383 0.091965 0.118335 0.150851 0.185640 0.240533 0.319698 0.341128 0.247776 0.084118 0.005128 0.001283 0.000090 -0.000098 0.000000 0.000000 0.000000 0.000000 
0.000000 0.000000 0.000000 -0.000181 -0.000743 -0.001601 -0.001738 -0.006573 -0.080330 -0.145035 -0.119259 -0.030026 0.016554 0.037949 0.043743 0.041815 0.046433 0.059901 0.070689 0.055348 0.046293 0.062343 0.108397 0.186098 0.251282 0.216655 0.081010 -0.024110 -0.011679 -0.001095 -0.000649 -0.000126 0.000000 0.000000 0.000000 
0.000000 0.000000 0.000000 -0.000334 -0.000490 0.006166 0.030947 0.038387 -0.035354 -0.067868 -0.013380 0.073180 0.112683 0.128103 0.122181 0.100100 0.072193 0.035318 -0.022790 -0.060096 -0.068240 -0.047013 0.001771 0.076557 0.160547 0.154153 0.035238 -0.108177 -0.090782 -0.030838 -0.002633 -0.000877 0.000000 0.000000 0.000000 
0.000000 0.000000 -0.000071 0.000069 0.010064 0.053035 0.113996 0.122038 0.046256 0.026696 0.093331 0.174043 0.212389 0.228789 0.223027 0.195453 0.125775 -0.014881 -0.123633 -0.154733 -0.142543 -0.105946 -0.048653 0.026419 0.115247 0.118188 0.000324 -0.177574 -0.204939 -0.122095 -0.035745 -0.002512 -0.000608 0.000000 0.000000 
0.000000 0.000000 0.000213 0.005754 0.057101 0.143432 0.215849 0.213207 0.125998 0.091327 0.149730 0.224118 0.264843 0.291484 0.303202 0.279776 0.151001 -0.029496 -0.156300 -0.190253 -0.157497 -0.106193 -0.043473 0.032292 0.120771 0.122438 -0.005949 -0.208560 -0.280045 -0.235500 -0.122421 -0.019841 -0.001668 0.000000 0.000000 
0.000000 0.000091 0.001102 0.036814 0.139195 0.247054 0.303614 0.267677 0.154545 0.109126 0.161692 0.237368 0.280223 0.310747 0.329945 0.282323 0.135169 0.008611 -0.091888 -0.156555 -0.141523 -0.090123 -0.027639 0.048350 0.135648 0.131587 -0.002077 -0.211625 -0.304913 -0.309115 -0.226065 -0.082031 -0.003683 -0.000502 0.000000 
0.000000 0.000383 0.006361 0.095686 0.240053 0.328550 0.335166 0.297715 0.179341 0.118690 0.157719 0.238880 0.285556 0.319823 0.330959 0.228935 0.095512 0.065832 0.021834 -0.080690 -0.117571 -0.072864 -0.009784 0.067922 0.148578 0.124496 -0.025054 -0.231309 -0.302500 -0.334521 -0.313124 -0.165499 -0.015848 -0.001201 0.000000 
0.000000 0.000855 0.026028 0.169231 0.326145 0.359855 0.345748 0.324141 0.214410 0.134065 0.146692 0.230340 0.289621 0.351426 0.384983 0.298273 0.236795 0.279533 0.266722 0.110620 -0.037234 -0.038394 0.012957 0.092649 0.151943 0.089615 -0.080468 -0.263485 -0.303000 -0.338522 -0.357985 -0.241575 -0.051696 -0.001958 0.000000 
0.000000 0.001438 0.054980 0.240773 0.373679 0.371305 0.351805 0.332582 0.263567 0.165928 0.142392 0.235888 0.393027 0.568926 0.675751 0.613444 0.592592 0.653081 0.665001 0.497418 0.251989 0.118729 0.093116 0.130101 0.130095 0.019032 -0.165592 -0.277925 -0.309372 -0.344292 -0.375673 -0.294562 -0.089393 -0.002636 0.000000 
0.000000 0.002013 0.081353 0.288509 0.395300 0.379496 0.357076 0.337006 0.313256 0.224946 0.210583 0.372874 0.645368 0.882314 0.950832 0.836541 0.787295 0.842906 0.893320 0.807596 0.570574 0.391586 0.291114 0.206758 0.077920 -0.093691 -0.253092 -0.291783 -0.321082 -0.354627 -0.386895 -0.321949 -0.111411 -0.003023 0.000000 
0.000000 0.002378 0.095716 0.310238 0.407019 0.387392 0.363643 0.343294 0.329288 0.342728 0.431987 0.598897 0.830496 1.015562 1.008283 0.836504 0.774237 0.837638 0.901656 0.857387 0.696672 0.597288 0.492753 0.268398 0.004174 -0.214665 -0.286410 -0.310314 -0.337711 -0.369048 -0.398803 -0.329363 -0.111086 -0.002912 0.000000 
0.000000 0.002402 0.089827 0.305371 0.415235 0.396802 0.373040 0.352873 0.354420 0.500014 0.676257 0.828220 0.925941 0.984101 0.974923 0.836842 0.752658 0.819663 0.895434 0.858374 0.711270 0.622484 0.515369 0.233920 -0.069876 -0.236755 -0.307441 -0.332852 -0.358271 -0.386596 -0.409575 -0.310980 -0.086873 -0.002348 0.000000 
0.000000 0.002098 0.068130 0.272062 0.415122 0.407800 0.385090 0.366688 0.442191 0.629418 0.829001 0.986501 1.008730 0.983464 0.957866 0.820758 0.702752 0.771825 0.843938 0.760185 0.569312 0.445824 0.342690 0.172799 -0.052404 -0.216650 -0.315873 -0.357853 -0.380710 -0.404588 -0.407643 -0.256858 -0.051823 -0.001574 0.000000 
0.000000 0.001611 0.038649 0.209096 0.388564 0.418706 0.399946 0.389703 0.537259 0.732448 0.923340 1.041071 1.041870 1.020467 0.991781 0.866289 0.696950 0.667344 0.666439 0.522954 0.333837 0.262990 0.227954 0.167697 -0.011579 -0.199376 -0.321108 -0.381970 -0.402499 -0.418040 -0.364884 -0.167306 -0.020506 -0.000878 0.000000 
0.000000 0.001058 0.012723 0.135091 0.312798 0.412081 0.415184 0.437424 0.613363 0.809075 0.988145 1.060065 1.047236 1.030203 1.016046 0.953540 0.780146 0.624548 0.510001 0.340089 0.220699 0.202435 0.187895 0.149707 0.008332 -0.190631 -0.327386 -0.399855 -0.417578 -0.399218 -0.254858 -0.081554 -0.004393 -0.000375 0.000000 
0.000000 0.000488 0.003694 0.066592 0.204656 0.342545 0.412547 0.478535 0.664335 0.857480 1.029678 1.076178 1.059812 1.041953 1.029071 1.011404 0.899709 0.671543 0.428421 0.245194 0.177061 0.171523 0.158538 0.126051 0.009839 -0.191702 -0.333840 -0.407142 -0.396699 -0.281664 -0.127613 -0.024849 -0.000952 -0.000087 0.000000 
0.000000 0.000000 0.002007 0.018462 0.106773 0.233656 0.331261 0.459204 0.687507 0.885974 1.055321 1.096384 1.079133 1.059966 1.038980 1.004663 0.913514 0.714325 0.453310 0.255478 0.182692 0.162518 0.146147 0.114614 0.005636 -0.191582 -0.323854 -0.342424 -0.255711 -0.135921 -0.040798 -0.002791 -0.000223 0.000000 0.000000 
0.000000 0.000000 0.000893 0.003781 0.035282 0.117523 0.219829 0.351230 0.598628 0.834360 1.026245 1.084823 1.064583 1.027690 0.975981 0.910564 0.828164 0.702274 0.530311 0.404398 0.320232 0.260071 0.217405 0.177472 0.068042 -0.097306 -0.182391 -0.179960 -0.107703 -0.038694 -0.004686 -0.000123 0.000025 0.000000 0.000000 
0.000000 0.000000 0.000000 0.001858 0.005450 0.036291 0.101427 0.216967 0.456971 0.700751 0.896706 0.986035 0.967142 0.929243 0.873242 0.808267 0.729551 0.643266 0.588828 0.541507 0.487600 0.438969 0.396648 0.351029 0.211488 0.048714 -0.041368 -0.052791 -0.021378 -0.002949 0.000065 0.000168 0.000000 0.000000 0.000000 
0.000000 0.000000 0.000000 0.000480 0.002555 0.006178 0.024389 0.080560 0.272913 0.530866 0.739740 0.879636 0.872579 0.836816 0.782377 0.717207 0.651112 0.626288 0.617054 0.608339 0.588383 0.561344 0.526601 0.469565 0.285998 0.124895 0.026937 -0.001453 0.000469 0.000344 0.000283 0.000088 0.000000 0.000000 0.000000 
0.000000 0.000000 0.000000 0.000000 0.000738 0.003000 0.006675 0.014976 0.110409 0.329593 0.551096 0.724256 0.776921 0.747193 0.707098 0.680732 0.661997 0.647773 0.637284 0.628980 0.620754 0.606327 0.574054 0.457819 0.260973 0.107760 0.022574 0.001805 0.000673 0.000369 0.000154 0.000000 0.000000 0.000000 0.000000 
0.000000 0.000000 0.000000 0.000000 0.000000 0.000931 0.003322 0.007279 0.034635 0.173086 0.389307 0.585107 0.722096 0.741195 0.726816 0.708931 0.692087 0.677541 0.665635 0.654194 0.639301 0.613147 0.541104 0.352775 0.173782 0.053480 0.006967 0.001069 0.000429 0.000155 0.000000 0.000000 0.000000 0.000000 0.000000 
0.000000 0.000000 0.000000 0.000000 0.000000 0.000000 0.000961 0.003421 0.007959 0.059198 0.209559 0.421578 0.609837 0.725954 0.748115 0.737877 0.723420 0.709359 0.693999 0.676323 0.648990 0.577826 0.407110 0.218586 0.080365 0.016030 0.001521 0.000497 0.000125 0.000000 0.000000 0.000000 0.000000 0.000000 0.000000 
0.000000 0.000000 0.000000 0.000000 0.000000 0.000000 0.000000 0.000820 0.003239 0.007855 0.060137 0.194851 0.372648 0.557474 0.683511 0.733461 0.738172 0.725738 0.702703 0.657401 0.558743 0.390123 0.210116 0.084939 0.019634 0.001873 0.000564 0.000098 0.000000 0.000000 0.000000 0.000000 0.000000 0.000000 0.000000 
0.000000 0.000000 0.000000 0.000000 0.000000 0.000000 0.000000 0.000000 0.000569 0.002531 0.005743 0.030789 0.120410 0.248695 0.374251 0.481380 0.533086 0.537142 0.491749 0.399457 0.265006 0.145492 0.056200 0.011248 0.001636 0.000547 0.000083 0.000000 0.000000 0.000000 0.000000 0.000000 0.000000 0.000000 0.000000 
0.000000 0.000000 0.000000 0.000000 0.000000 0.000000 0.000000 0.000000 0.000000 0.000000 0.001304 0.003204 0.006313 0.022748 0.069569 0.123225 0.157558 0.161391 0.133792 0.087660 0.040775 0.011140 0.002621 0.001076 0.000347 0.000000 0.000000 0.000000 0.000000 0.000000 0.000000 0.000000 0.000000 0.000000 0.000000 
0.000000 0.000000 0.000000 0.000000 0.000000 0.000000 0.000000 0.000000 0.000000 0.000000 0.000000 0.000000 0.000808 0.001832 0.002866 0.003790 0.004329 0.004215 0.003581 0.002586 0.001618 0.000858 0.000310 0.000000 0.000000 0.000000 0.000000 0.000000 0.000000 0.000000 0.000000 0.000000 0.000000 0.000000 0.000000 
0.000000 0.000000 0.000000 0.000000 0.000000 0.000000 0.000000 0.000000 0.000000 0.000000 0.000000 0.000000 0.000000 0.000000 0.000000 0.000000 0.000000 0.000000 0.000000 0.000000 0.000000 0.000000 0.000000 0.000000 0.000000 0.000000 0.000000 0.000000 0.000000 0.000000 0.000000 0.000000 0.000000 0.000000 0.000000 
