0.000000 0.000000 0.000000 0.000000 0.000000 0.000000 0.000000 0.000000 0.000000 0.000000 0.000000 0.000000 0.000000 0.000000 0.000000 0.000000 0.000249 0.000168 0.000297 0.000000 0.000000 0.000000 0.000000 0.000000 0.000000 0.000000 0.000000 0.000000 0.000000 0.000000 0.000000 0.000000 0.000000 0.000000 0.000000 
0.000000 0.000000 0.000000 0.000000 0.000000 0.000000 0.000000 0.000000 0.000000 0.000000 0.000000 0.000000 -0.000173 -0.000010 0.000640 0.001788 0.003254 0.004491 0.004821 0.004243 0.003156 0.001953 0.000820 0.000000 0.000000 0.000000 0.000000 0.000000 0.000000 0.000000 0.000000 0.000000 0.000000 0.000000 0.000000 
0.000000 0.000000 0.000000 0.000000 0.000000 0.000000 0.000000 0.000000 0.000000 -0.000061 -0.000745 -0.001140 -0.000795 0.004393 0.034024 0.092935 0.162274 0.214093 0.220058 0.177451 0.102208 0.031334 0.006718 0.003042 0.001161 -0.000007 0.000000 0.000000 0.000000 0.000000 0.000000 0.000000 0.000000 0.000000 0.000000 
0.000000 0.000000 0.000000 0.000000 0.000000 0.000000 0.000000 0.000000 -0.000602 -0.001848 -0.002890 -0.003599 0.022253 0.100994 0.224689 0.355013 0.450826 0.509174 0.539681 0.530627 0.461373 0.325835 0.164814 0.041532 0.005339 0.002089 0.000427 0.000000 0.000000 0.000000 0.000000 0.000000 0.000000 0.000000 0.000000 
0.000000 0.000000 0.000000 0.000000 0.000000 0.000000 0.000000 -0.001210 -0.003498 -0.006190 -0.011366 0.018145 0.112234 0.253705 0.381963 0.444970 0.479840 0.509532 0.542775 0.582237 0.620786 0.596891 0.457671 0.254137 0.077590 0.007402 0.002454 0.000584 0.000000 0.000000 0.000000 0.000000 0.000000 0.000000 0.000000 
0.000000 0.000000 0.000000 0.000000 0.000000 0.000000 -0.001905 -0.005472 -0.009820 -0.022304 -0.009456 0.069995 0.218636 0.342937 0.382413 0.406167 0.430206 0.453976 0.486183 0.521335 0.562122 0.611946 0.616027 0.488959 0.265693 0.073021 0.006059 0.002125 0.000481 0.000000 0.000000 0.000000 0.000000 0.000000 0.000000 
0.000000 0.000000 0.000000 0.000000 0.000000 -0.002406 -0.007353 -0.013595 -0.027887 -0.042204 0.005649 0.143154 0.283189 0.320850 0.340221 0.359301 0.379659 0.404468 0.433900 0.468885 0.509534 0.556174 0.609329 0.596709 0.446238 0.210375 0.037766 0.003824 0.001347 0.000261 0.000000 0.000000 0.000000 0.000000 0.000000 
0.000000 0.000000 0.000000 0.000000 -0.002372 -0.008328 -0.016656 -0.033267 -0.106584 -0.180411 -0.146511 -0.026122 0.057581 0.152078 0.269894 0.315670 0.337394 0.362170 0.391360 0.426068 0.461815 0.498232 0.541552 0.587836 0.523650 0.335094 0.110642 0.006738 0.001784 0.000470 0.000048 0.000000 0.000000 0.000000 0.000000 
0.000000 0.000000 0.000000 -0.001511 -0.007927 -0.018995 -0.095666 -0.276709 -0.506329 -0.609739 -0.543664 -0.431535 -0.395805 -0.329855 -0.204461 0.000941 0.245717 0.323729 0.348776 0.356159 0.372146 0.401565 0.446061 0.499395 0.500842 0.366385 0.156536 0.005147 -0.003741 -0.000005 -0.000214 -0.000119 0.000000 0.000000 0.000000 
0.000000 0.000000 -0.000175 -0.005910 -0.019080 -0.156083 -0.425022 -0.700632 -0.842612 -0.803698 -0.659802 -0.567720 -0.557864 -0.549853 -0.521047 -0.423296 -0.195277 0.134291 0.265070 0.280777 0.308515 0.342845 0.392469 0.446601 0.479675 0.380417 0.178637 -0.009360 -0.031888 -0.010922 -0.001127 -0.000462 0.000003 0.000000 0.000000 
0.000000 0.000000 -0.002824 -0.012438 -0.151802 -0.477800 -0.774024 -0.876014 -0.870688 -0.734723 -0.544533 -0.468419 -0.466778 -0.494619 -0.543090 -0.585955 -0.551515 -0.333531 0.066940 0.244436 0.289719 0.333070 0.383367 0.436999 0.480534 0.402307 0.209111 0.000383 -0.060412 -0.033452 -0.011483 -0.001137 -0.000316 0.000000 0.000000 
0.000000 0.000000 -0.006166 -0.077116 -0.421291 -0.777188 -0.857499 -0.830318 -0.788248 -0.663754 -0.490058 -0.426407 -0.416399 -0.423354 -0.450592 -0.531006 -0.659350 -0.644714 -0.284309 0.166868 0.297745 0.338923 0.385584 0.437043 0.478217 0.407831 0.223232 0.019125 -0.057073 -0.046195 -0.023276 -0.006362 -0.000655 0.000000 0.000000 
0.000000 -0.001433 -0.011454 -0.261693 -0.671517 -0.863997 -0.818014 -0.809607 -0.791716 -0.671170 -0.493003 -0.420258 -0.410345 -0.417468 -0.439241 -0.512667 -0.609752 -0.685947 -0.555680 -0.044257 0.284638 0.338225 0.386653 0.438699 0.472958 0.393089 0.204276 0.006761 -0.047006 -0.033960 -0.020407 -0.012455 -0.001018 -0.000147 0.000000 
0.000000 -0.002890 -0.047519 -0.450847 -0.827878 -0.858310 -0.825585 -0.805781 -0.797580 -0.690807 -0.514599 -0.415406 -0.403706 -0.410870 -0.445169 -0.529204 -0.572059 -0.608826 -0.660284 -0.294085 0.217992 0.341842 0.393007 0.445450 0.462651 0.358710 0.163420 -0.022250 -0.050256 -0.026239 -0.004968 -0.001744 -0.002800 -0.000238 0.000000 
0.000000 -0.003912 -0.134701 -0.580531 -0.883851 -0.875079 -0.833705 -0.799575 -0.805578 -0.728916 -0.562810 -0.421528 -0.398523 -0.406332 -0.464595 -0.563721 -0.612936 -0.688575 -0.784091 -0.575969 0.041781 0.320650 0.399211 0.453152 0.437552 0.299908 0.101041 -0.052021 -0.048796 -0.028201 0.006780 0.023522 -0.001234 -0.000132 0.000000 
0.000000 -0.004362 -0.203815 -0.656164 -0.914687 -0.889371 -0.844047 -0.803416 -0.804390 -0.770487 -0.639810 -0.462695 -0.393790 -0.408321 -0.513350 -0.621324 -0.700665 -0.830848 -0.942494 -0.868842 -0.290386 0.137983 0.298778 0.413087 0.377271 0.206137 0.018983 -0.055700 -0.044012 -0.024086 0.009005 0.050881 0.012291 0.000207 0.000000 
0.000104 -0.004053 -0.221554 -0.695453 -0.935318 -0.902719 -0.855846 -0.814366 -0.789943 -0.799972 -0.724173 -0.543653 -0.397742 -0.415583 -0.552638 -0.662122 -0.751211 -0.880140 -0.999209 -0.985377 -0.494040 -0.077168 0.063508 0.187876 0.202260 0.079876 -0.051767 -0.050689 -0.037212 -0.016394 0.015082 0.071123 0.033493 0.000746 -0.000039 
0.000001 -0.003007 -0.186816 -0.687991 -0.947895 -0.916895 -0.871101 -0.828903 -0.794427 -0.785846 -0.754474 -0.639224 -0.507580 -0.479062 -0.585991 -0.647950 -0.732196 -0.858895 -0.965374 -0.914708 -0.479398 -0.156338 -0.169503 -0.160742 -0.145880 -0.101306 -0.060045 -0.043310 -0.026802 -0.004564 0.027387 0.088524 0.052288 0.001289 0.000072 
0.000014 -0.001745 -0.119600 -0.618142 -0.951932 -0.930402 -0.887017 -0.846862 -0.808940 -0.745406 -0.702238 -0.705832 -0.724689 -0.692963 -0.677947 -0.657662 -0.719619 -0.828953 -0.931360 -0.801016 -0.409393 -0.255625 -0.414096 -0.524833 -0.473071 -0.281473 -0.074728 -0.032726 -0.013662 0.011609 0.045532 0.105666 0.058886 0.001506 0.000038 
0.000000 -0.000792 -0.055165 -0.473331 -0.920220 -0.940439 -0.904333 -0.865827 -0.804503 -0.710999 -0.650880 -0.717343 -0.854164 -0.931083 -0.958382 -0.917095 -0.898233 -0.961782 -1.051069 -0.844578 -0.524832 -0.501772 -0.651900 -0.731724 -0.630304 -0.414032 -0.163390 -0.018905 0.005303 0.033200 0.072155 0.119976 0.049748 0.001334 0.000000 
0.000000 -0.000304 -0.015713 -0.274132 -0.788135 -0.940489 -0.917398 -0.881569 -0.788078 -0.683463 -0.647140 -0.746541 -0.870126 -0.990184 -1.106808 -1.158086 -1.164423 -1.241455 -1.216858 -0.917722 -0.627567 -0.641092 -0.709542 -0.755542 -0.699902 -0.504638 -0.249343 -0.008853 0.029143 0.060033 0.107827 0.118749 0.028183 0.000953 0.000000 
0.000000 -0.000120 -0.002366 -0.117749 -0.514095 -0.871407 -0.920031 -0.884083 -0.773414 -0.665686 -0.661595 -0.780231 -0.894735 -1.001375 -1.105520 -1.186628 -1.214802 -1.234424 -1.056745 -0.741314 -0.589518 -0.623389 -0.680992 -0.733361 -0.722684 -0.553926 -0.299462 -0.024205 0.059735 0.098383 0.135487 0.088409 0.007746 0.000526 0.000000 
0.000000 -0.000079 -0.000629 -0.034662 -0.242412 -0.605728 -0.858077 -0.872067 -0.761458 -0.660444 -0.676593 -0.799184 -0.909738 -1.011919 -1.107220 -1.198063 -1.185474 -1.019022 -0.752983 -0.560526 -0.529209 -0.585462 -0.644623 -0.699822 -0.711217 -0.559129 -0.309657 -0.023809 0.101339 0.136944 0.117792 0.041650 0.001172 0.000191 0.000000 
0.000000 0.000000 -0.000324 -0.005496 -0.084108 -0.309975 -0.570490 -0.740014 -0.733093 -0.650372 -0.678953 -0.803213 -0.910849 -1.007116 -1.080108 -1.098457 -0.993994 -0.745911 -0.530613 -0.447775 -0.481393 -0.543843 -0.604498 -0.661007 -0.677234 -0.531541 -0.281900 0.016882 0.137002 0.120109 0.062840 0.007478 0.000231 0.000000 0.000000 
0.000000 0.000000 -0.000181 -0.000827 -0.018424 -0.109843 -0.293412 -0.445585 -0.482354 -0.489075 -0.568871 -0.715484 -0.812646 -0.865409 -0.863481 -0.808600 -0.713899 -0.580383 -0.454886 -0.419595 -0.449766 -0.499946 -0.557932 -0.612462 -0.616855 -0.464380 -0.221601 0.041754 0.103781 0.060202 0.013184 -0.000308 -0.000072 0.000000 0.000000 
0.000000 0.000000 0.000042 -0.000387 -0.001762 -0.023130 -0.097078 -0.210466 -0.238602 -0.230731 -0.285123 -0.428200 -0.525718 -0.577276 -0.584334 -0.555874 -0.509151 -0.472891 -0.467194 -0.478151 -0.492522 -0.523535 -0.564437 -0.611535 -0.590860 -0.438691 -0.209243 0.013678 0.037693 0.008571 -0.001112 -0.000583 -0.000064 0.000000 0.000000 
0.000000 0.000000 0.000000 -0.000126 -0.000657 -0.002023 -0.014330 -0.051029 -0.061684 -0.039176 -0.057337 -0.179224 -0.283998 -0.347691 -0.375656 -0.376863 -0.377240 -0.422274 -0.481502 -0.530502 -0.564506 -0.600907 -0.640176 -0.678347 -0.608355 -0.435863 -0.190783 -0.015734 -0.002628 -0.002747 -0.001160 -0.000252 0.000000 0.000000 0.000000 
0.000000 0.000000 0.000000 0.000000 -0.000220 -0.000784 -0.001660 -0.002937 0.015612 0.076846 0.109983 0.042051 -0.079233 -0.158500 -0.219287 -0.287242 -0.353600 -0.415966 -0.475171 -0.532866 -0.592471 -0.647846 -0.696035 -0.698240 -0.576352 -0.364040 -0.120541 -0.013038 -0.004864 -0.001917 -0.000495 0.000000 0.000000 0.000000 0.000000 
0.000000 0.000000 0.000000 0.000000 0.000000 -0.000234 -0.000675 -0.000941 0.004820 0.049975 0.115961 0.119178 0.013877 -0.100084 -0.192763 -0.273411 -0.345551 -0.411060 -0.472917 -0.532728 -0.590464 -0.643369 -0.675176 -0.605880 -0.439091 -0.203344 -0.041611 -0.006933 -0.002769 -0.000729 0.000000 0.000000 0.000000 0.000000 0.000000 
0.000000 0.000000 0.000000 0.000000 0.000000 0.000000 -0.000213 -0.000426 -0.000156 0.011627 0.053815 0.092737 0.060056 -0.055606 -0.165051 -0.252799 -0.329605 -0.400385 -0.464428 -0.524627 -0.579853 -0.612726 -0.570651 -0.433009 -0.231063 -0.069847 -0.008649 -0.003370 -0.000867 0.000000 0.000000 0.000000 0.000000 0.000000 0.000000 
0.000000 0.000000 0.000000 0.000000 0.000000 0.000000 0.000000 -0.000138 -0.000256 0.000235 0.009728 0.036925 0.051753 0.008143 -0.098641 -0.209598 -0.299990 -0.375345 -0.440878 -0.493749 -0.513058 -0.466584 -0.345005 -0.198190 -0.068043 -0.009181 -0.003486 -0.000835 0.000000 0.000000 0.000000 0.000000 0.000000 0.000000 0.000000 
0.000000 0.000000 0.000000 0.000000 0.000000 0.000000 0.000000 0.000000 -0.000096 -0.000156 0.000077 0.002501 0.011899 0.013574 -0.018811 -0.092564 -0.174354 -0.246679 -0.294696 -0.308378 -0.276888 -0.208427 -0.117172 -0.035556 -0.006618 -0.002877 -0.000686 0.000000 0.000000 0.000000 0.000000 0.000000 0.000000 0.000000 0.000000 
0.000000 0.000000 0.000000 0.000000 0.000000 0.000000 0.000000 0.000000 0.000000 -0.000076 -0.000114 -0.000138 -0.000164 -0.000781 -0.005060 -0.019037 -0.045498 -0.077171 -0.096062 -0.089763 -0.060214 -0.023108 -0.007027 -0.003755 -0.001613 0.000038 0.000000 0.000000 0.000000 0.000000 0.000000 0.000000 0.000000 0.000000 0.000000 
0.000000 0.000000 0.000000 0.000000 0.000000 0.000000 0.000000 0.000000 0.000000 0.000000 0.000000 0.000000 -0.000097 -0.000275 -0.000589 -0.001158 -0.001991 -0.002931 -0.003556 -0.003574 -0.003029 -0.002132 -0.001031 0.000000 0.000000 0.000000 0.000000 0.000000 0.000000 0.000000 0.000000 0.000000 0.000000 0.000000 0.000000 
0.000000 0.000000 0.000000 0.000000 0.000000 0.000000 0.000000 0.000000 0.000000 0.000000 0.000000 0.000000 0.000000 0.000000 0.000000 0.000000 0.000063 -0.000123 -0.000112 0.000000 0.000000 0.000000 0.000000 0.000000 0.000000 0.000000 0.000000 0.000000 0.000000 0.000000 0.000000 0.000000 0.000000 0.000000 0.000000 
