0.000000 0.000000 0.000000 0.000000 0.000000 0.000000 0.000000 0.000000 0.000000 0.000000 0.000000 0.000000 0.000000 0.000000 0.000000 0.000000 0.000000 0.000002 -0.000039 -0.000005 0.000000 0.000000 0.000000 0.000000 0.000000 0.000000 0.000000 0.000000 0.000000 0.000000 0.000000 0.000000 0.000000 0.000000 0.000000 
0.000000 0.000000 0.000000 0.000000 0.000000 0.000000 0.000000 0.000000 0.000000 0.000000 0.000000 0.000000 0.000000 0.000000 0.000000 0.000000 0.000003 -0.000044 -0.000004 0.000000 0.000000 0.000000 0.000000 0.000000 0.000000 0.000000 0.000000 0.000000 0.000000 0.000000 0.000000 0.000000 0.000000 0.000000 0.000000 
0.000000 0.000000 0.000000 0.000000 0.000000 0.000000 0.000000 0.000000 0.000000 0.000000 0.000000 0.000000 -0.000428 -0.000946 -0.001463 -0.001904 -0.002189 -0.002207 -0.001984 -0.001600 -0.001179 -0.000756 -0.000355 0.000000 0.000000 0.000000 0.000000 0.000000 0.000000 0.000000 0.000000 0.000000 0.000000 0.000000 0.000000 
0.000000 0.000000 0.000000 0.000000 0.000000 0.000000 0.000000 0.000000 0.000000 -0.000031 -0.000737 -0.001773 -0.003388 -0.011293 -0.031359 -0.051620 -0.063663 -0.064271 -0.053892 -0.038045 -0.021160 -0.007656 -0.002527 -0.001371 -0.000607 -0.000020 0.000000 0.000000 0.000000 0.000000 0.000000 0.000000 0.000000 0.000000 0.000000 
0.000000 0.000000 0.000000 0.000000 0.000000 0.000000 0.000000 0.000000 -0.000370 -0.001538 -0.003354 -0.016998 -0.057234 -0.103978 -0.140807 -0.163481 -0.175395 -0.176737 -0.166946 -0.144705 -0.110254 -0.072052 -0.036974 -0.011379 -0.002506 -0.001234 -0.000326 0.000000 0.000000 0.000000 0.000000 0.000000 0.000000 0.000000 0.000000 
0.000000 0.000000 0.000000 0.000000 0.000000 0.000000 0.000000 -0.000569 -0.002055 -0.004855 -0.032848 -0.092145 -0.148472 -0.180469 -0.193174 -0.202941 -0.211835 -0.215617 -0.212299 -0.200775 -0.179869 -0.146084 -0.105742 -0.061580 -0.022536 -0.003975 -0.001835 -0.000571 0.000000 0.000000 0.000000 0.000000 0.000000 0.000000 0.000000 
0.000000 0.000000 0.000000 0.000000 0.000000 0.000000 -0.000620 -0.002158 -0.004833 -0.033959 -0.102459 -0.162719 -0.184389 -0.184717 -0.191763 -0.196922 -0.198536 -0.199988 -0.202064 -0.203065 -0.198048 -0.183173 -0.154394 -0.115378 -0.069956 -0.024796 -0.004614 -0.002291 -0.000742 0.000000 0.000000 0.000000 0.000000 0.000000 0.000000 
0.000000 0.000000 0.000000 0.000000 0.000000 -0.000536 -0.001991 -0.004337 -0.021418 -0.090215 -0.158646 -0.178384 -0.166291 -0.167805 -0.167659 -0.166004 -0.165115 -0.166850 -0.170197 -0.175244 -0.179803 -0.179658 -0.169575 -0.146608 -0.111438 -0.063792 -0.017859 -0.005005 -0.002577 -0.000810 0.000000 0.000000 0.000000 0.000000 0.000000 
0.000000 0.000000 0.000000 0.000000 -0.000399 -0.001666 -0.003784 -0.008371 -0.060159 -0.142593 -0.176428 -0.159177 -0.147434 -0.144020 -0.139740 -0.137229 -0.137824 -0.140013 -0.143578 -0.148651 -0.159810 -0.184796 -0.200463 -0.197348 -0.172470 -0.124088 -0.056242 -0.010814 -0.005201 -0.002555 -0.000718 0.000000 0.000000 0.000000 0.000000 
0.000000 0.000000 0.000000 -0.000243 -0.001328 -0.003226 -0.009001 -0.026326 -0.100776 -0.158270 -0.155610 -0.122025 -0.116495 -0.110684 -0.109133 -0.112481 -0.118036 -0.122658 -0.132237 -0.169123 -0.202994 -0.226434 -0.240383 -0.242414 -0.235520 -0.208000 -0.146455 -0.065817 -0.022916 -0.005212 -0.002240 -0.000446 0.000000 0.000000 0.000000 
0.000000 0.000000 -0.000009 -0.000941 -0.002757 -0.010707 -0.015509 -0.034245 -0.111074 -0.145493 -0.121286 -0.092030 -0.083558 -0.076293 -0.076663 -0.083236 -0.094784 -0.119572 -0.170075 -0.197728 -0.206772 -0.207886 -0.209944 -0.212129 -0.215695 -0.213421 -0.186842 -0.129753 -0.080585 -0.033549 -0.004840 -0.001602 -0.000041 0.000000 0.000000 
0.000000 0.000000 -0.000494 -0.001927 -0.010676 -0.015369 -0.000540 -0.026119 -0.103036 -0.126252 -0.091742 -0.069910 -0.059759 -0.051282 -0.047845 -0.052185 -0.073753 -0.132104 -0.172370 -0.174575 -0.155348 -0.139135 -0.132084 -0.133650 -0.140918 -0.154975 -0.153761 -0.127875 -0.111734 -0.085094 -0.031304 -0.003130 -0.000789 0.000000 0.000000 
0.000000 0.000000 -0.001157 -0.007333 -0.017548 0.001531 0.025735 -0.009364 -0.088606 -0.115949 -0.085223 -0.069180 -0.059534 -0.049684 -0.040655 -0.035813 -0.065706 -0.108422 -0.119557 -0.121222 -0.111878 -0.106325 -0.105559 -0.107947 -0.109025 -0.112503 -0.099634 -0.081048 -0.089246 -0.107748 -0.075263 -0.016333 -0.001675 0.000000 0.000000 
0.000000 -0.000342 -0.002134 -0.017083 -0.008109 0.031725 0.053166 0.011574 -0.080515 -0.115596 -0.089202 -0.073358 -0.063674 -0.052695 -0.042254 -0.043077 -0.065750 -0.066409 -0.074341 -0.096797 -0.110397 -0.107050 -0.106116 -0.107824 -0.105913 -0.107720 -0.092570 -0.057350 -0.052306 -0.090567 -0.102002 -0.049287 -0.002983 -0.000441 0.000000 
0.000000 -0.000746 -0.006237 -0.021139 0.020328 0.064838 0.069377 0.031288 -0.066950 -0.114969 -0.100080 -0.082611 -0.073328 -0.061160 -0.047979 -0.047655 -0.066321 -0.065402 -0.058351 -0.076148 -0.110007 -0.113593 -0.112979 -0.113118 -0.105464 -0.100466 -0.081625 -0.048709 -0.050010 -0.069916 -0.102888 -0.079326 -0.010485 -0.000882 0.000000 
0.000000 -0.001163 -0.015470 -0.014909 0.057485 0.086152 0.074198 0.052453 -0.040383 -0.107734 -0.112510 -0.094527 -0.087011 -0.074966 -0.055141 -0.045320 -0.067383 -0.054024 -0.032330 -0.034198 -0.095933 -0.121847 -0.125192 -0.120372 -0.104833 -0.091421 -0.065374 -0.037735 -0.053496 -0.071790 -0.095015 -0.098740 -0.028203 -0.001283 0.000000 
0.000000 -0.001565 -0.023641 0.000743 0.087931 0.094904 0.077146 0.059836 0.000093 -0.082911 -0.118223 -0.111596 -0.115796 -0.112592 -0.083003 -0.102245 -0.141227 -0.114266 -0.076014 -0.045846 -0.085280 -0.129094 -0.133674 -0.118029 -0.097748 -0.074121 -0.044520 -0.037332 -0.056498 -0.079710 -0.096559 -0.111014 -0.044663 -0.001627 0.000000 
-0.000000 -0.001872 -0.028690 0.019957 0.104895 0.100290 0.080396 0.062512 0.041539 -0.032798 -0.106939 -0.151775 -0.168848 -0.164413 -0.132711 -0.173423 -0.212170 -0.178517 -0.138123 -0.110194 -0.132889 -0.165964 -0.143661 -0.110698 -0.079739 -0.049647 -0.029684 -0.041148 -0.060334 -0.086460 -0.106583 -0.122188 -0.055924 -0.001908 0.000000 
-0.000094 -0.001968 -0.030048 0.030681 0.112945 0.104343 0.084268 0.066158 0.052309 0.014663 -0.091778 -0.164005 -0.165866 -0.158264 -0.133076 -0.195092 -0.239738 -0.203981 -0.159751 -0.132926 -0.157994 -0.182862 -0.121849 -0.088633 -0.064578 -0.033706 -0.033557 -0.047400 -0.066914 -0.093550 -0.117945 -0.131767 -0.061031 -0.002034 -0.000023 
-0.000000 -0.001827 -0.027483 0.029335 0.116515 0.109770 0.088924 0.070803 0.051466 -0.006684 -0.056711 -0.077606 -0.082371 -0.092353 -0.093921 -0.174880 -0.238195 -0.204050 -0.155410 -0.115987 -0.116610 -0.115665 -0.068275 -0.047688 -0.055870 -0.057452 -0.044510 -0.056063 -0.076262 -0.104643 -0.129166 -0.139640 -0.057256 -0.001975 0.000000 
0.000000 -0.001496 -0.022264 0.016599 0.111344 0.114529 0.094625 0.076509 0.026056 -0.033160 -0.035609 0.009503 0.023366 0.017971 0.021971 -0.043415 -0.119595 -0.086283 -0.031925 0.009297 -0.015369 -0.037915 -0.034038 -0.038251 -0.063943 -0.082072 -0.073226 -0.067345 -0.089254 -0.117448 -0.141759 -0.140063 -0.045719 -0.001729 0.000000 
0.000000 -0.001099 -0.014730 0.001148 0.090286 0.117375 0.101560 0.078885 0.002662 -0.038470 -0.007874 0.044516 0.064226 0.076279 0.090801 0.071473 0.012243 0.032060 0.067312 0.058766 -0.011199 -0.038423 -0.044919 -0.051020 -0.070745 -0.100949 -0.103981 -0.084600 -0.105197 -0.132045 -0.157045 -0.126856 -0.028088 -0.001365 0.000000 
0.000000 -0.000710 -0.005881 -0.010120 0.053680 0.107795 0.108243 0.071371 -0.008171 -0.029994 0.020319 0.063501 0.078389 0.090731 0.104057 0.091620 0.035168 0.021751 0.028452 -0.005749 -0.048913 -0.054347 -0.056194 -0.062267 -0.079351 -0.117040 -0.132627 -0.115845 -0.123958 -0.152226 -0.163890 -0.097062 -0.010455 -0.000913 0.000000 
0.000000 -0.000334 -0.001829 -0.012357 0.015964 0.076566 0.103793 0.066474 -0.007021 -0.016472 0.044237 0.079246 0.092332 0.103836 0.115976 0.114583 0.063089 0.017712 -0.021116 -0.058618 -0.075112 -0.072460 -0.073384 -0.079419 -0.096176 -0.139737 -0.161824 -0.147438 -0.148356 -0.173916 -0.143881 -0.055321 -0.003355 -0.000432 0.000000 
0.000000 0.000000 -0.000997 -0.006189 -0.005738 0.034165 0.075165 0.054948 -0.002314 -0.003994 0.060310 0.093444 0.106048 0.116658 0.127573 0.133753 0.085825 -0.011472 -0.077241 -0.104082 -0.100663 -0.096411 -0.097312 -0.103584 -0.121415 -0.165820 -0.190109 -0.186077 -0.180131 -0.164935 -0.093571 -0.017110 -0.001839 0.000000 0.000000 
0.000000 0.000000 -0.000451 -0.001506 -0.007487 0.000100 0.033457 0.028962 -0.019151 -0.011524 0.058948 0.101404 0.114607 0.121760 0.122142 0.112497 0.077290 -0.017037 -0.104372 -0.139708 -0.140657 -0.135894 -0.135174 -0.141940 -0.166542 -0.216173 -0.240697 -0.214082 -0.170027 -0.109332 -0.034798 -0.003548 -0.000793 0.000000 0.000000 
0.000000 0.000000 -0.000011 -0.000776 -0.002055 -0.006714 -0.001375 -0.001337 -0.046802 -0.046975 0.015022 0.072797 0.085978 0.090249 0.083083 0.067524 0.044541 0.006664 -0.064849 -0.120634 -0.154096 -0.172088 -0.184470 -0.194809 -0.221291 -0.251787 -0.243497 -0.175814 -0.101424 -0.038123 -0.005500 -0.001690 -0.000035 0.000000 0.000000 
0.000000 0.000000 0.000000 -0.000216 -0.001032 -0.002362 -0.005999 -0.015441 -0.065607 -0.088432 -0.047198 0.024024 0.040950 0.045002 0.039514 0.027608 0.016239 0.009896 -0.002838 -0.050988 -0.101721 -0.139687 -0.164797 -0.179939 -0.206013 -0.211665 -0.165396 -0.077312 -0.025824 -0.005967 -0.002429 -0.000428 0.000000 0.000000 0.000000 
0.000000 0.000000 0.000000 0.000000 -0.000339 -0.001281 -0.002826 -0.006238 -0.047005 -0.103166 -0.101223 -0.043076 -0.003927 0.005143 0.007736 0.008746 0.006954 0.003629 -0.001345 -0.008018 -0.021408 -0.052324 -0.079087 -0.101867 -0.119966 -0.109269 -0.057807 -0.012015 -0.005858 -0.002793 -0.000706 0.000000 0.000000 0.000000 0.000000 
0.000000 0.000000 0.000000 0.000000 0.000000 -0.000437 -0.001545 -0.003294 -0.017109 -0.070026 -0.109001 -0.089786 -0.036028 -0.013339 -0.005538 -0.002599 -0.002229 -0.005064 -0.009549 -0.016122 -0.023523 -0.030700 -0.040880 -0.061546 -0.074174 -0.057318 -0.018825 -0.005465 -0.002818 -0.000842 0.000000 0.000000 0.000000 0.000000 0.000000 
0.000000 0.000000 0.000000 0.000000 0.000000 0.000000 -0.000504 -0.001683 -0.003705 -0.027077 -0.077118 -0.105791 -0.086119 -0.044309 -0.024762 -0.019057 -0.017379 -0.018709 -0.022397 -0.027613 -0.032501 -0.040749 -0.056059 -0.067432 -0.057342 -0.024936 -0.004874 -0.002500 -0.000807 0.000000 0.000000 0.000000 0.000000 0.000000 0.000000 
0.000000 0.000000 0.000000 0.000000 0.000000 0.000000 0.000000 -0.000464 -0.001607 -0.003733 -0.026044 -0.068612 -0.096866 -0.091765 -0.064931 -0.044660 -0.037121 -0.035807 -0.036578 -0.039684 -0.048019 -0.058233 -0.062192 -0.049197 -0.022288 -0.004089 -0.001988 -0.000648 0.000000 0.000000 0.000000 0.000000 0.000000 0.000000 0.000000 
0.000000 0.000000 0.000000 0.000000 0.000000 0.000000 0.000000 0.000000 -0.000308 -0.001211 -0.002548 -0.013509 -0.043705 -0.072657 -0.086236 -0.084268 -0.077165 -0.071254 -0.068025 -0.065758 -0.060133 -0.049501 -0.032172 -0.011579 -0.002476 -0.001323 -0.000371 0.000000 0.000000 0.000000 0.000000 0.000000 0.000000 0.000000 0.000000 
0.000000 0.000000 0.000000 0.000000 0.000000 0.000000 0.000000 0.000000 0.000000 -0.000028 -0.000598 -0.001364 -0.002536 -0.008910 -0.024749 -0.039300 -0.046884 -0.046795 -0.040422 -0.031102 -0.019524 -0.007433 -0.002240 -0.001310 -0.000641 -0.000026 0.000000 0.000000 0.000000 0.000000 0.000000 0.000000 0.000000 0.000000 0.000000 
0.000000 0.000000 0.000000 0.000000 0.000000 0.000000 0.000000 0.000000 0.000000 0.000000 0.000000 0.000000 -0.000353 -0.000744 -0.001105 -0.001400 -0.001592 -0.001609 -0.001477 -0.001245 -0.000986 -0.000694 -0.000359 0.000000 0.000000 0.000000 0.000000 0.000000 0.000000 0.000000 0.000000 0.000000 0.000000 0.000000 0.000000 
