-0.000000 -0.000000 -0.000000 -0.000000 -0.000000 -0.000000 -0.000000 -0.000000 -0.000000 -0.000000 -0.000000 -0.000000 -0.000000 -0.000000 -0.000000 -0.000000 -0.000416 -0.000292 -0.000300 -0.000000 -0.000000 -0.000000 -0.000000 -0.000000 -0.000000 -0.000000 -0.000000 -0.000000 -0.000000 -0.000000 -0.000000 -0.000000 -0.000000 -0.000000 -0.000000 
-0.000000 -0.000000 -0.000000 -0.000000 -0.000000 -0.000000 -0.000000 -0.000000 -0.000000 -0.000000 -0.000000 -0.000000 0.000575 0.000844 0.000421 -0.000703 -0.002374 -0.004069 -0.004939 -0.004679 -0.003635 -0.002290 -0.000972 -0.000000 -0.000000 -0.000000 -0.000000 -0.000000 -0.000000 -0.000000 -0.000000 -0.000000 -0.000000 -0.000000 -0.000000 
-0.000000 -0.000000 -0.000000 -0.000000 -0.000000 -0.000000 -0.000000 -0.000000 -0.000000 0.000187 0.001824 0.003512 0.005690 0.024959 0.066162 0.083087 0.061476 0.007945 -0.047839 -0.075714 -0.061484 -0.023917 -0.006399 -0.003114 -0.001206 -0.000044 -0.000000 -0.000000 -0.000000 -0.000000 -0.000000 -0.000000 -0.000000 -0.000000 -0.000000 
-0.000000 -0.000000 -0.000000 -0.000000 -0.000000 -0.000000 -0.000000 -0.000000 0.001224 0.004378 0.008512 0.052242 0.179335 0.307438 0.399143 0.470504 0.529317 0.531644 0.451353 0.284041 0.078848 -0.045878 -0.063824 -0.025151 -0.004558 -0.001940 -0.000408 -0.000000 -0.000000 -0.000000 -0.000000 -0.000000 -0.000000 -0.000000 -0.000000 
-0.000000 -0.000000 -0.000000 -0.000000 -0.000000 -0.000000 -0.000000 0.002096 0.006456 0.014500 0.113681 0.320483 0.537157 0.719467 0.835222 0.916101 0.956139 0.974008 0.977960 0.931726 0.749171 0.402279 0.089493 -0.037293 -0.030362 -0.004964 -0.001951 -0.000431 -0.000000 -0.000000 -0.000000 -0.000000 -0.000000 -0.000000 -0.000000 
-0.000000 -0.000000 -0.000000 -0.000000 -0.000000 -0.000000 0.002312 0.007454 0.015888 0.123167 0.387946 0.678572 0.800968 0.851223 0.899604 0.921578 0.940072 0.957622 0.972960 0.982802 0.979837 0.881940 0.547136 0.195805 -0.001257 -0.020800 -0.003687 -0.001573 -0.000402 -0.000000 -0.000000 -0.000000 -0.000000 -0.000000 -0.000000 
-0.000000 -0.000000 -0.000000 -0.000000 -0.000000 0.001994 0.007341 0.015608 0.079178 0.356896 0.695659 0.808169 0.818245 0.851562 0.865546 0.880057 0.895165 0.913273 0.931393 0.950528 0.964131 0.964810 0.878999 0.524060 0.197816 0.008267 -0.010784 -0.002755 -0.001295 -0.000335 -0.000000 -0.000000 -0.000000 -0.000000 -0.000000 
-0.000000 -0.000000 -0.000000 -0.000000 0.001483 0.006324 0.014584 0.033216 0.246445 0.653556 0.848195 0.839087 0.844265 0.838582 0.831203 0.837615 0.850941 0.867998 0.888656 0.910273 0.928040 0.930073 0.914607 0.745192 0.386517 0.119899 -0.008069 -0.005210 -0.002539 -0.001162 -0.000269 -0.000000 -0.000000 -0.000000 -0.000000 
-0.000000 -0.000000 -0.000000 0.000890 0.004947 0.012864 0.044170 0.136221 0.505265 0.833983 0.882222 0.830766 0.831316 0.830006 0.829989 0.823083 0.814520 0.827118 0.847010 0.845746 0.830979 0.818147 0.806868 0.773264 0.463177 0.167446 -0.016827 -0.044285 -0.013813 -0.002731 -0.001045 -0.000188 -0.000000 -0.000000 -0.000000 
-0.000000 -0.000000 0.000048 0.003370 0.010707 0.054881 0.109068 0.225251 0.615290 0.802326 0.754783 0.694581 0.695339 0.707040 0.737824 0.771115 0.795554 0.796858 0.777781 0.747164 0.724553 0.711582 0.710635 0.700968 0.507340 0.188207 -0.027832 -0.118700 -0.070858 -0.023696 -0.002846 -0.000855 0.000055 -0.000000 -0.000000 
-0.000000 -0.000000 0.001743 0.006782 0.049108 0.097858 0.070347 0.172168 0.530102 0.638957 0.545212 0.489463 0.488096 0.504073 0.545945 0.616681 0.698077 0.726381 0.702221 0.685544 0.691266 0.713924 0.734926 0.740493 0.618778 0.272842 0.011971 -0.146477 -0.133922 -0.077976 -0.022340 -0.002013 -0.000407 -0.000000 -0.000000 
-0.000000 -0.000000 0.003785 0.028367 0.081414 0.025709 -0.095704 0.016986 0.389011 0.537132 0.471686 0.428317 0.422505 0.417197 0.418032 0.443774 0.499470 0.576007 0.654949 0.731207 0.787527 0.828212 0.853447 0.862616 0.775570 0.434538 0.157195 -0.059642 -0.124131 -0.113858 -0.063342 -0.010342 -0.001009 -0.000000 -0.000000 
-0.000000 0.001036 0.006519 0.059472 0.019218 -0.157942 -0.283433 -0.091189 0.356223 0.534043 0.474787 0.417525 0.411837 0.405865 0.402364 0.407476 0.391486 0.442040 0.619287 0.804812 0.898701 0.935465 0.958288 0.966112 0.873926 0.538066 0.271281 0.076322 -0.002815 -0.066743 -0.081876 -0.034129 -0.001901 -0.000236 -0.000000 
-0.000000 0.002062 0.018064 0.040720 -0.148967 -0.336478 -0.345686 -0.183614 0.297762 0.532850 0.507452 0.424187 0.417660 0.411803 0.413663 0.430241 0.428678 0.459566 0.575246 0.798524 0.986890 1.033986 1.054613 1.058632 0.924792 0.591635 0.343505 0.164875 0.114601 0.063989 -0.026755 -0.047853 -0.005616 -0.000417 -0.000000 
-0.000000 0.002843 0.034488 -0.046057 -0.336503 -0.406519 -0.370983 -0.299698 0.180215 0.512417 0.560629 0.456264 0.437397 0.439397 0.464878 0.518747 0.532203 0.550251 0.576626 0.735015 1.033947 1.125108 1.143797 1.131526 0.917472 0.601101 0.381391 0.232805 0.206399 0.177137 0.095604 -0.018708 -0.011454 -0.000443 -0.000000 
-0.000000 0.003277 0.027650 -0.172711 -0.448419 -0.437504 -0.393992 -0.348848 -0.019141 0.422706 0.609742 0.551418 0.500669 0.507150 0.556043 0.617497 0.637358 0.613350 0.595695 0.670941 0.982849 1.173446 1.215123 1.154232 0.856202 0.576166 0.392990 0.299677 0.285465 0.263391 0.215077 0.059707 -0.006579 -0.000156 -0.000000 
0.000067 0.003174 -0.002264 -0.288271 -0.501815 -0.466605 -0.418001 -0.373276 -0.269667 0.199657 0.577808 0.703598 0.614873 0.557031 0.630708 0.719274 0.749837 0.726733 0.699225 0.706858 0.962996 1.200345 1.198910 1.047504 0.753346 0.536751 0.393525 0.363851 0.355289 0.338105 0.305590 0.145405 0.014585 0.000496 -0.000160 
0.000126 0.002593 -0.035385 -0.356304 -0.536394 -0.493755 -0.445971 -0.400783 -0.356097 -0.145079 0.360792 0.706116 0.750605 0.629229 0.725120 0.861895 0.884555 0.859211 0.815282 0.792217 1.050146 1.267505 1.086777 0.798363 0.610179 0.493609 0.429894 0.423486 0.418127 0.406205 0.378486 0.219827 0.047411 0.001476 0.000061 
-0.000007 0.001879 -0.052008 -0.375766 -0.570361 -0.528345 -0.477974 -0.432964 -0.386654 -0.297622 -0.068115 0.333731 0.660977 0.780269 0.888574 1.003594 1.019348 0.980109 0.932479 0.902185 1.102142 1.177301 0.866596 0.589297 0.466864 0.457863 0.483858 0.479700 0.476923 0.467165 0.440867 0.267108 0.073189 0.002333 -0.000011 
-0.000000 0.001253 -0.045764 -0.343163 -0.596174 -0.564187 -0.514886 -0.470756 -0.397693 -0.317679 -0.279931 -0.180704 0.093798 0.427183 0.800766 1.113989 1.177983 1.086471 0.956419 0.847397 0.974959 0.883283 0.639124 0.469301 0.407916 0.462131 0.523293 0.533791 0.533472 0.523703 0.488739 0.280682 0.075249 0.002690 -0.000000 
-0.000000 0.000797 -0.024378 -0.266412 -0.584437 -0.602515 -0.556612 -0.508626 -0.415986 -0.350640 -0.334712 -0.338820 -0.313205 -0.214500 0.031102 0.463133 0.691964 0.670753 0.526431 0.468814 0.627306 0.618371 0.539063 0.486063 0.441225 0.475794 0.550647 0.588983 0.587784 0.575653 0.500909 0.255698 0.053018 0.002466 -0.000000 
-0.000000 0.000477 -0.004907 -0.161452 -0.486575 -0.623917 -0.601798 -0.545072 -0.447793 -0.390337 -0.385236 -0.386424 -0.378520 -0.374027 -0.339678 -0.125293 0.089099 0.123285 0.136744 0.359983 0.611441 0.622883 0.587669 0.547024 0.494329 0.507406 0.582586 0.638917 0.637097 0.602678 0.453549 0.196817 0.020682 0.001818 -0.000000 
-0.000000 0.000240 0.000338 -0.065530 -0.304548 -0.558376 -0.631660 -0.585196 -0.493178 -0.443970 -0.441408 -0.439330 -0.434915 -0.435520 -0.435208 -0.315482 -0.077478 0.102331 0.300980 0.572158 0.698279 0.677050 0.643418 0.604890 0.553163 0.549105 0.619924 0.683088 0.664152 0.560920 0.336553 0.112502 0.006294 0.000895 -0.000000 
-0.000000 -0.000000 0.000420 -0.010556 -0.131763 -0.374554 -0.550713 -0.594279 -0.541372 -0.498715 -0.498424 -0.496078 -0.493862 -0.496926 -0.504299 -0.468818 -0.239848 0.109870 0.466161 0.708778 0.748878 0.728074 0.696674 0.659464 0.607855 0.596346 0.656865 0.683342 0.599473 0.430589 0.194587 0.033923 0.003426 -0.000000 -0.000000 
-0.000000 -0.000000 0.000235 0.000079 -0.028420 -0.153706 -0.350173 -0.464724 -0.482891 -0.499070 -0.530731 -0.538370 -0.534059 -0.521588 -0.491049 -0.423780 -0.240001 0.117025 0.461409 0.641588 0.707396 0.726602 0.713356 0.679216 0.615887 0.580030 0.594501 0.573128 0.441198 0.230488 0.066858 0.006207 0.001491 -0.000000 -0.000000 
-0.000000 -0.000000 0.000011 0.000252 -0.000646 -0.028692 -0.120866 -0.244037 -0.295167 -0.337834 -0.389038 -0.413143 -0.404435 -0.372386 -0.315278 -0.225486 -0.107188 0.080452 0.290955 0.430220 0.521451 0.569913 0.573806 0.545998 0.475854 0.440122 0.434522 0.368403 0.205107 0.069529 0.008809 0.002686 -0.000043 -0.000000 -0.000000 
-0.000000 -0.000000 -0.000000 0.000113 0.000167 -0.000328 -0.012407 -0.050980 -0.077846 -0.111327 -0.162647 -0.199553 -0.190425 -0.158065 -0.105937 -0.034854 0.035376 0.052088 0.071830 0.170068 0.262936 0.317124 0.329318 0.303232 0.237355 0.214026 0.192027 0.121893 0.041695 0.008449 0.003356 0.000653 -0.000000 -0.000000 -0.000000 
-0.000000 -0.000000 -0.000000 -0.000000 0.000072 0.000246 0.000607 0.001428 0.023268 0.050998 0.036410 -0.000354 -0.002908 0.016269 0.038638 0.043070 0.040145 0.035227 0.027402 0.016522 0.010313 0.031414 0.035543 -0.001701 -0.036210 -0.015532 0.015313 0.013108 0.006893 0.003301 0.000811 -0.000000 -0.000000 -0.000000 -0.000000 
-0.000000 -0.000000 -0.000000 -0.000000 -0.000000 0.000159 0.000627 0.001700 0.012582 0.052302 0.078085 0.062571 0.037108 0.036205 0.035277 0.031797 0.027002 0.018824 0.008510 -0.007333 -0.027769 -0.054984 -0.090547 -0.128605 -0.103340 -0.037964 0.002843 0.004980 0.002786 0.000870 -0.000000 -0.000000 -0.000000 -0.000000 -0.000000 
-0.000000 -0.000000 -0.000000 -0.000000 -0.000000 -0.000000 0.000286 0.001115 0.002890 0.022731 0.057165 0.067460 0.041723 0.019368 0.016854 0.013423 0.007400 -0.002157 -0.015397 -0.033707 -0.056558 -0.087634 -0.124744 -0.114398 -0.057735 -0.007777 0.003029 0.002020 0.000733 -0.000000 -0.000000 -0.000000 -0.000000 -0.000000 -0.000000 
-0.000000 -0.000000 -0.000000 -0.000000 -0.000000 -0.000000 -0.000000 0.000356 0.001509 0.003725 0.023809 0.049205 0.050868 0.025317 -0.001207 -0.012163 -0.019156 -0.029504 -0.044399 -0.065222 -0.092591 -0.118544 -0.105891 -0.057504 -0.011524 0.001566 0.001319 0.000525 -0.000000 -0.000000 -0.000000 -0.000000 -0.000000 -0.000000 -0.000000 
-0.000000 -0.000000 -0.000000 -0.000000 -0.000000 -0.000000 -0.000000 -0.000000 0.000400 0.001466 0.003061 0.013985 0.034189 0.035893 0.015057 -0.015661 -0.038798 -0.057686 -0.073994 -0.088386 -0.094065 -0.074477 -0.036043 -0.005629 0.000772 0.000791 0.000286 -0.000000 -0.000000 -0.000000 -0.000000 -0.000000 -0.000000 -0.000000 -0.000000 
-0.000000 -0.000000 -0.000000 -0.000000 -0.000000 -0.000000 -0.000000 -0.000000 -0.000000 0.000018 0.000830 0.001791 0.003072 0.009090 0.017419 0.013067 -0.002467 -0.021875 -0.035221 -0.034541 -0.020656 -0.005180 -0.000382 0.000122 0.000198 0.000069 -0.000000 -0.000000 -0.000000 -0.000000 -0.000000 -0.000000 -0.000000 -0.000000 -0.000000 
-0.000000 -0.000000 -0.000000 -0.000000 -0.000000 -0.000000 -0.000000 -0.000000 -0.000000 -0.000000 -0.000000 -0.000000 0.000474 0.000920 0.001160 0.001107 0.000759 0.000184 -0.000257 -0.000427 -0.000373 -0.000206 -0.000056 -0.000000 -0.000000 -0.000000 -0.000000 -0.000000 -0.000000 -0.000000 -0.000000 -0.000000 -0.000000 -0.000000 -0.000000 
-0.000000 -0.000000 -0.000000 -0.000000 -0.000000 -0.000000 -0.000000 -0.000000 -0.000000 -0.000000 -0.000000 -0.000000 -0.000000 -0.000000 -0.000000 -0.000000 0.000133 -0.000012 0.000082 -0.000000 -0.000000 -0.000000 -0.000000 -0.000000 -0.000000 -0.000000 -0.000000 -0.000000 -0.000000 -0.000000 -0.000000 -0.000000 -0.000000 -0.000000 -0.000000 
