-0.000000 -0.000000 -0.000000 -0.000000 -0.000000 -0.000000 -0.000000 -0.000000 -0.000000 -0.000000 -0.000000 -0.000000 -0.000000 -0.000000 -0.000000 -0.000000 0.000127 0.000179 0.000109 -0.000000 -0.000000 -0.000000 -0.000000 -0.000000 -0.000000 -0.000000 -0.000000 -0.000000 -0.000000 -0.000000 -0.000000 -0.000000 -0.000000 -0.000000 -0.000000 
-0.000000 -0.000000 -0.000000 -0.000000 -0.000000 -0.000000 -0.000000 -0.000000 -0.000000 -0.000000 -0.000000 -0.000000 0.000816 0.001852 0.002966 0.004079 0.004949 0.005188 0.004617 0.003524 0.002342 0.001313 0.000505 -0.000000 -0.000000 -0.000000 -0.000000 -0.000000 -0.000000 -0.000000 -0.000000 -0.000000 -0.000000 -0.000000 -0.000000 
-0.000000 -0.000000 -0.000000 -0.000000 -0.000000 -0.000000 -0.000000 -0.000000 -0.000000 0.000009 0.001283 0.003108 0.006421 0.027062 0.087499 0.161599 0.220598 0.242072 0.213738 0.151629 0.078643 0.022299 0.004357 0.001764 0.000595 -0.000014 -0.000000 -0.000000 -0.000000 -0.000000 -0.000000 -0.000000 -0.000000 -0.000000 -0.000000 
-0.000000 -0.000000 -0.000000 -0.000000 -0.000000 -0.000000 -0.000000 -0.000000 0.000570 0.002459 0.005678 0.036812 0.143770 0.301248 0.476245 0.629959 0.716440 0.733904 0.690125 0.585852 0.428917 0.261916 0.118367 0.026893 0.002974 0.000974 0.000141 -0.000000 -0.000000 -0.000000 -0.000000 -0.000000 -0.000000 -0.000000 -0.000000 
-0.000000 -0.000000 -0.000000 -0.000000 -0.000000 -0.000000 -0.000000 0.000818 0.003020 0.007984 0.069939 0.229776 0.455751 0.702586 0.880131 0.945783 0.951838 0.936710 0.912625 0.869787 0.778494 0.601481 0.377926 0.181132 0.048979 0.003562 0.000818 0.000096 -0.000000 -0.000000 -0.000000 -0.000000 -0.000000 -0.000000 -0.000000 
-0.000000 -0.000000 -0.000000 -0.000000 -0.000000 -0.000000 0.000769 0.002895 0.007263 0.068170 0.248291 0.510982 0.763139 0.927033 0.958186 0.949058 0.933244 0.914530 0.893689 0.869701 0.839349 0.776907 0.618574 0.401462 0.183690 0.042886 0.001881 0.000155 -0.000123 -0.000000 -0.000000 -0.000000 -0.000000 -0.000000 -0.000000 
-0.000000 -0.000000 -0.000000 -0.000000 -0.000000 0.000572 0.002324 0.005707 0.038343 0.202135 0.468787 0.725637 0.917467 0.946596 0.936077 0.918478 0.898686 0.878588 0.858715 0.838559 0.815580 0.786232 0.726141 0.555765 0.345981 0.136076 0.018256 -0.000357 -0.000746 -0.000353 -0.000000 -0.000000 -0.000000 -0.000000 -0.000000 
-0.000000 -0.000000 -0.000000 -0.000000 0.000311 0.001565 0.004101 0.010996 0.114325 0.359328 0.622113 0.853068 0.929349 0.923347 0.907429 0.886669 0.864600 0.843625 0.824198 0.805187 0.778381 0.725473 0.669250 0.571412 0.393885 0.208053 0.049255 -0.002458 -0.002253 -0.001423 -0.000454 -0.000000 -0.000000 -0.000000 -0.000000 
-0.000000 -0.000000 -0.000000 0.000183 0.000919 0.002477 0.003809 0.021315 0.190572 0.446882 0.691655 0.873906 0.880707 0.871658 0.860317 0.849441 0.836468 0.815915 0.784220 0.706534 0.630309 0.571221 0.524462 0.475201 0.326551 0.154946 0.001137 -0.059958 -0.023127 -0.003680 -0.001597 -0.000336 -0.000000 -0.000000 -0.000000 
-0.000000 -0.000000 0.000013 0.000459 0.001170 -0.003604 -0.020485 0.007437 0.214809 0.460742 0.694402 0.807071 0.803582 0.794330 0.787579 0.786898 0.790904 0.764511 0.673083 0.595386 0.548921 0.520023 0.496201 0.462418 0.349404 0.165407 -0.020225 -0.144816 -0.107740 -0.038170 -0.004019 -0.001232 -0.000009 -0.000000 -0.000000 
-0.000000 -0.000000 0.000169 0.000460 -0.007864 -0.041554 -0.086506 -0.043155 0.175635 0.416156 0.644002 0.712988 0.706129 0.696007 0.690848 0.698297 0.694030 0.643928 0.612434 0.603814 0.614765 0.627259 0.625044 0.600148 0.505336 0.302497 0.079610 -0.116908 -0.162471 -0.106114 -0.033274 -0.002468 -0.000576 -0.000000 -0.000000 
-0.000000 -0.000000 0.000141 -0.004616 -0.048532 -0.122265 -0.183774 -0.129268 0.102343 0.363102 0.602993 0.661404 0.649941 0.627886 0.605274 0.586899 0.545627 0.556304 0.653147 0.743124 0.777790 0.779348 0.764241 0.735281 0.656165 0.469380 0.260808 0.035645 -0.088605 -0.120478 -0.076801 -0.014294 -0.001075 -0.000000 -0.000000 
-0.000000 0.000006 -0.000395 -0.033879 -0.129597 -0.232079 -0.283864 -0.195296 0.058123 0.324041 0.570285 0.639459 0.628495 0.605272 0.575064 0.514177 0.463866 0.556839 0.728450 0.854487 0.884134 0.875094 0.856573 0.825799 0.741182 0.553862 0.351891 0.166261 0.075793 -0.019582 -0.070168 -0.037173 -0.001501 -0.000184 -0.000000 
-0.000000 -0.000160 -0.005771 -0.094553 -0.243113 -0.328598 -0.324665 -0.252974 -0.004244 0.263184 0.519975 0.625575 0.618503 0.596243 0.560870 0.507104 0.526807 0.621247 0.736042 0.886357 0.964612 0.959044 0.937690 0.903371 0.797349 0.603962 0.404401 0.232044 0.181676 0.134727 0.021094 -0.028405 -0.004456 -0.000156 -0.000000 
-0.000000 -0.000531 -0.027684 -0.181961 -0.348467 -0.371344 -0.349275 -0.313473 -0.092822 0.171716 0.440138 0.607263 0.618716 0.611754 0.596023 0.613770 0.696737 0.735905 0.755507 0.897000 1.032328 1.038427 1.010570 0.964079 0.820060 0.617762 0.423242 0.279507 0.258610 0.235557 0.159810 0.033627 -0.003075 0.000233 -0.000000 
-0.000000 -0.001143 -0.064419 -0.277144 -0.408909 -0.397888 -0.370977 -0.344241 -0.205960 0.046941 0.319742 0.567090 0.673901 0.702791 0.714052 0.776000 0.867784 0.839668 0.806514 0.915872 1.088686 1.119160 1.086423 0.998907 0.807527 0.597316 0.414821 0.332644 0.323429 0.307713 0.269411 0.135286 0.019894 0.001081 -0.000000 
-0.000040 -0.001911 -0.104704 -0.349312 -0.444075 -0.421785 -0.391975 -0.364869 -0.319384 -0.113430 0.173311 0.512290 0.731424 0.759074 0.773521 0.861305 0.931403 0.895942 0.856604 0.932506 1.126862 1.188037 1.124073 0.975401 0.754407 0.544880 0.403295 0.384950 0.380503 0.369584 0.346681 0.229512 0.062385 0.002304 -0.000048 
-0.000079 -0.002569 -0.132915 -0.390262 -0.470390 -0.444287 -0.414188 -0.386540 -0.361109 -0.259016 0.032561 0.345749 0.589221 0.689742 0.778082 0.926683 0.987615 0.950925 0.900934 0.954032 1.168414 1.226042 1.071225 0.851296 0.650527 0.490022 0.437451 0.433790 0.432106 0.425920 0.408334 0.302347 0.106028 0.003546 0.000192 
-0.000102 -0.002792 -0.133760 -0.401376 -0.494731 -0.469317 -0.438124 -0.410446 -0.375974 -0.270068 -0.127919 0.045889 0.236859 0.440408 0.683706 0.942604 1.023516 0.983181 0.931781 0.985060 1.146723 1.105603 0.883932 0.664559 0.529945 0.497672 0.485911 0.480307 0.480909 0.475787 0.461174 0.346825 0.127291 0.004223 0.000093 
-0.000000 -0.002529 -0.106900 -0.376144 -0.513367 -0.494540 -0.464319 -0.436633 -0.355155 -0.245620 -0.203733 -0.213307 -0.152178 -0.004882 0.260470 0.614162 0.816747 0.812255 0.744203 0.775522 0.885639 0.797702 0.639254 0.537246 0.507784 0.528238 0.538823 0.525601 0.527563 0.523705 0.505298 0.357733 0.113866 0.004071 -0.000000 
-0.000000 -0.001962 -0.062082 -0.309827 -0.509954 -0.519792 -0.492135 -0.459161 -0.338129 -0.248053 -0.249732 -0.308890 -0.332667 -0.322588 -0.225020 0.068966 0.312374 0.344980 0.322869 0.440675 0.595151 0.589823 0.555771 0.542485 0.534248 0.555804 0.582357 0.573999 0.572771 0.568265 0.522965 0.319293 0.071901 0.003279 -0.000000 
-0.000000 -0.001278 -0.019715 -0.212859 -0.448023 -0.533713 -0.520866 -0.468893 -0.338695 -0.269054 -0.298970 -0.355053 -0.380029 -0.400615 -0.396299 -0.237130 -0.011087 0.085158 0.179301 0.410580 0.581256 0.595616 0.587882 0.580136 0.571669 0.589051 0.623225 0.625260 0.614747 0.595417 0.480247 0.234090 0.025298 0.002194 -0.000000 
-0.000000 -0.000577 -0.004520 -0.107933 -0.321447 -0.488454 -0.538071 -0.482075 -0.355615 -0.300873 -0.345583 -0.395027 -0.420327 -0.442473 -0.458916 -0.383453 -0.158052 0.074883 0.310401 0.547435 0.636692 0.634842 0.628057 0.621052 0.613027 0.625419 0.660998 0.669799 0.639859 0.554535 0.356384 0.124454 0.006942 0.001011 -0.000000 
-0.000000 -0.000000 -0.002185 -0.028016 -0.174618 -0.364935 -0.479821 -0.478743 -0.379418 -0.333638 -0.383495 -0.430508 -0.456444 -0.478748 -0.494875 -0.468560 -0.275811 0.050346 0.392162 0.615746 0.668976 0.672538 0.667714 0.661414 0.652515 0.662082 0.693094 0.667372 0.567645 0.416164 0.199086 0.034835 0.003488 -0.000000 -0.000000 
-0.000000 -0.000000 -0.000894 -0.003965 -0.054101 -0.191226 -0.344545 -0.395684 -0.334794 -0.318927 -0.383045 -0.439347 -0.461646 -0.469087 -0.455083 -0.407419 -0.270236 0.025181 0.336479 0.509384 0.595832 0.643481 0.662575 0.662976 0.643644 0.626667 0.609582 0.536688 0.399924 0.217738 0.063902 0.005817 0.001412 -0.000000 -0.000000 
-0.000000 -0.000000 0.000001 -0.001655 -0.005460 -0.052626 -0.157268 -0.248331 -0.221384 -0.211887 -0.272483 -0.341317 -0.359333 -0.353691 -0.317699 -0.248296 -0.142878 0.014516 0.178908 0.304946 0.402874 0.468212 0.502095 0.508283 0.484240 0.461070 0.425119 0.324516 0.180027 0.062198 0.007893 0.002392 -0.000039 -0.000000 -0.000000 
-0.000000 -0.000000 -0.000000 -0.000373 -0.001906 -0.004411 -0.027618 -0.077253 -0.066236 -0.046669 -0.088842 -0.166313 -0.184358 -0.172994 -0.132408 -0.064654 0.003779 0.016250 0.030278 0.103988 0.184647 0.243898 0.277830 0.283594 0.258189 0.237028 0.190863 0.104885 0.034981 0.007224 0.002853 0.000523 -0.000000 -0.000000 -0.000000 
-0.000000 -0.000000 -0.000000 -0.000000 -0.000475 -0.001545 -0.002509 -0.003373 0.031896 0.104092 0.113995 0.055271 0.018979 0.022651 0.037987 0.034451 0.027429 0.022072 0.018304 0.015652 0.019040 0.044146 0.063938 0.056189 0.042288 0.042560 0.031031 0.011027 0.005732 0.002765 0.000651 -0.000000 -0.000000 -0.000000 -0.000000 
-0.000000 -0.000000 -0.000000 -0.000000 -0.000000 -0.000350 -0.000771 -0.000615 0.013738 0.086314 0.163176 0.162978 0.110331 0.081488 0.062674 0.048919 0.038397 0.030835 0.024261 0.018566 0.012643 0.006165 -0.006814 -0.026602 -0.017020 0.001728 0.007216 0.004090 0.002325 0.000697 -0.000000 -0.000000 -0.000000 -0.000000 -0.000000 
-0.000000 -0.000000 -0.000000 -0.000000 -0.000000 -0.000000 -0.000120 0.000031 0.001146 0.028410 0.098293 0.156399 0.148484 0.106546 0.082059 0.065485 0.052596 0.042573 0.033714 0.025822 0.017479 0.002124 -0.023355 -0.027228 -0.010948 0.002470 0.002520 0.001701 0.000645 -0.000000 -0.000000 -0.000000 -0.000000 -0.000000 -0.000000 
-0.000000 -0.000000 -0.000000 -0.000000 -0.000000 -0.000000 -0.000000 0.000076 0.000509 0.002118 0.028122 0.083080 0.125906 0.131242 0.106951 0.085271 0.069079 0.056067 0.044609 0.030283 0.007522 -0.021304 -0.030869 -0.017334 -0.001994 0.001249 0.001086 0.000479 -0.000000 -0.000000 -0.000000 -0.000000 -0.000000 -0.000000 -0.000000 
-0.000000 -0.000000 -0.000000 -0.000000 -0.000000 -0.000000 -0.000000 -0.000000 0.000104 0.000551 0.001472 0.013136 0.047379 0.077044 0.084665 0.073434 0.058176 0.040732 0.019436 -0.005315 -0.025515 -0.027426 -0.014809 -0.002582 0.000335 0.000525 0.000231 -0.000000 -0.000000 -0.000000 -0.000000 -0.000000 -0.000000 -0.000000 -0.000000 
-0.000000 -0.000000 -0.000000 -0.000000 -0.000000 -0.000000 -0.000000 -0.000000 -0.000000 -0.000003 0.000276 0.000651 0.001329 0.006966 0.019592 0.024793 0.017750 0.002636 -0.011177 -0.016700 -0.012211 -0.004216 -0.000929 -0.000232 0.000035 0.000061 -0.000000 -0.000000 -0.000000 -0.000000 -0.000000 -0.000000 -0.000000 -0.000000 -0.000000 
-0.000000 -0.000000 -0.000000 -0.000000 -0.000000 -0.000000 -0.000000 -0.000000 -0.000000 -0.000000 -0.000000 -0.000000 0.000112 0.000191 0.000140 -0.000088 -0.000484 -0.000934 -0.001189 -0.001132 -0.000854 -0.000497 -0.000190 -0.000000 -0.000000 -0.000000 -0.000000 -0.000000 -0.000000 -0.000000 -0.000000 -0.000000 -0.000000 -0.000000 -0.000000 
-0.000000 -0.000000 -0.000000 -0.000000 -0.000000 -0.000000 -0.000000 -0.000000 -0.000000 -0.000000 -0.000000 -0.000000 -0.000000 -0.000000 -0.000000 -0.000000 0.000054 -0.000094 -0.000006 -0.000000 -0.000000 -0.000000 -0.000000 -0.000000 -0.000000 -0.000000 -0.000000 -0.000000 -0.000000 -0.000000 -0.000000 -0.000000 -0.000000 -0.000000 -0.000000 
