-0.000000 -0.000000 -0.000000 -0.000000 -0.000000 -0.000000 -0.000000 -0.000000 -0.000000 -0.000000 -0.000000 -0.000000 -0.000000 -0.000000 -0.000000 -0.000000 -0.000000 -0.000000 -0.000000 -0.000000 -0.000000 -0.000000 -0.000000 -0.000000 -0.000000 -0.000000 -0.000000 -0.000000 -0.000000 -0.000000 -0.000000 -0.000000 -0.000000 -0.000000 -0.000000 
-0.000000 -0.000000 -0.000000 -0.000000 -0.000000 -0.000000 -0.000000 -0.000000 -0.000000 -0.000000 -0.000000 -0.000000 -0.000420 -0.001019 -0.001654 -0.002236 -0.002670 -0.002813 -0.002642 -0.002232 -0.001728 -0.001173 -0.000559 -0.000000 -0.000000 -0.000000 -0.000000 -0.000000 -0.000000 -0.000000 -0.000000 -0.000000 -0.000000 -0.000000 -0.000000 
-0.000000 -0.000000 -0.000000 -0.000000 -0.000000 -0.000000 -0.000000 -0.000000 -0.000000 -0.000000 -0.000701 -0.001859 -0.003911 -0.016670 -0.054345 -0.094214 -0.120179 -0.126967 -0.110523 -0.079510 -0.043769 -0.014402 -0.004326 -0.002464 -0.001141 -0.000000 -0.000000 -0.000000 -0.000000 -0.000000 -0.000000 -0.000000 -0.000000 -0.000000 -0.000000 
-0.000000 -0.000000 -0.000000 -0.000000 -0.000000 -0.000000 -0.000000 -0.000000 -0.000281 -0.001462 -0.003631 -0.024472 -0.096521 -0.188051 -0.266866 -0.323751 -0.357696 -0.372289 -0.362542 -0.320496 -0.244835 -0.159259 -0.080142 -0.022913 -0.004894 -0.002500 -0.000672 -0.000000 -0.000000 -0.000000 -0.000000 -0.000000 -0.000000 -0.000000 -0.000000 
-0.000000 -0.000000 -0.000000 -0.000000 -0.000000 -0.000000 -0.000000 -0.000479 -0.001893 -0.005170 -0.049304 -0.155828 -0.267048 -0.346649 -0.387032 -0.406649 -0.421126 -0.434580 -0.448482 -0.456129 -0.436401 -0.359829 -0.246531 -0.135286 -0.046411 -0.007293 -0.003509 -0.001049 -0.000000 -0.000000 -0.000000 -0.000000 -0.000000 -0.000000 -0.000000 
-0.000000 -0.000000 -0.000000 -0.000000 -0.000000 -0.000000 -0.000404 -0.001782 -0.004787 -0.048534 -0.168102 -0.290276 -0.346458 -0.359422 -0.368396 -0.375677 -0.382382 -0.391978 -0.405826 -0.424916 -0.447326 -0.455705 -0.395951 -0.286512 -0.155949 -0.050225 -0.008273 -0.004055 -0.001263 -0.000000 -0.000000 -0.000000 -0.000000 -0.000000 -0.000000 
-0.000000 -0.000000 -0.000000 -0.000000 -0.000000 -0.000256 -0.001280 -0.003456 -0.026457 -0.141062 -0.273570 -0.326670 -0.328034 -0.333572 -0.336706 -0.338986 -0.342444 -0.350314 -0.362735 -0.381683 -0.406235 -0.435952 -0.453195 -0.390332 -0.281492 -0.141220 -0.034151 -0.008677 -0.004320 -0.001225 -0.000000 -0.000000 -0.000000 -0.000000 -0.000000 
-0.000000 -0.000000 -0.000000 -0.000000 -0.000089 -0.000696 -0.002120 -0.006011 -0.076121 -0.214579 -0.285348 -0.282372 -0.281883 -0.294089 -0.305352 -0.307933 -0.311154 -0.318017 -0.330260 -0.348542 -0.378234 -0.433187 -0.489249 -0.496427 -0.412987 -0.277480 -0.108451 -0.018569 -0.009106 -0.004255 -0.000974 -0.000000 -0.000000 -0.000000 -0.000000 
-0.000000 -0.000000 -0.000000 -0.000013 -0.000287 -0.000931 0.001176 0.002322 -0.088611 -0.180263 -0.192633 -0.167315 -0.175890 -0.189301 -0.213896 -0.247836 -0.280259 -0.294006 -0.317187 -0.393621 -0.483250 -0.564471 -0.630513 -0.676690 -0.625782 -0.502867 -0.305301 -0.115160 -0.036744 -0.009560 -0.003949 -0.000700 -0.000000 -0.000000 -0.000000 
-0.000000 -0.000000 -0.000000 -0.000115 -0.000370 0.005814 0.035156 0.050231 -0.053607 -0.120445 -0.108088 -0.090207 -0.095462 -0.099725 -0.118478 -0.154157 -0.206749 -0.290429 -0.421956 -0.545314 -0.653943 -0.742408 -0.809308 -0.859639 -0.845172 -0.739808 -0.559587 -0.319437 -0.165427 -0.060574 -0.009277 -0.003112 -0.000000 -0.000000 -0.000000 
-0.000000 -0.000000 -0.000093 -0.000270 0.003541 0.034583 0.095056 0.085163 -0.044544 -0.114374 -0.099252 -0.094318 -0.094596 -0.087447 -0.082950 -0.094866 -0.162942 -0.354523 -0.575747 -0.740431 -0.856055 -0.941754 -1.002778 -1.049115 -1.051844 -0.953518 -0.784274 -0.543116 -0.361181 -0.201927 -0.061679 -0.006972 -0.001689 -0.000000 -0.000000 
-0.000000 -0.000000 -0.000338 -0.001220 0.017210 0.075468 0.118775 0.064749 -0.093180 -0.175767 -0.165935 -0.167910 -0.170246 -0.162106 -0.143955 -0.134394 -0.242276 -0.486569 -0.746724 -0.929958 -1.008859 -1.042028 -1.070701 -1.108459 -1.126978 -1.063613 -0.950977 -0.740188 -0.562237 -0.399934 -0.193051 -0.033090 -0.004166 -0.000000 -0.000000 
-0.000000 -0.000159 -0.000922 -0.003024 0.030443 0.081559 0.083295 0.015850 -0.144368 -0.229124 -0.220584 -0.222309 -0.226995 -0.223005 -0.215283 -0.267876 -0.477067 -0.702698 -0.868755 -0.976795 -1.020369 -1.035792 -1.061128 -1.098392 -1.113963 -1.049310 -0.945784 -0.800517 -0.718953 -0.593544 -0.366486 -0.125170 -0.008139 -0.001136 -0.000000 
-0.000000 -0.000508 -0.004052 -0.012319 0.024372 0.045605 0.036795 -0.009143 -0.164600 -0.260825 -0.265464 -0.263233 -0.270572 -0.270506 -0.279595 -0.427874 -0.740171 -0.922234 -0.917903 -0.942238 -1.003820 -1.026577 -1.052848 -1.090575 -1.088907 -1.014490 -0.905544 -0.763032 -0.737747 -0.720852 -0.550960 -0.259574 -0.026813 -0.002605 -0.000000 
-0.000000 -0.001082 -0.016160 -0.038490 -0.005017 0.006090 -0.001550 -0.016855 -0.151991 -0.270164 -0.298943 -0.294346 -0.301571 -0.289635 -0.296406 -0.520387 -0.843715 -0.934805 -0.906359 -0.906163 -0.990752 -1.029499 -1.053140 -1.084318 -1.049377 -0.957277 -0.837407 -0.713462 -0.723641 -0.740119 -0.678065 -0.392242 -0.079474 -0.004162 -0.000000 
-0.000000 -0.001926 -0.038723 -0.080174 -0.038699 -0.029434 -0.031048 -0.035467 -0.108018 -0.243618 -0.317116 -0.308393 -0.266029 -0.199813 -0.216203 -0.507434 -0.811814 -0.822601 -0.824118 -0.795454 -0.888226 -1.024246 -1.086975 -1.078274 -0.992441 -0.880958 -0.751554 -0.684925 -0.705605 -0.726857 -0.723554 -0.514519 -0.145549 -0.005682 -0.000000 
-0.000000 -0.002940 -0.068444 -0.123328 -0.075394 -0.060172 -0.056191 -0.055596 -0.066159 -0.180568 -0.273221 -0.248046 -0.172397 -0.123685 -0.214010 -0.560273 -0.809393 -0.794012 -0.765591 -0.682993 -0.712959 -0.883231 -1.048878 -1.058967 -0.923541 -0.779139 -0.666924 -0.666614 -0.687896 -0.709944 -0.722384 -0.570256 -0.194270 -0.006791 -0.000000 
-0.000000 -0.003810 -0.094607 -0.165936 -0.114374 -0.090764 -0.080295 -0.075122 -0.072496 -0.083105 -0.123766 -0.138883 -0.130628 -0.141074 -0.270954 -0.627502 -0.859635 -0.858982 -0.836392 -0.746247 -0.658766 -0.699790 -0.793560 -0.882704 -0.840921 -0.691054 -0.638884 -0.651513 -0.671670 -0.693939 -0.705746 -0.577636 -0.209912 -0.007024 -0.000000 
-0.000000 -0.004256 -0.106073 -0.206336 -0.158322 -0.123360 -0.106784 -0.096583 -0.086501 -0.026799 0.028257 0.010847 -0.057280 -0.124919 -0.282731 -0.645241 -0.906253 -0.921431 -0.917531 -0.811619 -0.643654 -0.538174 -0.465649 -0.550354 -0.677757 -0.697203 -0.636780 -0.638734 -0.657087 -0.674440 -0.679599 -0.541231 -0.188821 -0.006459 -0.000000 
-0.000000 -0.003991 -0.093963 -0.236813 -0.212590 -0.163789 -0.138977 -0.122528 -0.089695 -0.012595 0.072856 0.116643 0.080984 0.009983 -0.132557 -0.472114 -0.794872 -0.843484 -0.833647 -0.654175 -0.440884 -0.310967 -0.228900 -0.284095 -0.526061 -0.685025 -0.674542 -0.626847 -0.641551 -0.652676 -0.639545 -0.466487 -0.137659 -0.005144 -0.000000 
-0.000000 -0.003193 -0.058848 -0.229130 -0.270449 -0.216944 -0.180487 -0.157215 -0.101323 -0.015795 0.069146 0.112160 0.117454 0.104118 0.038263 -0.200286 -0.502010 -0.623194 -0.604152 -0.413948 -0.245261 -0.179374 -0.148687 -0.173836 -0.396149 -0.635583 -0.696630 -0.619854 -0.621094 -0.621004 -0.567032 -0.346750 -0.074099 -0.003597 -0.000000 
-0.000000 -0.002130 -0.021538 -0.184648 -0.299458 -0.285148 -0.236151 -0.201479 -0.131071 -0.038234 0.044728 0.075585 0.079228 0.076490 0.055041 -0.077502 -0.325388 -0.503960 -0.480341 -0.304772 -0.191159 -0.153118 -0.131348 -0.134267 -0.296746 -0.571691 -0.687995 -0.623153 -0.587659 -0.560404 -0.443502 -0.224333 -0.023864 -0.002154 -0.000000 
-0.000000 -0.000974 -0.006715 -0.102669 -0.257488 -0.328907 -0.310701 -0.264128 -0.181601 -0.083939 -0.000727 0.024214 0.026323 0.021227 0.008545 -0.061180 -0.233927 -0.364955 -0.347068 -0.217539 -0.153616 -0.125344 -0.105310 -0.103613 -0.225600 -0.513089 -0.654415 -0.600929 -0.522262 -0.436717 -0.290419 -0.107645 -0.006623 -0.000896 -0.000000 
-0.000000 -0.000000 -0.003530 -0.028995 -0.161624 -0.291267 -0.342977 -0.335630 -0.257439 -0.154135 -0.068575 -0.044367 -0.042873 -0.049885 -0.060437 -0.073559 -0.125262 -0.156070 -0.103322 -0.071305 -0.081312 -0.072933 -0.058929 -0.058406 -0.169364 -0.453616 -0.592770 -0.506349 -0.382507 -0.291180 -0.153827 -0.028172 -0.003232 -0.000000 -0.000000 
-0.000000 -0.000000 -0.001441 -0.005883 -0.056073 -0.176165 -0.284801 -0.333148 -0.295816 -0.217360 -0.140845 -0.114565 -0.108749 -0.102187 -0.084658 -0.041524 0.022591 0.073290 0.117517 0.099930 0.075321 0.061940 0.057257 0.049776 -0.073963 -0.339242 -0.449801 -0.355228 -0.244538 -0.150031 -0.049470 -0.005321 -0.001257 -0.000000 -0.000000 
-0.000000 -0.000000 -0.000000 -0.002572 -0.007696 -0.056214 -0.151431 -0.237620 -0.245376 -0.193210 -0.129000 -0.096103 -0.083416 -0.057829 -0.011110 0.065072 0.171749 0.266964 0.254952 0.228421 0.214963 0.209596 0.205366 0.192702 0.015914 -0.237027 -0.323537 -0.213523 -0.116354 -0.045986 -0.007119 -0.002284 -0.000000 -0.000000 -0.000000 
-0.000000 -0.000000 -0.000000 -0.000548 -0.003073 -0.007204 -0.031897 -0.088869 -0.113398 -0.081134 -0.027479 0.016766 0.035899 0.073946 0.134477 0.214162 0.290325 0.321692 0.340438 0.331604 0.321622 0.317426 0.312495 0.282538 0.036014 -0.174250 -0.195878 -0.082340 -0.027556 -0.007415 -0.002959 -0.000485 -0.000000 -0.000000 -0.000000 
-0.000000 -0.000000 -0.000000 -0.000000 -0.000715 -0.002834 -0.005380 -0.008721 -0.003781 0.047664 0.115817 0.171337 0.200910 0.235545 0.274953 0.296071 0.314396 0.335591 0.358703 0.382502 0.400758 0.403481 0.392935 0.273259 0.016649 -0.123401 -0.081241 -0.014684 -0.007293 -0.003340 -0.000747 -0.000000 -0.000000 -0.000000 -0.000000 
-0.000000 -0.000000 -0.000000 -0.000000 -0.000000 -0.000684 -0.002118 -0.003285 0.001916 0.050988 0.143275 0.220975 0.264264 0.281733 0.296712 0.312779 0.331388 0.351039 0.372903 0.393530 0.411542 0.419171 0.372280 0.144890 -0.051872 -0.088738 -0.028664 -0.007072 -0.003544 -0.000984 -0.000000 -0.000000 -0.000000 -0.000000 -0.000000 
-0.000000 -0.000000 -0.000000 -0.000000 -0.000000 -0.000000 -0.000513 -0.001146 -0.001001 0.016904 0.083669 0.182644 0.255708 0.290897 0.309902 0.327176 0.345602 0.364462 0.383710 0.400216 0.409498 0.368346 0.182260 -0.010922 -0.076374 -0.039419 -0.006731 -0.003432 -0.001081 -0.000000 -0.000000 -0.000000 -0.000000 -0.000000 -0.000000 
-0.000000 -0.000000 -0.000000 -0.000000 -0.000000 -0.000000 -0.000000 -0.000214 -0.000305 0.000789 0.024616 0.093907 0.184189 0.266093 0.310148 0.334666 0.353647 0.371242 0.383749 0.374673 0.303996 0.148262 -0.000240 -0.057929 -0.034554 -0.005724 -0.002918 -0.000960 -0.000000 -0.000000 -0.000000 -0.000000 -0.000000 -0.000000 -0.000000 
-0.000000 -0.000000 -0.000000 -0.000000 -0.000000 -0.000000 -0.000000 -0.000000 -0.000067 0.000235 0.001399 0.015389 0.068482 0.141332 0.205837 0.246128 0.264778 0.267311 0.241793 0.173880 0.069671 -0.010811 -0.034858 -0.015927 -0.003440 -0.001964 -0.000550 -0.000000 -0.000000 -0.000000 -0.000000 -0.000000 -0.000000 -0.000000 -0.000000 
-0.000000 -0.000000 -0.000000 -0.000000 -0.000000 -0.000000 -0.000000 -0.000000 -0.000000 -0.000000 0.000361 0.001212 0.003051 0.014169 0.046576 0.078014 0.090715 0.079834 0.048047 0.012589 -0.007810 -0.005917 -0.001857 -0.001423 -0.000796 -0.000000 -0.000000 -0.000000 -0.000000 -0.000000 -0.000000 -0.000000 -0.000000 -0.000000 -0.000000 
-0.000000 -0.000000 -0.000000 -0.000000 -0.000000 -0.000000 -0.000000 -0.000000 -0.000000 -0.000000 -0.000000 -0.000000 0.000430 0.001086 0.001841 0.002502 0.002783 0.002476 0.001691 0.000777 0.000078 -0.000261 -0.000242 -0.000000 -0.000000 -0.000000 -0.000000 -0.000000 -0.000000 -0.000000 -0.000000 -0.000000 -0.000000 -0.000000 -0.000000 
-0.000000 -0.000000 -0.000000 -0.000000 -0.000000 -0.000000 -0.000000 -0.000000 -0.000000 -0.000000 -0.000000 -0.000000 -0.000000 -0.000000 -0.000000 -0.000000 -0.000000 -0.000000 -0.000000 -0.000000 -0.000000 -0.000000 -0.000000 -0.000000 -0.000000 -0.000000 -0.000000 -0.000000 -0.000000 -0.000000 -0.000000 -0.000000 -0.000000 -0.000000 -0.000000 
