0.000000 0.000000 0.000000 0.000000 0.000000 0.000000 0.000000 0.000000 0.000000 0.000000 0.000000 0.000000 0.000000 0.000000 0.000000 0.000000 0.000000 0.000000 0.000000 0.000000 0.000000 0.000000 0.000000 0.000000 0.000000 0.000000 0.000000 0.000000 0.000000 0.000000 0.000000 0.000000 0.000000 0.000000 0.000000 
0.000000 0.000000 0.000000 0.000000 0.000000 0.000000 0.000000 0.000000 0.000000 0.000000 0.000000 0.000000 0.000000 0.000000 0.000000 0.000000 0.000000 0.000000 0.000000 0.000000 0.000000 0.000000 0.000000 0.000000 0.000000 0.000000 0.000000 0.000000 0.000000 0.000000 0.000000 0.000000 0.000000 0.000000 0.000000 
0.000000 0.000000 0.000000 0.000000 0.000000 0.000000 0.000000 0.000000 0.000000 0.000000 0.000000 0.000000 -0.001020 -0.002198 -0.003228 -0.003973 -0.004258 -0.003946 -0.003224 -0.002356 -0.001539 -0.000880 -0.000346 0.000000 0.000000 0.000000 0.000000 0.000000 0.000000 0.000000 0.000000 0.000000 0.000000 0.000000 0.000000 
0.000000 0.000000 0.000000 0.000000 0.000000 0.000000 0.000000 0.000000 0.000000 0.000000 -0.001744 -0.004041 -0.007244 -0.020607 -0.049775 -0.069613 -0.074194 -0.066033 -0.047105 -0.028925 -0.015618 -0.006290 -0.002445 -0.001328 -0.000592 0.000000 0.000000 0.000000 0.000000 0.000000 0.000000 0.000000 0.000000 0.000000 0.000000 
0.000000 0.000000 0.000000 0.000000 0.000000 0.000000 0.000000 0.000000 -0.000798 -0.003311 -0.006984 -0.030221 -0.084151 -0.119039 -0.118081 -0.089878 -0.049945 -0.017203 0.001886 0.008219 0.009363 0.001365 -0.007294 -0.005949 -0.001933 -0.001009 -0.000288 0.000000 0.000000 0.000000 0.000000 0.000000 0.000000 0.000000 0.000000 
0.000000 0.000000 0.000000 0.000000 0.000000 0.000000 0.000000 -0.001053 -0.003893 -0.008758 -0.052419 -0.116882 -0.135450 -0.093006 -0.011124 0.070656 0.131802 0.174542 0.200355 0.204144 0.176938 0.126947 0.063589 0.014433 -0.004532 -0.002169 -0.001188 -0.000374 0.000000 0.000000 0.000000 0.000000 0.000000 0.000000 0.000000 
0.000000 0.000000 0.000000 0.000000 0.000000 0.000000 -0.000941 -0.003466 -0.008005 -0.052024 -0.126418 -0.138384 -0.070274 0.016190 0.090398 0.145849 0.190893 0.230332 0.264494 0.291982 0.304950 0.286251 0.224147 0.121157 0.030253 -0.002187 -0.002068 -0.001239 -0.000486 0.000000 0.000000 0.000000 0.000000 0.000000 0.000000 
0.000000 0.000000 0.000000 0.000000 0.000000 -0.000654 -0.002540 -0.005935 -0.031373 -0.114868 -0.143853 -0.083876 -0.005972 0.061769 0.111617 0.155227 0.194376 0.232730 0.268832 0.304302 0.334798 0.354644 0.339970 0.264566 0.136199 0.027927 -0.002688 -0.001870 -0.001227 -0.000486 0.000000 0.000000 0.000000 0.000000 0.000000 
0.000000 0.000000 0.000000 0.000000 -0.000322 -0.001504 -0.003784 -0.008606 -0.068390 -0.125923 -0.083218 -0.010670 0.048883 0.085597 0.114275 0.149243 0.186351 0.222996 0.260328 0.297558 0.331256 0.352465 0.369007 0.344052 0.237667 0.094115 0.005761 -0.002314 -0.001474 -0.001018 -0.000461 0.000000 0.000000 0.000000 0.000000 
0.000000 0.000000 0.000000 -0.000192 -0.000763 -0.001580 0.007604 0.020758 -0.034995 -0.038170 0.022643 0.079818 0.125444 0.158330 0.178402 0.179171 0.178811 0.208103 0.238874 0.252618 0.284261 0.329527 0.374659 0.397047 0.326806 0.176517 0.035956 -0.007131 -0.004464 -0.000822 -0.000682 -0.000284 0.000000 0.000000 0.000000 
0.000000 0.000000 0.000000 -0.000364 -0.000107 0.024925 0.082212 0.089511 0.003285 -0.004539 0.035708 0.071218 0.116733 0.162613 0.210284 0.240058 0.238754 0.196616 0.190988 0.242681 0.313277 0.385539 0.451696 0.494069 0.467966 0.320494 0.141342 0.031655 0.011147 -0.001468 -0.000020 -0.000413 0.000000 0.000000 0.000000 
0.000000 0.000000 -0.000126 0.000075 0.028611 0.109374 0.162807 0.091216 -0.043196 -0.081557 -0.070469 -0.050167 -0.005345 0.060514 0.145517 0.232503 0.268120 0.234007 0.228857 0.301846 0.388972 0.469536 0.537507 0.585257 0.587590 0.452734 0.268611 0.130746 0.080742 0.038799 0.003043 0.000493 -0.000235 0.000000 0.000000 
0.000000 0.000000 0.000032 0.014423 0.108800 0.186303 0.154077 0.004826 -0.151255 -0.163155 -0.130943 -0.106082 -0.066219 -0.018856 0.042624 0.122424 0.196958 0.297090 0.348846 0.388689 0.476556 0.555802 0.619170 0.664497 0.673600 0.533595 0.343625 0.209176 0.170339 0.122907 0.049672 0.003564 0.000345 0.000000 0.000000 
0.000000 -0.000000 0.000928 0.069914 0.191849 0.185830 0.078965 -0.037976 -0.143074 -0.145259 -0.111378 -0.089238 -0.052574 -0.010508 0.035832 0.058485 0.133225 0.331284 0.483881 0.512285 0.550867 0.617805 0.677510 0.722681 0.732558 0.587239 0.393432 0.250452 0.217891 0.199997 0.139089 0.032010 0.001934 0.000000 0.000000 
0.000000 0.000176 0.010191 0.141870 0.229353 0.143249 0.075109 0.003173 -0.110149 -0.117397 -0.076895 -0.057351 -0.024399 0.013680 0.045096 0.044319 0.155333 0.385855 0.581805 0.609651 0.606829 0.663939 0.721948 0.766500 0.763085 0.605074 0.416233 0.287580 0.251873 0.229863 0.210908 0.100171 0.006302 0.000490 0.000000 
0.000000 0.000481 0.042141 0.211794 0.230408 0.147840 0.102604 0.058537 -0.052454 -0.076236 -0.038455 -0.014792 0.005196 -0.002443 -0.062432 -0.138945 0.035393 0.290650 0.509828 0.608767 0.637303 0.691687 0.754424 0.799097 0.757221 0.583602 0.407684 0.311954 0.284121 0.252543 0.237374 0.175881 0.025383 0.001368 0.000000 
0.000000 0.000829 0.074388 0.240866 0.234801 0.183374 0.139043 0.105186 0.020612 -0.037669 -0.009893 -0.018648 -0.130494 -0.242896 -0.324550 -0.281243 0.047518 0.345494 0.545021 0.639993 0.644468 0.728432 0.786878 0.811375 0.712497 0.531544 0.385473 0.329619 0.306155 0.275226 0.243121 0.222989 0.058166 0.002407 0.000000 
0.000000 0.001084 0.094533 0.268751 0.265230 0.223582 0.181556 0.148541 0.109320 0.025057 -0.061135 -0.203907 -0.321221 -0.281976 -0.210914 -0.064681 0.277068 0.506563 0.663799 0.720947 0.699621 0.788133 0.884374 0.826086 0.624013 0.462182 0.367858 0.340217 0.318674 0.287651 0.248468 0.237586 0.080830 0.003208 0.000000 
0.000000 0.001152 0.096894 0.287644 0.305641 0.267266 0.228722 0.195916 0.165118 0.046760 -0.222374 -0.346401 -0.237110 -0.053283 -0.059456 0.003905 0.334717 0.545739 0.684313 0.691930 0.616587 0.723799 0.835084 0.789655 0.584375 0.408083 0.365512 0.342922 0.321918 0.293223 0.249754 0.232868 0.080776 0.003379 0.000000 
0.000000 0.000924 0.076458 0.291747 0.348419 0.317979 0.279034 0.246770 0.191159 -0.050595 -0.260078 -0.264113 -0.073798 0.054386 0.016490 0.044830 0.369080 0.583016 0.704450 0.650856 0.545629 0.574940 0.582070 0.595274 0.568740 0.452676 0.360440 0.337390 0.317017 0.285738 0.240434 0.208816 0.061014 0.002944 0.000000 
0.000000 0.000613 0.046258 0.259825 0.380027 0.367588 0.332628 0.300129 0.137897 -0.107760 -0.189664 -0.074293 0.020984 0.064328 0.054521 0.064759 0.375381 0.609935 0.704979 0.545920 0.365063 0.325370 0.316543 0.402269 0.535175 0.506871 0.382746 0.324522 0.303197 0.269176 0.219260 0.160648 0.029466 0.002037 0.000000 
0.000000 0.000324 0.019328 0.190780 0.376722 0.412844 0.386443 0.344429 0.096250 -0.094116 -0.071566 0.069241 0.096045 0.095836 0.054727 -0.022047 0.184881 0.434857 0.455629 0.232493 0.108658 0.137150 0.191047 0.289877 0.462219 0.517083 0.412883 0.307934 0.279644 0.241150 0.178435 0.086221 0.004250 0.001077 0.000000 
0.000000 0.000090 0.003697 0.105355 0.300762 0.433311 0.436568 0.362095 0.097193 -0.034427 0.044957 0.153566 0.157649 0.155782 0.131055 0.011345 0.038488 0.230339 0.191202 0.029820 0.023908 0.075873 0.135297 0.219005 0.381679 0.501462 0.426621 0.294899 0.241881 0.193543 0.103313 0.023069 0.000354 0.000349 0.000000 
0.000000 -0.000000 0.000765 0.037883 0.186235 0.357039 0.457366 0.384639 0.132767 0.036236 0.141725 0.216613 0.216308 0.211408 0.200579 0.112401 -0.004536 -0.018147 -0.059406 -0.083845 -0.028907 0.020563 0.080802 0.159915 0.311701 0.464326 0.408134 0.269031 0.187382 0.095634 0.019755 -0.012506 0.000956 0.000000 0.000000 
0.000000 0.000000 0.000172 0.005616 0.079592 0.219258 0.359284 0.368543 0.168203 0.093448 0.203742 0.266502 0.263859 0.254148 0.230286 0.151200 -0.073477 -0.282592 -0.327867 -0.225758 -0.118227 -0.048447 0.017660 0.098459 0.250930 0.414551 0.361578 0.191324 0.059313 -0.011664 -0.027046 -0.007342 0.000028 0.000000 0.000000 
0.000000 0.000000 -0.000034 0.000343 0.015518 0.091958 0.205849 0.246910 0.092001 0.055170 0.184302 0.256590 0.245335 0.207372 0.134405 0.021341 -0.160571 -0.393624 -0.467725 -0.392752 -0.289324 -0.191404 -0.099592 -0.006872 0.161230 0.303529 0.217794 0.037845 -0.054198 -0.046820 -0.018888 -0.000413 -0.000267 0.000000 0.000000 
0.000000 0.000000 0.000000 -0.000044 0.000287 0.016673 0.072712 0.113359 -0.025839 -0.090558 0.011060 0.101390 0.084933 0.038432 -0.045720 -0.149201 -0.251983 -0.348790 -0.433768 -0.454177 -0.418992 -0.350205 -0.267067 -0.167169 0.038942 0.159319 0.077593 -0.053057 -0.058955 -0.022235 -0.001303 -0.000571 0.000000 0.000000 0.000000 
0.000000 0.000000 0.000000 -0.000039 -0.000196 -0.000527 0.005652 0.019961 -0.092988 -0.230616 -0.195677 -0.086308 -0.097345 -0.138078 -0.200124 -0.264161 -0.301550 -0.308742 -0.322604 -0.372907 -0.396900 -0.376652 -0.315477 -0.201639 0.040792 0.120459 0.048932 -0.026892 -0.013083 -0.001207 -0.000796 -0.000239 0.000000 0.000000 0.000000 
0.000000 0.000000 0.000000 0.000000 -0.000114 -0.000562 -0.001875 -0.005579 -0.074341 -0.264207 -0.341119 -0.259086 -0.229973 -0.252174 -0.277104 -0.289640 -0.298783 -0.303179 -0.301213 -0.290509 -0.270836 -0.250611 -0.189585 0.000262 0.191386 0.187704 0.070225 0.002492 0.000019 -0.000597 -0.000341 0.000000 0.000000 0.000000 0.000000 
0.000000 0.000000 0.000000 0.000000 0.000000 -0.000214 -0.001016 -0.003046 -0.021882 -0.142394 -0.314450 -0.337069 -0.264010 -0.266849 -0.275646 -0.285169 -0.291260 -0.292838 -0.286279 -0.268384 -0.233464 -0.170626 -0.027981 0.202435 0.263552 0.154859 0.027691 0.002011 0.000178 -0.000177 0.000000 0.000000 0.000000 0.000000 0.000000 
0.000000 0.000000 0.000000 0.000000 0.000000 0.000000 -0.000264 -0.001282 -0.003678 -0.036395 -0.149017 -0.283805 -0.300550 -0.258075 -0.264939 -0.271735 -0.274885 -0.271245 -0.256749 -0.225730 -0.166625 -0.029786 0.194168 0.287972 0.201299 0.059123 0.004799 0.001347 0.000141 0.000000 0.000000 0.000000 0.000000 0.000000 0.000000 
0.000000 0.000000 0.000000 0.000000 0.000000 0.000000 0.000000 -0.000277 -0.001063 -0.003164 -0.031155 -0.108981 -0.184865 -0.219240 -0.216605 -0.225074 -0.225324 -0.211288 -0.176189 -0.095088 0.062061 0.244724 0.301346 0.205098 0.066595 0.006796 0.002243 0.000407 0.000000 0.000000 0.000000 0.000000 0.000000 0.000000 0.000000 
0.000000 0.000000 0.000000 0.000000 0.000000 0.000000 0.000000 0.000000 -0.000072 -0.000506 -0.001434 -0.008881 -0.038274 -0.063028 -0.050750 -0.009376 0.027345 0.070994 0.141149 0.233951 0.294510 0.258219 0.145059 0.037977 0.005911 0.002254 0.000378 0.000000 0.000000 0.000000 0.000000 0.000000 0.000000 0.000000 0.000000 
0.000000 0.000000 0.000000 0.000000 0.000000 0.000000 0.000000 0.000000 0.000000 0.000000 0.000059 0.000059 0.000319 0.001389 0.011377 0.043595 0.094771 0.146926 0.170919 0.152780 0.094152 0.030318 0.007692 0.003576 0.001287 0.000000 0.000000 0.000000 0.000000 0.000000 0.000000 0.000000 0.000000 0.000000 0.000000 
0.000000 0.000000 0.000000 0.000000 0.000000 0.000000 0.000000 0.000000 0.000000 0.000000 0.000000 0.000000 0.000308 0.000837 0.001672 0.002936 0.004441 0.005690 0.006048 0.005366 0.003999 0.002426 0.000986 0.000000 0.000000 0.000000 0.000000 0.000000 0.000000 0.000000 0.000000 0.000000 0.000000 0.000000 0.000000 
