0.000000 0.000000 0.000000 0.000000 0.000000 0.000000 0.000000 0.000000 0.000000 0.000000 0.000000 0.000000 0.000000 0.000000 0.000000 0.000000 0.000043 0.000070 0.000105 0.000000 0.000000 0.000000 0.000000 0.000000 0.000000 0.000000 0.000000 0.000000 0.000000 0.000000 0.000000 0.000000 0.000000 0.000000 0.000000 
0.000000 0.000000 0.000000 0.000000 0.000000 0.000000 0.000000 0.000000 0.000000 0.000000 0.000000 0.000000 -0.000066 0.000053 0.000393 0.000980 0.001729 0.002379 0.002609 0.002366 0.001823 0.001171 0.000517 0.000000 0.000000 0.000000 0.000000 0.000000 0.000000 0.000000 0.000000 0.000000 0.000000 0.000000 0.000000 
0.000000 0.000000 0.000000 0.000000 0.000000 0.000000 0.000000 0.000000 0.000000 -0.000019 -0.000262 -0.000305 0.000131 0.004697 0.025021 0.060925 0.100972 0.129087 0.130028 0.103406 0.059420 0.018640 0.004256 0.002021 0.000801 -0.000007 0.000000 0.000000 0.000000 0.000000 0.000000 0.000000 0.000000 0.000000 0.000000 
0.000000 0.000000 0.000000 0.000000 0.000000 0.000000 0.000000 0.000000 -0.000235 -0.000615 -0.000720 0.003102 0.030371 0.091258 0.180744 0.278475 0.352791 0.394531 0.404854 0.377475 0.308610 0.209564 0.104425 0.026501 0.003705 0.001500 0.000321 0.000000 0.000000 0.000000 0.000000 0.000000 0.000000 0.000000 0.000000 
0.000000 0.000000 0.000000 0.000000 0.000000 0.000000 0.000000 -0.000388 -0.001119 -0.001569 0.005334 0.044487 0.127586 0.245025 0.353229 0.414333 0.448937 0.474903 0.499593 0.518790 0.514715 0.449935 0.319436 0.170573 0.051571 0.005060 0.001706 0.000399 0.000000 0.000000 0.000000 0.000000 0.000000 0.000000 0.000000 
0.000000 0.000000 0.000000 0.000000 0.000000 0.000000 -0.000658 -0.001796 -0.002912 0.000960 0.037052 0.120024 0.233405 0.331391 0.373287 0.398807 0.422292 0.444685 0.469823 0.495459 0.521735 0.536505 0.489780 0.362694 0.186725 0.049983 0.003976 0.001314 0.000263 0.000000 0.000000 0.000000 0.000000 0.000000 0.000000 
0.000000 0.000000 0.000000 0.000000 0.000000 -0.000855 -0.002571 -0.004556 -0.005701 0.015595 0.082725 0.183427 0.285204 0.324983 0.348803 0.370233 0.391124 0.413298 0.437273 0.463575 0.491663 0.521184 0.539411 0.479474 0.340763 0.152378 0.025725 0.002054 0.000524 0.000033 0.000000 0.000000 0.000000 0.000000 0.000000 
0.000000 0.000000 0.000000 0.000000 -0.000896 -0.003127 -0.006163 -0.011982 -0.026378 -0.014856 0.037896 0.126428 0.192206 0.250049 0.311824 0.342988 0.363670 0.385380 0.409247 0.435380 0.457512 0.465968 0.478985 0.475902 0.390425 0.240912 0.072190 0.002386 0.000159 -0.000264 -0.000153 0.000000 0.000000 0.000000 0.000000 
0.000000 0.000000 0.000000 -0.000623 -0.003222 -0.007702 -0.040261 -0.119430 -0.200804 -0.224701 -0.182055 -0.107184 -0.064047 -0.001782 0.087275 0.201908 0.317914 0.360209 0.374505 0.351103 0.332582 0.332669 0.349691 0.374577 0.328373 0.211492 0.056003 -0.037002 -0.015656 -0.001586 -0.000712 -0.000157 0.000000 0.000000 0.000000 
0.000000 0.000000 -0.000015 -0.002616 -0.008390 -0.070859 -0.207117 -0.366803 -0.456747 -0.467638 -0.418997 -0.365578 -0.327145 -0.266683 -0.176026 -0.051852 0.109042 0.256397 0.265680 0.240709 0.243743 0.265555 0.297769 0.331163 0.316087 0.204991 0.036804 -0.111567 -0.091296 -0.031099 -0.002524 -0.000709 -0.000003 0.000000 0.000000 
0.000000 0.000000 -0.001378 -0.005943 -0.072525 -0.252897 -0.472647 -0.627351 -0.697991 -0.697215 -0.642995 -0.602298 -0.569745 -0.519558 -0.440412 -0.321346 -0.177318 -0.039588 0.123911 0.202129 0.249458 0.299387 0.346123 0.384190 0.384052 0.269669 0.082506 -0.119233 -0.167037 -0.102899 -0.030709 -0.001737 -0.000371 0.000000 0.000000 
0.000000 0.000000 -0.003274 -0.038353 -0.233922 -0.513313 -0.726009 -0.855834 -0.878670 -0.809556 -0.712343 -0.661257 -0.639102 -0.624788 -0.606095 -0.565856 -0.514294 -0.350336 -0.047893 0.214540 0.310058 0.355840 0.395385 0.430655 0.439992 0.338832 0.161549 -0.058037 -0.163349 -0.158729 -0.087226 -0.014677 -0.000817 0.000000 0.000000 
0.000000 -0.000877 -0.006690 -0.147357 -0.457880 -0.761844 -0.916124 -0.932387 -0.886572 -0.806718 -0.705660 -0.649600 -0.627968 -0.617642 -0.617477 -0.672691 -0.731966 -0.589371 -0.237401 0.153388 0.333906 0.380890 0.420855 0.456785 0.462115 0.356197 0.178493 -0.022018 -0.108988 -0.147189 -0.128035 -0.050965 -0.001598 -0.000172 0.000000 
0.000000 -0.001959 -0.028157 -0.304661 -0.700783 -0.924241 -0.946266 -0.926241 -0.877622 -0.797853 -0.695678 -0.627134 -0.604421 -0.595065 -0.609993 -0.701323 -0.758641 -0.688382 -0.439976 0.006350 0.324348 0.401792 0.443324 0.479500 0.469417 0.350168 0.167031 -0.025546 -0.081158 -0.103753 -0.129440 -0.080457 -0.008062 -0.000298 0.000000 
0.000000 -0.003105 -0.090208 -0.477601 -0.875434 -0.956214 -0.936540 -0.909090 -0.865803 -0.791893 -0.691214 -0.604155 -0.573824 -0.559104 -0.592539 -0.710872 -0.770452 -0.772024 -0.680638 -0.257290 0.228504 0.398064 0.460156 0.495994 0.454716 0.313385 0.126921 -0.039647 -0.063138 -0.080088 -0.102254 -0.086022 -0.022301 -0.000280 0.000000 
0.000000 -0.004244 -0.165165 -0.628784 -0.940368 -0.948107 -0.919221 -0.887936 -0.853456 -0.791806 -0.699941 -0.585743 -0.512972 -0.505588 -0.610595 -0.778258 -0.863143 -0.925025 -0.944443 -0.616420 -0.065790 0.238646 0.384658 0.469716 0.405775 0.243388 0.060639 -0.035718 -0.049661 -0.064534 -0.079856 -0.072259 -0.028360 -0.000077 0.000000 
-0.000125 -0.005134 -0.224425 -0.713117 -0.946958 -0.932725 -0.899539 -0.865807 -0.837941 -0.795256 -0.698004 -0.547626 -0.464517 -0.526461 -0.693792 -0.869714 -0.927531 -0.980153 -1.019644 -0.818677 -0.309429 0.011432 0.157401 0.273812 0.266262 0.138525 -0.005252 -0.028636 -0.039251 -0.052078 -0.064200 -0.054853 -0.021577 0.000300 -0.000052 
-0.000187 -0.005379 -0.246002 -0.729776 -0.932174 -0.914103 -0.879468 -0.844795 -0.816830 -0.767083 -0.650820 -0.560842 -0.557050 -0.619996 -0.730030 -0.838065 -0.888448 -0.940840 -0.975687 -0.810652 -0.339105 -0.083906 -0.075095 -0.054885 -0.032073 -0.017088 -0.017165 -0.023242 -0.031714 -0.042146 -0.051531 -0.036605 -0.006566 0.000742 0.000085 
-0.000106 -0.004802 -0.217565 -0.686803 -0.907746 -0.893171 -0.859568 -0.825405 -0.785693 -0.677435 -0.616408 -0.655146 -0.729101 -0.735697 -0.752563 -0.808444 -0.852733 -0.893471 -0.927909 -0.746133 -0.319924 -0.178956 -0.311052 -0.394161 -0.340453 -0.183260 -0.031751 -0.019511 -0.025115 -0.033196 -0.039730 -0.016113 0.007350 0.001005 0.000008 
0.000000 -0.003689 -0.155195 -0.584677 -0.864372 -0.868751 -0.839302 -0.806454 -0.710549 -0.600294 -0.605458 -0.741967 -0.853282 -0.884840 -0.893825 -0.918130 -0.934344 -0.952373 -0.986898 -0.777780 -0.437500 -0.409064 -0.546231 -0.614590 -0.511029 -0.309854 -0.108002 -0.016918 -0.019309 -0.024871 -0.024868 0.006490 0.013134 0.000967 0.000000 
0.000000 -0.002482 -0.081351 -0.430274 -0.773797 -0.837378 -0.816044 -0.780042 -0.635796 -0.553235 -0.615132 -0.776671 -0.882895 -0.962847 -1.028843 -1.085506 -1.123794 -1.162356 -1.143655 -0.882459 -0.591666 -0.579490 -0.635452 -0.667857 -0.596199 -0.407188 -0.190133 -0.020701 -0.013106 -0.015508 -0.002825 0.024159 0.009503 0.000715 0.000000 
0.000000 -0.001420 -0.023394 -0.265329 -0.599679 -0.774115 -0.785901 -0.728367 -0.577185 -0.523546 -0.626929 -0.778596 -0.874243 -0.957867 -1.036666 -1.117692 -1.187604 -1.224682 -1.105171 -0.796233 -0.588062 -0.594439 -0.633990 -0.671786 -0.643152 -0.471735 -0.249862 -0.047041 -0.005834 0.000668 0.023106 0.024013 0.003120 0.000391 0.000000 
0.000000 -0.000566 -0.004626 -0.121953 -0.380055 -0.617279 -0.724798 -0.672288 -0.530328 -0.499337 -0.624575 -0.763900 -0.856045 -0.936830 -1.009331 -1.085213 -1.124615 -1.071376 -0.884474 -0.638044 -0.554532 -0.587021 -0.627530 -0.667374 -0.662106 -0.505231 -0.283695 -0.066976 0.008158 0.024649 0.028740 0.011222 0.000660 0.000130 0.000000 
0.000000 0.000000 -0.001930 -0.028434 -0.185279 -0.403792 -0.556137 -0.574178 -0.479964 -0.464903 -0.599503 -0.735134 -0.825441 -0.902584 -0.962910 -0.997674 -0.977404 -0.855884 -0.666562 -0.536013 -0.541317 -0.579348 -0.620694 -0.661267 -0.662332 -0.510768 -0.288357 -0.058955 0.026231 0.024898 0.013188 0.001041 0.000066 0.000000 0.000000 
0.000000 0.000000 -0.000689 -0.003239 -0.051565 -0.188296 -0.349841 -0.399123 -0.332886 -0.352217 -0.504328 -0.655471 -0.740642 -0.796932 -0.820334 -0.809131 -0.758415 -0.657554 -0.533952 -0.509388 -0.534522 -0.571252 -0.612487 -0.651821 -0.642636 -0.487054 -0.264524 -0.047526 0.013159 0.006342 -0.000593 -0.000600 -0.000129 0.000000 0.000000 
0.000000 0.000000 0.000008 -0.001131 -0.003968 -0.045575 -0.141059 -0.215528 -0.164811 -0.172303 -0.305338 -0.471855 -0.556967 -0.607461 -0.622071 -0.602227 -0.549268 -0.492641 -0.502060 -0.533149 -0.560114 -0.592551 -0.628524 -0.664557 -0.629507 -0.467966 -0.246893 -0.050035 -0.006710 -0.005158 -0.001655 -0.000683 -0.000067 0.000000 0.000000 
0.000000 0.000000 0.000000 -0.000194 -0.001021 -0.002321 -0.020173 -0.054361 -0.011369 0.010333 -0.086030 -0.265650 -0.357816 -0.410428 -0.428789 -0.418874 -0.404764 -0.438351 -0.487381 -0.542875 -0.587904 -0.629251 -0.666922 -0.697936 -0.616002 -0.435011 -0.201096 -0.036137 -0.009133 -0.002960 -0.001289 -0.000284 0.000000 0.000000 0.000000 
0.000000 0.000000 0.000000 0.000000 -0.000174 -0.000388 -0.000099 0.001471 0.054895 0.137397 0.111649 -0.038485 -0.169351 -0.234969 -0.281156 -0.333896 -0.386148 -0.434949 -0.481506 -0.526853 -0.575649 -0.628186 -0.672889 -0.670213 -0.541948 -0.331935 -0.109948 -0.012014 -0.004546 -0.001934 -0.000556 0.000000 0.000000 0.000000 0.000000 
0.000000 0.000000 0.000000 0.000000 0.000000 0.000036 0.000499 0.001798 0.021234 0.102850 0.158689 0.088258 -0.074453 -0.181359 -0.259083 -0.324173 -0.381355 -0.432996 -0.481760 -0.528307 -0.573243 -0.614429 -0.638519 -0.567992 -0.403705 -0.184917 -0.036874 -0.006186 -0.002572 -0.000732 0.000000 0.000000 0.000000 0.000000 0.000000 
0.000000 0.000000 0.000000 0.000000 0.000000 0.000000 0.000267 0.001192 0.003245 0.035527 0.101612 0.118237 0.020908 -0.131934 -0.233614 -0.306794 -0.369077 -0.425523 -0.475281 -0.522786 -0.566322 -0.592624 -0.553209 -0.418405 -0.222240 -0.064841 -0.007658 -0.002996 -0.000784 0.000000 0.000000 0.000000 0.000000 0.000000 0.000000 
0.000000 0.000000 0.000000 0.000000 0.000000 0.000000 0.000000 0.000378 0.001397 0.003620 0.030744 0.072755 0.068158 -0.019183 -0.155049 -0.263988 -0.341819 -0.403821 -0.456313 -0.499875 -0.518204 -0.478336 -0.358395 -0.203131 -0.066432 -0.008292 -0.003052 -0.000727 0.000000 0.000000 0.000000 0.000000 0.000000 0.000000 0.000000 
0.000000 0.000000 0.000000 0.000000 0.000000 0.000000 0.000000 0.000000 0.000283 0.001077 0.002207 0.012780 0.033666 0.025110 -0.034844 -0.133955 -0.226033 -0.298078 -0.343346 -0.356402 -0.320510 -0.237384 -0.127961 -0.036350 -0.006078 -0.002547 -0.000575 0.000000 0.000000 0.000000 0.000000 0.000000 0.000000 0.000000 0.000000 
0.000000 0.000000 0.000000 0.000000 0.000000 0.000000 0.000000 0.000000 0.000000 0.000004 0.000482 0.000911 0.001237 0.003381 0.000413 -0.023388 -0.066116 -0.109857 -0.131023 -0.117360 -0.074564 -0.026373 -0.007206 -0.003652 -0.001506 0.000034 0.000000 0.000000 0.000000 0.000000 0.000000 0.000000 0.000000 0.000000 0.000000 
0.000000 0.000000 0.000000 0.000000 0.000000 0.000000 0.000000 0.000000 0.000000 0.000000 0.000000 0.000000 0.000124 0.000050 -0.000372 -0.001244 -0.002487 -0.003735 -0.004406 -0.004234 -0.003417 -0.002300 -0.001071 0.000000 0.000000 0.000000 0.000000 0.000000 0.000000 0.000000 0.000000 0.000000 0.000000 0.000000 0.000000 
0.000000 0.000000 0.000000 0.000000 0.000000 0.000000 0.000000 0.000000 0.000000 0.000000 0.000000 0.000000 0.000000 0.000000 0.000000 0.000000 0.000051 -0.000201 -0.000090 0.000000 0.000000 0.000000 0.000000 0.000000 0.000000 0.000000 0.000000 0.000000 0.000000 0.000000 0.000000 0.000000 0.000000 0.000000 0.000000 
