0.000000 0.000000 0.000000 0.000000 0.000000 0.000000 0.000000 0.000000 0.000000 0.000000 0.000000 0.000000 0.000000 0.000000 0.000000 0.000000 0.000000 -0.000000 -0.000094 0.000000 0.000000 0.000000 0.000000 0.000000 0.000000 0.000000 0.000000 0.000000 0.000000 0.000000 0.000000 0.000000 0.000000 0.000000 0.000000 
0.000000 0.000000 0.000000 0.000000 0.000000 0.000000 0.000000 0.000000 0.000000 0.000000 0.000000 0.000000 0.000000 -0.000358 -0.000782 -0.001213 -0.001614 -0.001902 -0.001968 -0.001796 -0.001447 -0.001050 -0.000673 -0.000318 0.000000 0.000000 0.000000 0.000000 0.000000 0.000000 0.000000 0.000000 0.000000 0.000000 0.000000 
0.000000 0.000000 0.000000 0.000000 0.000000 0.000000 0.000000 0.000000 0.000000 0.000000 -0.000011 -0.000530 -0.001244 -0.002290 -0.006667 -0.016582 -0.025181 -0.029823 -0.030048 -0.026349 -0.020725 -0.013619 -0.005451 -0.001673 -0.000910 -0.000414 -0.000009 0.000000 0.000000 0.000000 0.000000 0.000000 0.000000 0.000000 0.000000 
0.000000 0.000000 0.000000 0.000000 0.000000 0.000000 0.000000 0.000000 0.000000 -0.000261 -0.001024 -0.002108 -0.008054 -0.019718 -0.025996 -0.020518 -0.003628 0.017682 0.030681 0.031610 0.020970 0.006757 -0.005263 -0.009721 -0.005468 -0.001325 -0.000693 -0.000197 0.000000 0.000000 0.000000 0.000000 0.000000 0.000000 0.000000 
0.000000 0.000000 0.000000 0.000000 0.000000 0.000000 0.000000 0.000000 -0.000438 -0.001462 -0.003059 -0.012233 -0.022359 -0.015984 0.012253 0.051864 0.084751 0.103489 0.112945 0.117922 0.114524 0.095907 0.061755 0.023839 -0.000926 -0.005931 -0.001753 -0.000898 -0.000301 0.000000 0.000000 0.000000 0.000000 0.000000 0.000000 
0.000000 0.000000 0.000000 0.000000 0.000000 0.000000 0.000000 -0.000586 -0.001844 -0.003604 -0.012446 -0.020990 -0.007714 0.022833 0.059717 0.083380 0.093412 0.099659 0.104343 0.110401 0.116021 0.120147 0.112916 0.085459 0.043410 0.005720 -0.004975 -0.001983 -0.001103 -0.000387 0.000000 0.000000 0.000000 0.000000 0.000000 
0.000000 0.000000 0.000000 0.000000 0.000000 0.000000 -0.000672 -0.002192 -0.004208 -0.010277 -0.020500 -0.009825 0.016339 0.048290 0.066755 0.072618 0.076219 0.079935 0.084268 0.089385 0.095552 0.103140 0.110864 0.108669 0.084561 0.042742 0.003616 -0.004724 -0.002402 -0.001344 -0.000452 0.000000 0.000000 0.000000 0.000000 
0.000000 0.000000 0.000000 0.000000 0.000000 -0.000607 -0.002348 -0.004775 -0.009290 -0.030767 -0.045323 -0.040971 -0.021205 0.003558 0.026362 0.050615 0.058907 0.062012 0.066158 0.071303 0.077438 0.080723 0.076298 0.074489 0.066789 0.043814 0.009741 -0.011000 -0.005319 -0.002856 -0.001493 -0.000426 0.000000 0.000000 0.000000 
0.000000 0.000000 0.000000 0.000000 -0.000384 -0.002195 -0.005241 -0.023330 -0.066974 -0.117245 -0.136122 -0.129123 -0.110005 -0.100467 -0.084641 -0.054146 -0.007497 0.039809 0.052309 0.053196 0.033645 0.016424 0.009519 0.012931 0.019085 0.006937 -0.021754 -0.049138 -0.040191 -0.015197 -0.003297 -0.001467 -0.000293 0.000000 0.000000 
0.000000 0.000000 0.000000 -0.000032 -0.001605 -0.005162 -0.036681 -0.100190 -0.162173 -0.185885 -0.175137 -0.150995 -0.135787 -0.135571 -0.136226 -0.130229 -0.102951 -0.044815 0.014663 0.005333 -0.013120 -0.015975 -0.008737 0.003503 0.015844 0.013219 -0.017332 -0.060817 -0.083587 -0.060050 -0.024355 -0.003425 -0.001144 -0.000026 0.000000 
0.000000 0.000000 0.000000 -0.000749 -0.003494 -0.034917 -0.113062 -0.178981 -0.199955 -0.177961 -0.137548 -0.097937 -0.086332 -0.091296 -0.107034 -0.127126 -0.139852 -0.126668 -0.091778 -0.036983 -0.013980 0.006742 0.027273 0.046332 0.061419 0.065142 0.031284 -0.024846 -0.077697 -0.088666 -0.066515 -0.023975 -0.002408 -0.000587 0.000000 
0.000000 0.000000 0.000000 -0.001799 -0.017487 -0.100044 -0.181771 -0.197772 -0.170264 -0.126929 -0.092125 -0.062251 -0.057859 -0.062055 -0.073683 -0.091231 -0.117266 -0.159981 -0.164005 -0.069400 0.015173 0.041220 0.054573 0.067942 0.082123 0.093745 0.072892 0.028927 -0.031988 -0.070398 -0.086739 -0.060713 -0.013021 -0.001338 0.000000 
0.000000 0.000000 -0.000418 -0.003408 -0.060130 -0.162785 -0.202760 -0.173073 -0.146881 -0.115150 -0.079747 -0.049095 -0.044994 -0.048780 -0.059690 -0.076086 -0.104783 -0.155060 -0.165866 -0.096158 0.012353 0.053301 0.064751 0.077438 0.091509 0.103943 0.082168 0.039604 -0.004481 -0.029246 -0.067748 -0.082553 -0.040809 -0.002515 -0.000364 
0.000000 0.000000 -0.000919 -0.011158 -0.110455 -0.196520 -0.194246 -0.167115 -0.138891 -0.106767 -0.071783 -0.041334 -0.034866 -0.036976 -0.046027 -0.060822 -0.091793 -0.141081 -0.158264 -0.115685 -0.002828 0.062135 0.075599 0.088117 0.101840 0.111813 0.085739 0.041085 0.000014 -0.014029 -0.034780 -0.075714 -0.066179 -0.009045 -0.000770 
0.000000 0.000000 -0.001406 -0.031115 -0.149033 -0.205829 -0.195349 -0.163909 -0.132496 -0.104030 -0.073249 -0.040934 -0.027524 -0.027120 -0.033007 -0.038384 -0.056566 -0.109861 -0.133076 -0.116771 -0.004466 0.074044 0.089086 0.100841 0.114442 0.115231 0.079668 0.034411 0.000493 -0.009288 -0.021176 -0.052276 -0.078010 -0.024993 -0.001162 
0.000000 0.000000 -0.001803 -0.051306 -0.170623 -0.211914 -0.197790 -0.161387 -0.129650 -0.106042 -0.080138 -0.048587 -0.026320 -0.027765 -0.028087 -0.020263 -0.070886 -0.152886 -0.195092 -0.195417 -0.074773 0.046416 0.072051 0.099270 0.124260 0.108899 0.064426 0.021169 0.001167 -0.007216 -0.018189 -0.035687 -0.077127 -0.039614 -0.001501 
0.000000 0.000010 -0.002040 -0.062658 -0.180342 -0.218300 -0.198576 -0.160532 -0.130724 -0.109937 -0.089944 -0.071386 -0.056978 -0.045318 -0.041212 -0.041254 -0.115337 -0.197694 -0.239738 -0.252672 -0.145485 -0.013885 0.010059 0.042657 0.077097 0.074923 0.039701 0.008140 -0.000145 -0.006813 -0.017339 -0.030656 -0.072217 -0.047889 -0.001742 
-0.000005 -0.000035 -0.002026 -0.062102 -0.178964 -0.220658 -0.200346 -0.163078 -0.133626 -0.114496 -0.111333 -0.123025 -0.095063 -0.051038 -0.052642 -0.041769 -0.100401 -0.169492 -0.203981 -0.213075 -0.100147 0.019805 0.008991 0.002341 -0.024831 -0.026115 -0.001575 0.001734 -0.002758 -0.008836 -0.018351 -0.030766 -0.069027 -0.048964 -0.001790 
-0.000048 0.000003 -0.001804 -0.051268 -0.166070 -0.216187 -0.203328 -0.167591 -0.138287 -0.124786 -0.158160 -0.154417 -0.105519 -0.071539 -0.060958 -0.032201 -0.071134 -0.133145 -0.159751 -0.160388 -0.036805 0.067183 0.031059 -0.023919 -0.091279 -0.122325 -0.076765 -0.010290 -0.006636 -0.012154 -0.021134 -0.032690 -0.068901 -0.043046 -0.001657 
-0.000012 0.000000 -0.001456 -0.036017 -0.141258 -0.202724 -0.205445 -0.174439 -0.145037 -0.162075 -0.183380 -0.157729 -0.112540 -0.097450 -0.081070 -0.038975 -0.048346 -0.110636 -0.132926 -0.115545 0.011797 0.063542 -0.000827 -0.057965 -0.112764 -0.156555 -0.134982 -0.058036 -0.011632 -0.016927 -0.025233 -0.037735 -0.069205 -0.033129 -0.001390 
0.000000 0.000000 -0.001087 -0.020219 -0.106250 -0.178900 -0.200681 -0.180923 -0.158392 -0.196341 -0.194265 -0.145509 -0.111272 -0.113215 -0.113580 -0.099132 -0.088599 -0.135938 -0.157994 -0.113562 -0.012050 -0.008000 -0.045340 -0.072295 -0.101269 -0.150496 -0.166602 -0.108375 -0.022826 -0.022403 -0.029869 -0.048987 -0.064137 -0.020466 -0.001078 
0.000000 0.000000 -0.000713 -0.007366 -0.069548 -0.143458 -0.183961 -0.182242 -0.185409 -0.221558 -0.200163 -0.137820 -0.112308 -0.114030 -0.119741 -0.126111 -0.132631 -0.170297 -0.182862 -0.111332 -0.034378 -0.034159 -0.048198 -0.065480 -0.090428 -0.137209 -0.179812 -0.144563 -0.051710 -0.028116 -0.039961 -0.060859 -0.052005 -0.007722 -0.000736 
0.000000 0.000000 -0.000346 -0.002390 -0.036339 -0.103910 -0.153844 -0.171570 -0.202562 -0.238093 -0.207187 -0.137648 -0.116542 -0.116969 -0.121942 -0.132024 -0.138393 -0.147494 -0.121849 -0.064442 -0.029319 -0.038088 -0.047231 -0.062531 -0.086330 -0.129611 -0.187227 -0.167087 -0.076989 -0.038886 -0.056609 -0.064024 -0.032807 -0.002377 -0.000368 
0.000000 0.000000 0.000000 -0.001325 -0.011391 -0.061511 -0.115998 -0.148538 -0.199970 -0.242452 -0.213040 -0.143538 -0.122706 -0.122045 -0.124903 -0.129436 -0.124409 -0.113452 -0.088633 -0.044935 -0.031872 -0.041957 -0.050482 -0.065198 -0.088825 -0.132051 -0.193898 -0.179900 -0.099244 -0.059616 -0.066812 -0.049267 -0.011567 -0.001357 0.000000 
0.000000 0.000000 0.000000 -0.000605 -0.002444 -0.022969 -0.071403 -0.114742 -0.176658 -0.237761 -0.219342 -0.153658 -0.127815 -0.124315 -0.121059 -0.116542 -0.106040 -0.083817 -0.064578 -0.051792 -0.055650 -0.059036 -0.063756 -0.077774 -0.102626 -0.153802 -0.217643 -0.203771 -0.115778 -0.070870 -0.055895 -0.021855 -0.002539 -0.000643 0.000000 
0.000000 0.000000 0.000000 -0.000022 -0.001235 -0.003963 -0.025649 -0.066482 -0.129034 -0.211764 -0.217639 -0.167147 -0.133248 -0.128787 -0.118623 -0.104821 -0.082906 -0.054654 -0.033706 -0.052444 -0.073286 -0.087548 -0.098883 -0.118669 -0.145075 -0.204001 -0.247569 -0.207901 -0.104323 -0.054628 -0.024082 -0.004101 -0.001323 -0.000025 0.000000 
0.000000 0.000000 0.000000 0.000000 -0.000335 -0.001853 -0.004640 -0.018546 -0.058550 -0.149008 -0.188082 -0.159844 -0.116340 -0.111759 -0.098537 -0.077657 -0.051560 -0.032085 -0.033557 -0.042108 -0.066186 -0.091697 -0.115715 -0.142636 -0.173403 -0.234614 -0.242257 -0.162843 -0.055499 -0.018138 -0.004848 -0.001971 -0.000362 0.000000 0.000000 
0.000000 0.000000 0.000000 0.000000 0.000000 -0.000585 -0.002323 -0.005048 -0.010936 -0.065766 -0.126259 -0.123521 -0.084622 -0.068213 -0.059525 -0.045618 -0.042306 -0.043492 -0.047400 -0.053720 -0.062371 -0.076718 -0.105028 -0.136575 -0.182503 -0.218437 -0.179308 -0.077363 -0.011892 -0.005422 -0.002467 -0.000634 0.000000 0.000000 0.000000 
0.000000 0.000000 0.000000 0.000000 0.000000 0.000000 -0.000761 -0.002611 -0.005231 -0.022969 -0.078312 -0.104116 -0.081277 -0.052563 -0.056091 -0.060046 -0.061343 -0.062837 -0.066914 -0.073759 -0.084408 -0.098646 -0.117877 -0.148099 -0.188100 -0.177645 -0.103698 -0.025771 -0.005828 -0.002783 -0.000788 0.000000 0.000000 0.000000 0.000000 
0.000000 0.000000 0.000000 0.000000 0.000000 0.000000 0.000000 -0.000826 -0.002576 -0.005209 -0.033426 -0.081581 -0.098675 -0.080711 -0.066487 -0.073756 -0.082840 -0.088393 -0.093550 -0.102710 -0.114318 -0.130079 -0.155655 -0.183773 -0.174008 -0.112845 -0.038246 -0.005971 -0.002772 -0.000826 0.000000 0.000000 0.000000 0.000000 0.000000 
0.000000 0.000000 0.000000 0.000000 0.000000 0.000000 0.000000 0.000000 -0.000733 -0.002252 -0.004823 -0.031229 -0.072142 -0.093761 -0.092370 -0.087120 -0.092820 -0.105488 -0.117945 -0.130261 -0.145497 -0.164939 -0.174408 -0.152121 -0.096693 -0.034873 -0.005516 -0.002418 -0.000691 0.000000 0.000000 0.000000 0.000000 0.000000 0.000000 
0.000000 0.000000 0.000000 0.000000 0.000000 0.000000 0.000000 0.000000 0.000000 -0.000460 -0.001618 -0.003109 -0.016577 -0.048389 -0.075201 -0.092075 -0.104810 -0.118614 -0.131767 -0.143214 -0.146267 -0.133521 -0.101187 -0.056220 -0.016866 -0.003569 -0.001674 -0.000415 0.000000 0.000000 0.000000 0.000000 0.000000 0.000000 0.000000 
0.000000 0.000000 0.000000 0.000000 0.000000 0.000000 0.000000 0.000000 0.000000 0.000000 -0.000043 -0.000811 -0.001690 -0.002981 -0.010760 -0.028628 -0.044504 -0.055449 -0.061031 -0.057731 -0.045878 -0.027664 -0.010180 -0.003357 -0.001825 -0.000771 -0.000034 0.000000 0.000000 0.000000 0.000000 0.000000 0.000000 0.000000 0.000000 
0.000000 0.000000 0.000000 0.000000 0.000000 0.000000 0.000000 0.000000 0.000000 0.000000 0.000000 0.000000 0.000000 -0.000459 -0.000903 -0.001296 -0.001633 -0.001909 -0.002034 -0.001974 -0.001723 -0.001351 -0.000892 -0.000414 0.000000 0.000000 0.000000 0.000000 0.000000 0.000000 0.000000 0.000000 0.000000 0.000000 0.000000 
0.000000 0.000000 0.000000 0.000000 0.000000 0.000000 0.000000 0.000000 0.000000 0.000000 0.000000 0.000000 0.000000 0.000000 0.000000 0.000000 0.000000 0.000000 -0.000023 0.000000 0.000000 0.000000 0.000000 0.000000 0.000000 0.000000 0.000000 0.000000 0.000000 0.000000 0.000000 0.000000 0.000000 0.000000 0.000000 
