-0.000000 -0.000000 -0.000000 -0.000000 -0.000000 -0.000000 -0.000000 -0.000000 -0.000000 -0.000000 -0.000000 -0.000000 -0.000000 -0.000000 -0.000000 -0.000000 -0.000000 -0.000000 -0.000000 -0.000000 -0.000000 -0.000000 -0.000000 -0.000000 -0.000000 -0.000000 -0.000000 -0.000000 -0.000000 -0.000000 -0.000000 -0.000000 -0.000000 -0.000000 -0.000000 
-0.000000 -0.000000 -0.000000 -0.000000 -0.000000 -0.000000 -0.000000 -0.000000 -0.000000 -0.000000 -0.000000 -0.000000 -0.000425 -0.001010 -0.001626 -0.002197 -0.002639 -0.002813 -0.002673 -0.002271 -0.001756 -0.001182 -0.000554 -0.000000 -0.000000 -0.000000 -0.000000 -0.000000 -0.000000 -0.000000 -0.000000 -0.000000 -0.000000 -0.000000 -0.000000 
-0.000000 -0.000000 -0.000000 -0.000000 -0.000000 -0.000000 -0.000000 -0.000000 -0.000000 -0.000000 -0.000744 -0.001894 -0.003857 -0.015817 -0.051286 -0.090094 -0.117394 -0.126967 -0.113308 -0.083630 -0.046828 -0.015255 -0.004381 -0.002428 -0.001098 -0.000000 -0.000000 -0.000000 -0.000000 -0.000000 -0.000000 -0.000000 -0.000000 -0.000000 -0.000000 
-0.000000 -0.000000 -0.000000 -0.000000 -0.000000 -0.000000 -0.000000 -0.000000 -0.000334 -0.001587 -0.003715 -0.023131 -0.089995 -0.176312 -0.253882 -0.314019 -0.352964 -0.372289 -0.367275 -0.330229 -0.257819 -0.170998 -0.086668 -0.024254 -0.004809 -0.002375 -0.000619 -0.000000 -0.000000 -0.000000 -0.000000 -0.000000 -0.000000 -0.000000 -0.000000 
-0.000000 -0.000000 -0.000000 -0.000000 -0.000000 -0.000000 -0.000000 -0.000582 -0.002120 -0.005331 -0.046299 -0.144170 -0.247743 -0.326712 -0.373221 -0.398776 -0.417518 -0.434580 -0.452090 -0.464002 -0.450213 -0.379766 -0.265836 -0.146945 -0.049415 -0.007132 -0.003282 -0.000947 -0.000000 -0.000000 -0.000000 -0.000000 -0.000000 -0.000000 -0.000000 
-0.000000 -0.000000 -0.000000 -0.000000 -0.000000 -0.000000 -0.000567 -0.002146 -0.005162 -0.045758 -0.154564 -0.266174 -0.323195 -0.344136 -0.357845 -0.368504 -0.378771 -0.391978 -0.409437 -0.432089 -0.457877 -0.470992 -0.419214 -0.310614 -0.169487 -0.053001 -0.007898 -0.003692 -0.001100 -0.000000 -0.000000 -0.000000 -0.000000 -0.000000 -0.000000 
-0.000000 -0.000000 -0.000000 -0.000000 -0.000000 -0.000455 -0.001808 -0.004160 -0.025758 -0.129826 -0.248876 -0.300228 -0.309708 -0.319746 -0.326278 -0.332128 -0.339061 -0.350314 -0.366117 -0.388541 -0.416663 -0.449778 -0.471521 -0.416773 -0.306186 -0.152457 -0.034850 -0.007973 -0.003792 -0.001027 -0.000000 -0.000000 -0.000000 -0.000000 -0.000000 
-0.000000 -0.000000 -0.000000 -0.000000 -0.000290 -0.001363 -0.003177 -0.007331 -0.073055 -0.197375 -0.260633 -0.262714 -0.267961 -0.282427 -0.295888 -0.301561 -0.308039 -0.318017 -0.333376 -0.354914 -0.387698 -0.444849 -0.503172 -0.516085 -0.437703 -0.294684 -0.111518 -0.017250 -0.008048 -0.003588 -0.000773 -0.000000 -0.000000 -0.000000 -0.000000 
-0.000000 -0.000000 -0.000000 -0.000164 -0.001020 -0.002379 -0.003586 -0.005782 -0.083840 -0.155620 -0.161841 -0.142535 -0.154403 -0.172848 -0.203481 -0.241861 -0.276917 -0.294006 -0.320530 -0.399595 -0.493665 -0.580924 -0.652001 -0.701470 -0.656574 -0.527511 -0.310072 -0.107055 -0.031982 -0.008113 -0.003216 -0.000549 -0.000000 -0.000000 -0.000000 
-0.000000 -0.000000 -0.000000 -0.000757 -0.002028 -0.002691 0.021521 0.045806 -0.032452 -0.080311 -0.066424 -0.054243 -0.062395 -0.070944 -0.095950 -0.140076 -0.200684 -0.290429 -0.428022 -0.559395 -0.676471 -0.771189 -0.842375 -0.895602 -0.886836 -0.779941 -0.580741 -0.315012 -0.151792 -0.052070 -0.007619 -0.002470 -0.000000 -0.000000 -0.000000 
-0.000000 -0.000000 -0.000460 -0.001666 -0.006065 0.016484 0.085952 0.092898 -0.014090 -0.073546 -0.063514 -0.065304 -0.067940 -0.061246 -0.056549 -0.071088 -0.149370 -0.354523 -0.589319 -0.764209 -0.882456 -0.967955 -1.029434 -1.078129 -1.087582 -0.994346 -0.814728 -0.550851 -0.352077 -0.183828 -0.052073 -0.005577 -0.001321 -0.000000 -0.000000 
-0.000000 -0.000000 -0.001227 -0.007464 -0.004356 0.058944 0.116310 0.070938 -0.072794 -0.150483 -0.149319 -0.159113 -0.164835 -0.158001 -0.137303 -0.122420 -0.230872 -0.486569 -0.758128 -0.941932 -1.015510 -1.046133 -1.076112 -1.117257 -1.143594 -1.088897 -0.971363 -0.746378 -0.559772 -0.383410 -0.171484 -0.026846 -0.003277 -0.000000 -0.000000 
-0.000000 -0.000402 -0.002622 -0.021593 0.003268 0.069360 0.076696 0.013726 -0.133765 -0.214348 -0.214945 -0.225008 -0.233432 -0.231386 -0.224060 -0.281973 -0.491055 -0.702698 -0.854767 -0.962698 -1.011592 -1.027411 -1.054691 -1.095693 -1.119603 -1.064086 -0.956386 -0.798393 -0.712355 -0.581345 -0.339310 -0.106600 -0.006440 -0.000893 -0.000000 
-0.000000 -0.001073 -0.009281 -0.043272 -0.002753 0.033308 0.027056 -0.019828 -0.164117 -0.254954 -0.267426 -0.274775 -0.286088 -0.288161 -0.300171 -0.461982 -0.769123 -0.922234 -0.888951 -0.908129 -0.983244 -1.008922 -1.037332 -1.079034 -1.086945 -1.020360 -0.906027 -0.752347 -0.728008 -0.708555 -0.523836 -0.228621 -0.021583 -0.002040 -0.000000 
-0.000000 -0.001986 -0.030401 -0.079259 -0.029279 -0.006101 -0.015699 -0.034872 -0.161105 -0.272238 -0.305434 -0.311735 -0.323475 -0.312218 -0.324970 -0.563854 -0.865267 -0.934805 -0.884807 -0.862696 -0.962189 -1.006916 -1.031236 -1.066929 -1.042887 -0.955203 -0.828293 -0.695445 -0.709493 -0.727927 -0.653802 -0.351473 -0.065233 -0.003258 -0.000000 
-0.000000 -0.003168 -0.062477 -0.127838 -0.058018 -0.043038 -0.048648 -0.057589 -0.127588 -0.254333 -0.327129 -0.326135 -0.285270 -0.217366 -0.251788 -0.552588 -0.824737 -0.822601 -0.811195 -0.750300 -0.852640 -1.006693 -1.067734 -1.060533 -0.982429 -0.870242 -0.731984 -0.662804 -0.688005 -0.713254 -0.704235 -0.466855 -0.121795 -0.004439 -0.000000 
-0.000000 -0.004445 -0.099490 -0.172886 -0.092540 -0.075133 -0.075891 -0.080202 -0.094271 -0.200444 -0.282805 -0.253287 -0.183061 -0.143207 -0.262984 -0.609620 -0.822820 -0.794012 -0.752164 -0.633645 -0.663985 -0.863709 -1.038213 -1.053726 -0.913956 -0.759263 -0.638812 -0.642008 -0.668196 -0.694983 -0.705237 -0.520698 -0.163223 -0.005286 -0.000000 
-0.000000 -0.005407 -0.128816 -0.215461 -0.131355 -0.106609 -0.100679 -0.100598 -0.102792 -0.109177 -0.130247 -0.136066 -0.139690 -0.165950 -0.326333 -0.676711 -0.873274 -0.858982 -0.822753 -0.697038 -0.603387 -0.674914 -0.784498 -0.885522 -0.834440 -0.664982 -0.608588 -0.626036 -0.651286 -0.678094 -0.688764 -0.528111 -0.175703 -0.005426 -0.000000 
-0.000000 -0.005761 -0.137119 -0.255895 -0.175469 -0.138322 -0.126484 -0.121189 -0.114614 -0.046675 0.018672 0.005606 -0.067945 -0.144441 -0.331705 -0.694589 -0.919680 -0.921431 -0.904104 -0.762272 -0.594679 -0.518652 -0.454984 -0.545113 -0.668172 -0.677327 -0.608667 -0.614128 -0.637387 -0.659479 -0.662453 -0.491673 -0.157774 -0.004954 -0.000000 
-0.000000 -0.005234 -0.117717 -0.284477 -0.231909 -0.177392 -0.156577 -0.144649 -0.109265 -0.023310 0.062843 0.098901 0.061743 -0.007570 -0.168142 -0.517268 -0.807795 -0.843484 -0.820725 -0.609021 -0.405298 -0.293414 -0.209658 -0.266353 -0.516048 -0.674309 -0.654972 -0.604726 -0.623951 -0.639073 -0.620226 -0.418823 -0.113905 -0.003902 -0.000000 
-0.000000 -0.004097 -0.073089 -0.269899 -0.294711 -0.229135 -0.194635 -0.175233 -0.110437 -0.017870 0.062655 0.094771 0.095549 0.081535 0.009699 -0.243753 -0.523562 -0.623194 -0.582600 -0.370481 -0.216697 -0.156791 -0.126783 -0.156447 -0.389658 -0.633509 -0.687516 -0.601836 -0.606946 -0.608812 -0.542769 -0.305981 -0.059857 -0.002693 -0.000000 
-0.000000 -0.002695 -0.026767 -0.215601 -0.326583 -0.297445 -0.245891 -0.212165 -0.130587 -0.032364 0.042766 0.064044 0.063712 0.058835 0.034465 -0.111611 -0.354340 -0.503960 -0.451390 -0.270663 -0.170583 -0.135462 -0.115832 -0.122726 -0.294784 -0.577561 -0.688479 -0.612468 -0.577919 -0.548107 -0.416378 -0.193380 -0.018635 -0.001589 -0.000000 
-0.000000 -0.001218 -0.008415 -0.121238 -0.284664 -0.341106 -0.317299 -0.266252 -0.170999 -0.069163 0.004912 0.021515 0.019886 0.012847 -0.000232 -0.075278 -0.247915 -0.364955 -0.333081 -0.203442 -0.144839 -0.116964 -0.098873 -0.100914 -0.231239 -0.527865 -0.665018 -0.598805 -0.515664 -0.424517 -0.263243 -0.089076 -0.004924 -0.000653 -0.000000 
-0.000000 -0.000000 -0.004419 -0.035240 -0.183191 -0.307791 -0.345441 -0.329440 -0.237053 -0.128851 -0.051959 -0.035570 -0.037462 -0.045780 -0.053786 -0.061585 -0.113857 -0.156070 -0.114727 -0.083279 -0.087963 -0.077037 -0.064340 -0.067203 -0.185979 -0.478900 -0.613156 -0.512539 -0.380043 -0.274656 -0.132260 -0.021927 -0.002343 -0.000000 -0.000000 
-0.000000 -0.000000 -0.001809 -0.007279 -0.065679 -0.194264 -0.293905 -0.325413 -0.265361 -0.176532 -0.105107 -0.085551 -0.082093 -0.075986 -0.058257 -0.017746 0.036163 0.073290 0.103945 0.076152 0.048920 0.035739 0.030601 0.020762 -0.109701 -0.380070 -0.480256 -0.362963 -0.235435 -0.131932 -0.039864 -0.003926 -0.000889 -0.000000 -0.000000 
-0.000000 -0.000000 -0.000000 -0.003214 -0.009354 -0.064719 -0.165066 -0.242045 -0.224221 -0.153076 -0.087335 -0.060140 -0.050348 -0.029048 0.011418 0.079153 0.177814 0.266964 0.248886 0.214339 0.192434 0.180815 0.172299 0.156739 -0.025751 -0.277160 -0.344692 -0.209099 -0.102719 -0.037481 -0.005461 -0.001643 -0.000000 -0.000000 -0.000000 
-0.000000 -0.000000 -0.000000 -0.000699 -0.003806 -0.008652 -0.036658 -0.096974 -0.108627 -0.056490 0.003314 0.041546 0.057387 0.090399 0.144892 0.220137 0.293667 0.321692 0.337095 0.325630 0.311207 0.300973 0.291007 0.257758 0.005222 -0.198893 -0.200649 -0.074235 -0.022794 -0.005968 -0.002226 -0.000334 -0.000000 -0.000000 -0.000000 
-0.000000 -0.000000 -0.000000 -0.000000 -0.000916 -0.003502 -0.006437 -0.010041 -0.000714 0.064868 0.140533 0.190995 0.214833 0.247208 0.284418 0.302443 0.317511 0.335591 0.355588 0.376130 0.391294 0.391819 0.379013 0.253601 -0.008067 -0.140605 -0.084308 -0.013365 -0.006235 -0.002673 -0.000546 -0.000000 -0.000000 -0.000000 -0.000000 
-0.000000 -0.000000 -0.000000 -0.000000 -0.000000 -0.000882 -0.002646 -0.003990 0.002615 0.062225 0.167969 0.247416 0.282590 0.295559 0.307140 0.319637 0.334771 0.351039 0.369521 0.386672 0.401114 0.405345 0.353954 0.118448 -0.076565 -0.099974 -0.029363 -0.006368 -0.003016 -0.000785 -0.000000 -0.000000 -0.000000 -0.000000 -0.000000 
-0.000000 -0.000000 -0.000000 -0.000000 -0.000000 -0.000000 -0.000676 -0.001509 -0.001376 0.019680 0.097207 0.206746 0.278971 0.306183 0.320454 0.334349 0.349214 0.364462 0.380098 0.393043 0.398947 0.353060 0.158997 -0.035024 -0.089912 -0.042196 -0.006357 -0.003068 -0.000919 -0.000000 -0.000000 -0.000000 -0.000000 -0.000000 -0.000000 
-0.000000 -0.000000 -0.000000 -0.000000 -0.000000 -0.000000 -0.000000 -0.000317 -0.000533 0.000628 0.027621 0.105566 0.203494 0.286031 0.323959 0.342539 0.357255 0.371242 0.380141 0.366800 0.290185 0.128325 -0.019545 -0.069587 -0.037558 -0.005563 -0.002691 -0.000857 -0.000000 -0.000000 -0.000000 -0.000000 -0.000000 -0.000000 -0.000000 
-0.000000 -0.000000 -0.000000 -0.000000 -0.000000 -0.000000 -0.000000 -0.000000 -0.000120 0.000110 0.001314 0.016730 0.075009 0.153071 0.218821 0.255861 0.269511 0.267311 0.237060 0.164147 0.056687 -0.022550 -0.041385 -0.017268 -0.003355 -0.001839 -0.000497 -0.000000 -0.000000 -0.000000 -0.000000 -0.000000 -0.000000 -0.000000 -0.000000 
-0.000000 -0.000000 -0.000000 -0.000000 -0.000000 -0.000000 -0.000000 -0.000000 -0.000000 -0.000000 0.000318 0.001176 0.003106 0.015022 0.049635 0.082135 0.093500 0.079834 0.045262 0.008469 -0.010869 -0.006770 -0.001912 -0.001387 -0.000754 -0.000000 -0.000000 -0.000000 -0.000000 -0.000000 -0.000000 -0.000000 -0.000000 -0.000000 -0.000000 
-0.000000 -0.000000 -0.000000 -0.000000 -0.000000 -0.000000 -0.000000 -0.000000 -0.000000 -0.000000 -0.000000 -0.000000 0.000425 0.001095 0.001869 0.002541 0.002813 0.002476 0.001661 0.000738 0.000051 -0.000270 -0.000236 -0.000000 -0.000000 -0.000000 -0.000000 -0.000000 -0.000000 -0.000000 -0.000000 -0.000000 -0.000000 -0.000000 -0.000000 
-0.000000 -0.000000 -0.000000 -0.000000 -0.000000 -0.000000 -0.000000 -0.000000 -0.000000 -0.000000 -0.000000 -0.000000 -0.000000 -0.000000 -0.000000 -0.000000 -0.000000 -0.000000 -0.000000 -0.000000 -0.000000 -0.000000 -0.000000 -0.000000 -0.000000 -0.000000 -0.000000 -0.000000 -0.000000 -0.000000 -0.000000 -0.000000 -0.000000 -0.000000 -0.000000 
