0.000000 0.000000 0.000000 0.000000 0.000000 0.000000 0.000000 0.000000 0.000000 0.000000 0.000000 0.000000 0.000000 0.000000 0.000000 0.000000 0.000000 0.000000 0.000000 0.000000 0.000000 0.000000 0.000000 0.000000 0.000000 0.000000 0.000000 0.000000 0.000000 0.000000 0.000000 0.000000 0.000000 0.000000 0.000000 
0.000000 0.000000 0.000000 0.000000 0.000000 0.000000 0.000000 0.000000 0.000000 0.000000 0.000000 0.000000 0.000499 0.001108 0.001717 0.002343 0.002935 0.003395 0.003671 0.003482 0.002887 0.001992 0.000955 0.000000 0.000000 0.000000 0.000000 0.000000 0.000000 0.000000 0.000000 0.000000 0.000000 0.000000 0.000000 
0.000000 0.000000 0.000000 0.000000 0.000000 0.000000 0.000000 0.000000 0.000000 0.000000 0.000711 0.001740 0.003227 0.010293 0.024133 0.034756 0.045314 0.057756 0.068514 0.067334 0.047852 0.020323 0.006848 0.003734 0.001552 0.000000 0.000000 0.000000 0.000000 0.000000 0.000000 0.000000 0.000000 0.000000 0.000000 
0.000000 0.000000 0.000000 0.000000 0.000000 0.000000 0.000000 0.000000 0.000222 0.001223 0.002850 0.013980 0.032571 0.028208 0.018882 0.040583 0.076214 0.119129 0.154146 0.179453 0.173229 0.155750 0.098283 0.031195 0.006666 0.002911 0.000603 0.000000 0.000000 0.000000 0.000000 0.000000 0.000000 0.000000 0.000000 
0.000000 0.000000 0.000000 0.000000 0.000000 0.000000 0.000000 0.000349 0.001662 0.004085 0.022900 0.029497 -0.011702 -0.042012 -0.018032 0.033426 0.084330 0.130559 0.174816 0.219698 0.253697 0.262394 0.230247 0.161870 0.062875 0.008971 0.003514 0.000788 0.000000 0.000000 0.000000 0.000000 0.000000 0.000000 0.000000 
0.000000 0.000000 0.000000 0.000000 0.000000 0.000000 0.000420 0.001795 0.004314 0.022442 0.024717 -0.041096 -0.099807 -0.062238 0.001398 0.051835 0.093292 0.130711 0.163793 0.199812 0.243861 0.288210 0.305193 0.284650 0.188648 0.065316 0.008488 0.003168 0.000686 0.000000 0.000000 0.000000 0.000000 0.000000 0.000000 
0.000000 0.000000 0.000000 0.000000 0.000000 0.000356 0.001583 0.003868 0.015420 0.028521 -0.041238 -0.131639 -0.103210 -0.029780 0.028770 0.072992 0.108112 0.137221 0.164437 0.193197 0.226218 0.267257 0.313046 0.323349 0.299071 0.175510 0.038607 0.006113 0.002144 0.000462 0.000000 0.000000 0.000000 0.000000 0.000000 
0.000000 0.000000 0.000000 0.000000 0.000195 0.001024 0.003010 0.007249 0.032720 0.007829 -0.090105 -0.109604 -0.028318 0.028241 0.058398 0.089839 0.119744 0.144050 0.166433 0.187977 0.213067 0.232704 0.266241 0.295920 0.304866 0.256996 0.101214 0.009398 0.003155 0.000842 0.000130 0.000000 0.000000 0.000000 0.000000 
0.000000 0.000000 0.000000 -0.000096 0.000242 0.001717 0.009093 0.046220 0.114162 0.080862 0.008591 0.065702 0.149974 0.198875 0.210646 0.182539 0.144962 0.150349 0.163074 0.140234 0.113135 0.110461 0.128729 0.171465 0.184020 0.185048 0.082231 -0.031285 -0.013409 -0.000216 -0.000204 -0.000005 0.000000 0.000000 0.000000 
0.000000 0.000000 0.000000 -0.000442 0.000309 0.010970 0.075295 0.196023 0.252827 0.169336 0.109725 0.197816 0.281962 0.337950 0.367444 0.344418 0.287788 0.179146 0.067887 0.015211 -0.021336 -0.027017 -0.010431 0.031994 0.054845 0.065354 -0.002263 -0.155485 -0.129583 -0.042888 -0.002662 -0.000695 0.000000 0.000000 0.000000 
0.000000 0.000000 -0.000638 -0.000994 0.006439 0.084467 0.238941 0.333799 0.310575 0.166438 0.095127 0.185757 0.269635 0.351137 0.416965 0.459467 0.415497 0.217811 -0.002280 -0.097195 -0.107425 -0.091647 -0.060786 -0.015858 0.012475 0.014232 -0.056028 -0.253041 -0.297622 -0.184150 -0.052305 -0.002836 -0.000641 0.000000 0.000000 
0.000000 0.000000 -0.001418 -0.003247 0.062268 0.244464 0.349396 0.348815 0.258530 0.099540 0.040528 0.135305 0.212625 0.277790 0.342297 0.410441 0.379824 0.246506 0.065597 -0.088488 -0.104119 -0.077950 -0.044955 0.001304 0.036432 0.039358 -0.033164 -0.261228 -0.380420 -0.352019 -0.191877 -0.029105 -0.002070 0.000000 0.000000 
0.000000 -0.000624 -0.002584 0.013158 0.182295 0.362089 0.351036 0.319531 0.242113 0.088702 0.023445 0.118325 0.196908 0.260652 0.309392 0.282894 0.197684 0.239956 0.221191 0.025758 -0.090144 -0.067123 -0.030650 0.018593 0.053893 0.055887 -0.020622 -0.240924 -0.362157 -0.418793 -0.349780 -0.129584 -0.005124 -0.000639 0.000000 
0.000000 -0.001321 -0.006262 0.071381 0.319214 0.388889 0.341345 0.301008 0.241911 0.096650 0.012250 0.096991 0.179433 0.245340 0.276049 0.177765 0.101127 0.188189 0.291015 0.171376 -0.046182 -0.051850 -0.010630 0.042293 0.073260 0.069716 -0.030221 -0.258774 -0.344563 -0.395366 -0.444100 -0.262802 -0.024017 -0.001590 0.000000 
0.000000 -0.001997 -0.008773 0.149719 0.407551 0.390958 0.330126 0.287149 0.251505 0.133208 0.019064 0.067473 0.157984 0.224491 0.221756 0.095470 0.060634 0.119586 0.231239 0.244398 -0.008151 -0.052617 0.008587 0.065066 0.087265 0.067028 -0.073867 -0.290380 -0.335727 -0.379931 -0.451566 -0.364060 -0.080357 -0.002695 0.000000 
0.000000 -0.002580 -0.002683 0.220672 0.449621 0.387353 0.326336 0.282604 0.257000 0.185858 0.062326 0.037373 0.160573 0.311835 0.386491 0.383451 0.445828 0.503566 0.549919 0.547272 0.193340 -0.041732 -0.011728 0.059087 0.086299 0.027321 -0.158042 -0.296934 -0.331523 -0.374682 -0.442226 -0.407885 -0.133831 -0.003560 0.000000 
0.000000 -0.002929 0.003240 0.272193 0.464764 0.390207 0.328318 0.285203 0.253810 0.229380 0.151118 0.160272 0.387776 0.674654 0.812135 0.797151 0.785003 0.831500 0.914999 1.014500 0.691560 0.268195 0.116504 0.040890 0.025320 -0.072116 -0.255388 -0.300302 -0.333140 -0.375164 -0.440296 -0.418606 -0.150763 -0.003745 0.000000 
0.000000 -0.002935 0.003528 0.293638 0.477681 0.401359 0.338871 0.293992 0.260913 0.254291 0.372025 0.519832 0.685905 0.869079 0.897619 0.805599 0.748719 0.810582 0.902202 1.025873 0.849572 0.560578 0.380288 0.144876 -0.083164 -0.240726 -0.285986 -0.308983 -0.339956 -0.381610 -0.448153 -0.412313 -0.126054 -0.003011 0.000000 
0.000000 -0.002531 0.001654 0.276817 0.495670 0.421184 0.356363 0.310612 0.281340 0.389103 0.616033 0.816831 0.890348 0.890664 0.870272 0.803762 0.707090 0.780410 0.891950 1.014620 0.798570 0.557454 0.471977 0.187907 -0.144275 -0.311551 -0.310297 -0.322096 -0.351799 -0.394515 -0.462283 -0.371190 -0.069299 -0.001640 0.000000 
0.000000 -0.001865 -0.003407 0.220677 0.502326 0.451088 0.384534 0.336331 0.368440 0.566743 0.798859 0.940303 0.967778 0.928724 0.908238 0.826437 0.661064 0.726417 0.841820 0.885366 0.596212 0.386856 0.303090 0.143890 -0.091722 -0.280777 -0.344555 -0.339147 -0.368520 -0.413341 -0.464715 -0.267415 -0.007033 -0.000221 0.000000 
0.000000 -0.001141 -0.006264 0.142546 0.456091 0.489206 0.423292 0.376933 0.496526 0.726493 0.917514 0.987313 0.971144 0.949578 0.957961 0.915500 0.719646 0.662309 0.742262 0.647207 0.317344 0.204122 0.172838 0.131511 -0.027345 -0.232473 -0.356126 -0.360519 -0.389493 -0.437315 -0.397590 -0.103339 0.025244 0.000717 0.000000 
0.000000 -0.000577 -0.003426 0.067345 0.336686 0.501043 0.473664 0.455119 0.623995 0.857391 0.999503 1.017383 0.987018 0.962626 0.963202 1.013440 0.889222 0.701516 0.636959 0.403256 0.174675 0.138877 0.126925 0.105962 -0.000625 -0.195210 -0.354223 -0.387259 -0.412452 -0.421464 -0.202923 0.031257 0.014100 0.000967 0.000000 
0.000000 -0.000183 -0.000817 0.017762 0.183225 0.420561 0.504341 0.548154 0.736926 0.960900 1.067100 1.056510 1.022964 0.998597 0.992024 1.063178 1.110257 0.886304 0.532909 0.234106 0.113087 0.102696 0.092920 0.075693 0.000139 -0.179663 -0.352707 -0.405520 -0.394886 -0.219780 0.012134 0.069903 0.003684 0.000626 0.000000 
0.000000 0.000000 -0.000120 0.001528 0.067247 0.259813 0.430931 0.581750 0.828109 1.048886 1.138939 1.117555 1.083291 1.061560 1.058490 1.085336 1.148186 0.974219 0.567149 0.237489 0.117120 0.087706 0.073912 0.057037 -0.007970 -0.177294 -0.341916 -0.312221 -0.151396 0.037105 0.103497 0.028726 0.002425 0.000000 0.000000 
0.000000 0.000000 0.000083 0.000748 0.013949 0.096695 0.267427 0.476391 0.789922 1.077793 1.200605 1.188142 1.154969 1.120347 1.070478 0.992767 0.907419 0.844948 0.671752 0.486442 0.340210 0.237256 0.178316 0.148539 0.097661 -0.021301 -0.095798 -0.014061 0.100414 0.128391 0.057846 0.004697 0.001246 0.000000 0.000000 
0.000000 0.000000 0.000000 0.000675 0.002391 0.021514 0.093718 0.275275 0.608368 0.937068 1.101656 1.103362 1.065666 1.006738 0.923342 0.808422 0.684172 0.597960 0.637533 0.649454 0.599997 0.538267 0.487721 0.457308 0.394218 0.258755 0.160685 0.170231 0.139137 0.060801 0.006849 0.002387 0.000000 0.000000 0.000000 
0.000000 0.000000 0.000000 0.000277 0.001515 0.004160 0.018331 0.085929 0.350609 0.690720 0.901721 0.931782 0.891768 0.830266 0.745480 0.642860 0.548892 0.513797 0.511895 0.576996 0.628862 0.646077 0.638460 0.618918 0.514682 0.331121 0.185055 0.103187 0.037406 0.006737 0.002925 0.000595 0.000000 0.000000 0.000000 
0.000000 0.000000 0.000000 0.000000 0.000554 0.002397 0.006074 0.015862 0.155558 0.433646 0.678085 0.764755 0.727472 0.673220 0.612767 0.573412 0.545129 0.523256 0.506833 0.495557 0.495168 0.521038 0.535912 0.503567 0.342970 0.152097 0.051003 0.011520 0.005557 0.002795 0.000805 0.000000 0.000000 0.000000 0.000000 
0.000000 0.000000 0.000000 0.000000 0.000000 0.000834 0.003301 0.008116 0.051045 0.260931 0.522861 0.685207 0.695368 0.654964 0.622994 0.593481 0.566721 0.544079 0.526750 0.513574 0.501654 0.489221 0.473291 0.364051 0.184972 0.062664 0.013486 0.004597 0.002267 0.000711 0.000000 0.000000 0.000000 0.000000 0.000000 
0.000000 0.000000 0.000000 0.000000 0.000000 0.000000 0.000965 0.003968 0.010477 0.095973 0.330315 0.575132 0.696504 0.682034 0.643677 0.617721 0.592211 0.571192 0.553137 0.537642 0.521247 0.505898 0.418888 0.250173 0.104023 0.023991 0.004030 0.001760 0.000512 0.000000 0.000000 0.000000 0.000000 0.000000 0.000000 
0.000000 0.000000 0.000000 0.000000 0.000000 0.000000 0.000000 0.000872 0.004298 0.011576 0.101785 0.327258 0.561277 0.688157 0.687560 0.645328 0.616076 0.595461 0.576711 0.559155 0.534068 0.442770 0.284026 0.123958 0.029529 0.004011 0.001545 0.000327 0.000000 0.000000 0.000000 0.000000 0.000000 0.000000 0.000000 
0.000000 0.000000 0.000000 0.000000 0.000000 0.000000 0.000000 0.000000 0.000745 0.003700 0.009123 0.055860 0.222895 0.435914 0.599402 0.672791 0.674400 0.653213 0.615089 0.543824 0.405082 0.240789 0.096006 0.019822 0.003496 0.001318 0.000246 0.000000 0.000000 0.000000 0.000000 0.000000 0.000000 0.000000 0.000000 
0.000000 0.000000 0.000000 0.000000 0.000000 0.000000 0.000000 0.000000 0.000000 0.000000 0.002191 0.005724 0.011945 0.046139 0.149053 0.265094 0.334052 0.340688 0.283335 0.187450 0.086492 0.022977 0.005760 0.002443 0.000811 0.000000 0.000000 0.000000 0.000000 0.000000 0.000000 0.000000 0.000000 0.000000 0.000000 
0.000000 0.000000 0.000000 0.000000 0.000000 0.000000 0.000000 0.000000 0.000000 0.000000 0.000000 0.000000 0.001663 0.003942 0.006444 0.008853 0.010384 0.010349 0.008899 0.006502 0.004078 0.002139 0.000775 0.000000 0.000000 0.000000 0.000000 0.000000 0.000000 0.000000 0.000000 0.000000 0.000000 0.000000 0.000000 
0.000000 0.000000 0.000000 0.000000 0.000000 0.000000 0.000000 0.000000 0.000000 0.000000 0.000000 0.000000 0.000000 0.000000 0.000000 0.000000 0.000000 0.000000 0.000000 0.000000 0.000000 0.000000 0.000000 0.000000 0.000000 0.000000 0.000000 0.000000 0.000000 0.000000 0.000000 0.000000 0.000000 0.000000 0.000000 
