0.000000 0.000000 0.000000 0.000000 0.000000 0.000000 0.000000 0.000000 0.000000 0.000000 0.000000 0.000000 0.000000 0.000000 0.000000 0.000000 0.000000 0.000000 -0.000094 0.000000 0.000000 0.000000 0.000000 0.000000 0.000000 0.000000 0.000000 0.000000 0.000000 0.000000 0.000000 0.000000 0.000000 0.000000 0.000000 
0.000000 0.000000 0.000000 0.000000 0.000000 0.000000 0.000000 0.000000 0.000000 0.000000 0.000000 0.000000 0.000000 -0.000359 -0.000775 -0.001195 -0.001593 -0.001888 -0.001968 -0.001811 -0.001468 -0.001068 -0.000681 -0.000317 0.000000 0.000000 0.000000 0.000000 0.000000 0.000000 0.000000 0.000000 0.000000 0.000000 0.000000 
0.000000 0.000000 0.000000 0.000000 0.000000 0.000000 0.000000 0.000000 0.000000 0.000000 -0.000011 -0.000524 -0.001208 -0.002211 -0.006590 -0.016238 -0.024331 -0.029019 -0.030048 -0.027153 -0.021574 -0.013962 -0.005528 -0.001752 -0.000947 -0.000421 -0.000009 0.000000 0.000000 0.000000 0.000000 0.000000 0.000000 0.000000 0.000000 
0.000000 0.000000 0.000000 0.000000 0.000000 0.000000 0.000000 0.000000 0.000000 -0.000259 -0.000991 -0.002007 -0.007816 -0.017951 -0.021505 -0.014381 0.001659 0.020606 0.030681 0.028685 0.015683 0.000620 -0.009754 -0.011488 -0.005707 -0.001426 -0.000727 -0.000200 0.000000 0.000000 0.000000 0.000000 0.000000 0.000000 0.000000 
0.000000 0.000000 0.000000 0.000000 0.000000 0.000000 0.000000 0.000000 -0.000426 -0.001401 -0.002900 -0.011417 -0.018393 -0.007926 0.021549 0.058622 0.088210 0.104740 0.112945 0.116671 0.111065 0.089149 0.052459 0.015781 -0.004893 -0.006746 -0.001913 -0.000959 -0.000313 0.000000 0.000000 0.000000 0.000000 0.000000 0.000000 
0.000000 0.000000 0.000000 0.000000 0.000000 0.000000 0.000000 -0.000569 -0.001765 -0.003413 -0.011515 -0.016423 0.001445 0.032208 0.063992 0.083783 0.092592 0.099008 0.104343 0.111052 0.116840 0.119744 0.108641 0.076084 0.034251 0.001153 -0.005906 -0.002174 -0.001181 -0.000404 0.000000 0.000000 0.000000 0.000000 0.000000 
0.000000 0.000000 0.000000 0.000000 0.000000 0.000000 -0.000656 -0.002109 -0.004011 -0.009665 -0.016868 -0.001373 0.025021 0.050600 0.065025 0.070133 0.074260 0.078914 0.084268 0.090406 0.097511 0.105625 0.112594 0.106360 0.075879 0.034290 -0.000016 -0.005335 -0.002599 -0.001428 -0.000468 0.000000 0.000000 0.000000 0.000000 
0.000000 0.000000 0.000000 0.000000 0.000000 -0.000595 -0.002269 -0.004577 -0.008892 -0.028521 -0.038037 -0.031368 -0.017072 0.002135 0.023417 0.047593 0.056884 0.061090 0.066158 0.072225 0.079460 0.083745 0.079242 0.075913 0.062655 0.034211 0.002455 -0.013246 -0.005717 -0.003054 -0.001572 -0.000438 0.000000 0.000000 0.000000 
0.000000 0.000000 0.000000 0.000000 -0.000382 -0.002134 -0.005050 -0.022717 -0.064720 -0.110287 -0.124218 -0.119121 -0.107658 -0.100085 -0.084251 -0.053406 -0.007222 0.039474 0.052309 0.053532 0.033370 0.015684 0.009130 0.012550 0.016739 -0.003066 -0.033658 -0.056096 -0.042444 -0.015810 -0.003488 -0.001528 -0.000296 0.000000 0.000000 
0.000000 0.000000 0.000000 -0.000032 -0.001571 -0.005003 -0.035747 -0.096548 -0.154856 -0.173959 -0.162424 -0.144709 -0.136241 -0.136118 -0.134676 -0.125682 -0.097324 -0.041311 0.014663 0.001828 -0.018747 -0.020522 -0.010287 0.004049 0.016297 0.006934 -0.030045 -0.072743 -0.090904 -0.063693 -0.025289 -0.003585 -0.001177 -0.000026 0.000000 
0.000000 0.000000 0.000000 -0.000742 -0.003393 -0.034099 -0.108484 -0.170466 -0.190286 -0.167906 -0.131241 -0.101209 -0.095173 -0.099450 -0.111354 -0.125673 -0.133184 -0.118842 -0.091778 -0.044808 -0.020648 0.005288 0.031593 0.054485 0.070260 0.068414 0.024977 -0.034901 -0.087366 -0.097182 -0.071093 -0.024792 -0.002509 -0.000593 0.000000 
0.000000 0.000000 0.000000 -0.001763 -0.017248 -0.096060 -0.172555 -0.189043 -0.166032 -0.124497 -0.092533 -0.071024 -0.070899 -0.074817 -0.084040 -0.097411 -0.117621 -0.157254 -0.164005 -0.072126 0.015528 0.047400 0.064930 0.080705 0.095163 0.102519 0.073300 0.026495 -0.036221 -0.079127 -0.095955 -0.064698 -0.013259 -0.001374 0.000000 
0.000000 0.000000 -0.000419 -0.003329 -0.058364 -0.154712 -0.193300 -0.170679 -0.148207 -0.114677 -0.080274 -0.057209 -0.057755 -0.061653 -0.070991 -0.084964 -0.112649 -0.163870 -0.165866 -0.087349 0.020219 0.062179 0.076051 0.090311 0.104270 0.112057 0.082695 0.039132 -0.003155 -0.031640 -0.077208 -0.090626 -0.042575 -0.002594 -0.000363 
0.000000 0.000000 -0.000912 -0.011081 -0.105965 -0.187181 -0.189876 -0.168752 -0.141762 -0.106288 -0.070176 -0.045651 -0.045267 -0.048326 -0.056668 -0.070026 -0.103961 -0.154914 -0.158264 -0.101853 0.009340 0.071339 0.086239 0.099466 0.112241 0.116130 0.084132 0.040605 0.002885 -0.012392 -0.039150 -0.085053 -0.070670 -0.009122 -0.000778 
0.000000 0.000000 -0.001388 -0.030766 -0.142918 -0.199017 -0.194872 -0.166344 -0.135409 -0.103254 -0.068703 -0.039470 -0.033787 -0.036096 -0.042279 -0.048362 -0.071444 -0.122810 -0.133076 -0.103822 0.010412 0.084022 0.098358 0.109817 0.120705 0.113767 0.075122 0.033635 0.003406 -0.006853 -0.021652 -0.059088 -0.084125 -0.025342 -0.001179 
0.000000 0.000000 -0.001781 -0.050449 -0.165329 -0.208402 -0.198546 -0.163293 -0.131632 -0.105738 -0.074513 -0.041963 -0.026725 -0.035748 -0.040332 -0.035179 -0.087815 -0.163375 -0.195092 -0.184928 -0.057844 0.061333 0.084297 0.107253 0.124665 0.102275 0.058801 0.020864 0.003149 -0.005310 -0.017433 -0.039198 -0.082421 -0.040471 -0.001523 
0.000000 0.000010 -0.002025 -0.061849 -0.177431 -0.217011 -0.199188 -0.161520 -0.131628 -0.110261 -0.086406 -0.063593 -0.054323 -0.054133 -0.055069 -0.054254 -0.125842 -0.202443 -0.239738 -0.247922 -0.134980 -0.000886 0.023917 0.051471 0.074442 0.067130 0.036163 0.008464 0.000759 -0.005824 -0.016727 -0.031945 -0.075129 -0.048699 -0.001756 
-0.000005 -0.000035 -0.002026 -0.062102 -0.178964 -0.220658 -0.200346 -0.163078 -0.133626 -0.114496 -0.111333 -0.123025 -0.095063 -0.051038 -0.052642 -0.041769 -0.100401 -0.169492 -0.203981 -0.213075 -0.100147 0.019805 0.008991 0.002341 -0.024831 -0.026115 -0.001575 0.001734 -0.002758 -0.008836 -0.018351 -0.030766 -0.069027 -0.048964 -0.001790 
-0.000048 0.000003 -0.001819 -0.052077 -0.168982 -0.217475 -0.202716 -0.166603 -0.137383 -0.124462 -0.161697 -0.162210 -0.108174 -0.062724 -0.047100 -0.019201 -0.060629 -0.128396 -0.159751 -0.165137 -0.047309 0.054184 0.017201 -0.032733 -0.088624 -0.114532 -0.073227 -0.010614 -0.007540 -0.013143 -0.021746 -0.031402 -0.065989 -0.042237 -0.001642 
-0.000012 0.000000 -0.001478 -0.036874 -0.146552 -0.206236 -0.204689 -0.172533 -0.143054 -0.162380 -0.189005 -0.164353 -0.112134 -0.089467 -0.068825 -0.024058 -0.031416 -0.100147 -0.132926 -0.126035 -0.005132 0.048626 -0.013072 -0.065948 -0.113170 -0.149931 -0.129357 -0.057732 -0.013614 -0.018833 -0.025989 -0.034223 -0.063911 -0.032273 -0.001368 
0.000000 0.000000 -0.001105 -0.020568 -0.112365 -0.185712 -0.201158 -0.178488 -0.155479 -0.197116 -0.198811 -0.146973 -0.105010 -0.104239 -0.104308 -0.089154 -0.073721 -0.122988 -0.157994 -0.126511 -0.026928 -0.017978 -0.054613 -0.081271 -0.107531 -0.149031 -0.162056 -0.107600 -0.025739 -0.024838 -0.029392 -0.042176 -0.058022 -0.020117 -0.001060 
0.000000 0.000000 -0.000721 -0.007443 -0.074039 -0.152796 -0.188332 -0.180605 -0.182538 -0.222038 -0.201770 -0.133504 -0.101907 -0.102680 -0.109101 -0.116907 -0.120463 -0.156464 -0.182862 -0.125164 -0.046546 -0.043363 -0.058839 -0.076830 -0.100828 -0.141525 -0.178205 -0.144084 -0.054581 -0.029753 -0.035590 -0.051521 -0.047514 -0.007645 -0.000729 
0.000000 0.000000 -0.000345 -0.002469 -0.038104 -0.111982 -0.163304 -0.173964 -0.201236 -0.238565 -0.206660 -0.129534 -0.103781 -0.104095 -0.110642 -0.123145 -0.130527 -0.138684 -0.121849 -0.073252 -0.037185 -0.046966 -0.058532 -0.075405 -0.099091 -0.137724 -0.187754 -0.166615 -0.078315 -0.036492 -0.047149 -0.055952 -0.031042 -0.002298 -0.000369 
0.000000 0.000000 0.000000 -0.001361 -0.011629 -0.065495 -0.125214 -0.157267 -0.204203 -0.244885 -0.212632 -0.134764 -0.109666 -0.109283 -0.114546 -0.123256 -0.124054 -0.116178 -0.088633 -0.042208 -0.032227 -0.048137 -0.060839 -0.077960 -0.101865 -0.140825 -0.194306 -0.177468 -0.095012 -0.050887 -0.057596 -0.045282 -0.011329 -0.001320 0.000000 
0.000000 0.000000 0.000000 -0.000612 -0.002545 -0.023787 -0.075981 -0.123258 -0.186328 -0.247816 -0.225649 -0.150385 -0.118974 -0.116162 -0.116738 -0.117996 -0.112708 -0.091643 -0.064578 -0.043967 -0.048982 -0.057582 -0.068076 -0.085927 -0.111466 -0.157075 -0.211336 -0.193717 -0.106109 -0.062355 -0.051317 -0.021037 -0.002438 -0.000636 0.000000 
0.000000 0.000000 0.000000 -0.000022 -0.001268 -0.004123 -0.026584 -0.070124 -0.136350 -0.223689 -0.230352 -0.173432 -0.132794 -0.128241 -0.120173 -0.109368 -0.088533 -0.058159 -0.033706 -0.048939 -0.067659 -0.083001 -0.097334 -0.119215 -0.145529 -0.197715 -0.234856 -0.195976 -0.097006 -0.050985 -0.023148 -0.003941 -0.001289 -0.000025 0.000000 
0.000000 0.000000 0.000000 0.000000 -0.000338 -0.001914 -0.004831 -0.019159 -0.060803 -0.155966 -0.199986 -0.169846 -0.118686 -0.112141 -0.098926 -0.078396 -0.051834 -0.031749 -0.033557 -0.042444 -0.065912 -0.090958 -0.115326 -0.142254 -0.171057 -0.224612 -0.230353 -0.155885 -0.053246 -0.017525 -0.004657 -0.001910 -0.000360 0.000000 0.000000 
0.000000 0.000000 0.000000 0.000000 0.000000 -0.000597 -0.002402 -0.005246 -0.011335 -0.068012 -0.133545 -0.133124 -0.088755 -0.066789 -0.056580 -0.042595 -0.040283 -0.042570 -0.047400 -0.054642 -0.064393 -0.079740 -0.107973 -0.137999 -0.178370 -0.208834 -0.172022 -0.075117 -0.011494 -0.005225 -0.002389 -0.000622 0.000000 0.000000 0.000000 
0.000000 0.000000 0.000000 0.000000 0.000000 0.000000 -0.000777 -0.002694 -0.005428 -0.023580 -0.081944 -0.112568 -0.089959 -0.054873 -0.054361 -0.057561 -0.059384 -0.061816 -0.066914 -0.074780 -0.086367 -0.101132 -0.119607 -0.145790 -0.179418 -0.169193 -0.100065 -0.025160 -0.005631 -0.002700 -0.000771 0.000000 0.000000 0.000000 0.000000 
0.000000 0.000000 0.000000 0.000000 0.000000 0.000000 0.000000 -0.000843 -0.002655 -0.005400 -0.034357 -0.086148 -0.107834 -0.090085 -0.070762 -0.074159 -0.082021 -0.087742 -0.093550 -0.103361 -0.115137 -0.129676 -0.151380 -0.174398 -0.164849 -0.108278 -0.037315 -0.005780 -0.002694 -0.000810 0.000000 0.000000 0.000000 0.000000 0.000000 
0.000000 0.000000 0.000000 0.000000 0.000000 0.000000 0.000000 0.000000 -0.000744 -0.002313 -0.004982 -0.032045 -0.076108 -0.101819 -0.101667 -0.093878 -0.096279 -0.106739 -0.117945 -0.129010 -0.142038 -0.158182 -0.165112 -0.144064 -0.092726 -0.034057 -0.005357 -0.002357 -0.000680 0.000000 0.000000 0.000000 0.000000 0.000000 0.000000 
0.000000 0.000000 0.000000 0.000000 0.000000 0.000000 0.000000 0.000000 0.000000 -0.000462 -0.001652 -0.003210 -0.016816 -0.050156 -0.079692 -0.098212 -0.110098 -0.121538 -0.131767 -0.140290 -0.140980 -0.127384 -0.096696 -0.054453 -0.016628 -0.003468 -0.001640 -0.000412 0.000000 0.000000 0.000000 0.000000 0.000000 0.000000 0.000000 
0.000000 0.000000 0.000000 0.000000 0.000000 0.000000 0.000000 0.000000 0.000000 0.000000 -0.000043 -0.000818 -0.001726 -0.003060 -0.010837 -0.028972 -0.045354 -0.056253 -0.061031 -0.056926 -0.045029 -0.027320 -0.010103 -0.003278 -0.001789 -0.000764 -0.000034 0.000000 0.000000 0.000000 0.000000 0.000000 0.000000 0.000000 0.000000 
0.000000 0.000000 0.000000 0.000000 0.000000 0.000000 0.000000 0.000000 0.000000 0.000000 0.000000 0.000000 0.000000 -0.000458 -0.000911 -0.001314 -0.001655 -0.001924 -0.002034 -0.001959 -0.001702 -0.001334 -0.000884 -0.000414 0.000000 0.000000 0.000000 0.000000 0.000000 0.000000 0.000000 0.000000 0.000000 0.000000 0.000000 
0.000000 0.000000 0.000000 0.000000 0.000000 0.000000 0.000000 0.000000 0.000000 0.000000 0.000000 0.000000 0.000000 0.000000 0.000000 0.000000 0.000000 0.000000 -0.000023 0.000000 0.000000 0.000000 0.000000 0.000000 0.000000 0.000000 0.000000 0.000000 0.000000 0.000000 0.000000 0.000000 0.000000 0.000000 0.000000 
