0.000000 0.000000 0.000000 0.000000 0.000000 0.000000 0.000000 0.000000 0.000000 0.000000 0.000000 0.000000 0.000000 0.000000 0.000000 0.000000 -0.000002 0.000040 0.000015 0.000000 0.000000 0.000000 0.000000 0.000000 0.000000 0.000000 0.000000 0.000000 0.000000 0.000000 0.000000 0.000000 0.000000 0.000000 0.000000 
0.000000 0.000000 0.000000 0.000000 0.000000 0.000000 0.000000 0.000000 0.000000 0.000000 0.000000 0.000000 0.000008 0.000070 0.000202 0.000409 0.000664 0.000887 0.000983 0.000922 0.000745 0.000510 0.000244 0.000000 0.000000 0.000000 0.000000 0.000000 0.000000 0.000000 0.000000 0.000000 0.000000 0.000000 0.000000 
0.000000 0.000000 0.000000 0.000000 0.000000 0.000000 0.000000 0.000000 0.000000 -0.000008 -0.000089 -0.000121 -0.000054 0.000399 0.003284 0.009686 0.018198 0.025678 0.028184 0.024209 0.015260 0.005607 0.001682 0.000917 0.000409 0.000007 0.000000 0.000000 0.000000 0.000000 0.000000 0.000000 0.000000 0.000000 0.000000 
0.000000 0.000000 0.000000 0.000000 0.000000 0.000000 0.000000 0.000000 -0.000093 -0.000292 -0.000461 -0.001249 -0.000995 0.004680 0.017106 0.034099 0.049708 0.062337 0.070807 0.072839 0.064968 0.048013 0.026568 0.008201 0.001669 0.000803 0.000210 0.000000 0.000000 0.000000 0.000000 0.000000 0.000000 0.000000 0.000000 
0.000000 0.000000 0.000000 0.000000 0.000000 0.000000 0.000000 -0.000166 -0.000484 -0.000898 -0.003689 -0.005845 -0.001868 0.010765 0.029470 0.045837 0.059526 0.071788 0.083062 0.093478 0.100133 0.094449 0.072203 0.042490 0.015215 0.002429 0.001076 0.000314 0.000000 0.000000 0.000000 0.000000 0.000000 0.000000 0.000000 
0.000000 0.000000 0.000000 0.000000 0.000000 0.000000 -0.000218 -0.000660 -0.001240 -0.005356 -0.011744 -0.012804 -0.000489 0.018939 0.034495 0.047929 0.060244 0.071870 0.083049 0.093969 0.104397 0.112732 0.108271 0.084607 0.047842 0.015775 0.002582 0.001215 0.000374 0.000000 0.000000 0.000000 0.000000 0.000000 0.000000 
0.000000 0.000000 0.000000 0.000000 0.000000 -0.000238 -0.000820 -0.001601 -0.004873 -0.015022 -0.022411 -0.014432 0.004467 0.020628 0.034751 0.047458 0.059249 0.070626 0.081859 0.093063 0.104053 0.114499 0.122510 0.112491 0.083985 0.042353 0.010477 0.002609 0.001266 0.000373 0.000000 0.000000 0.000000 0.000000 0.000000 
0.000000 0.000000 0.000000 0.000000 -0.000228 -0.000946 -0.002020 -0.004203 -0.018334 -0.040051 -0.046975 -0.035398 -0.015090 0.007779 0.030665 0.045420 0.057536 0.069163 0.080567 0.092088 0.105885 0.125603 0.142868 0.148146 0.125086 0.082805 0.032415 0.005637 0.002608 0.001214 0.000314 0.000000 0.000000 0.000000 0.000000 
0.000000 0.000000 0.000000 -0.000179 -0.001003 -0.002510 -0.012103 -0.037255 -0.081072 -0.115679 -0.123600 -0.110376 -0.089508 -0.062245 -0.028297 0.011703 0.050037 0.067807 0.083900 0.114161 0.143956 0.168651 0.187229 0.199227 0.185081 0.146320 0.087489 0.032417 0.010483 0.002585 0.001077 0.000210 0.000000 0.000000 0.000000 
0.000000 0.000000 0.000003 -0.000871 -0.002862 -0.022941 -0.067215 -0.126602 -0.187284 -0.221562 -0.228542 -0.215474 -0.194085 -0.164041 -0.122920 -0.071910 -0.011426 0.059089 0.116263 0.153637 0.183299 0.207109 0.224887 0.237537 0.232477 0.199037 0.146407 0.082891 0.042397 0.015780 0.002434 0.000804 0.000007 0.000000 0.000000 
0.000000 0.000000 -0.000509 -0.002202 -0.025610 -0.090039 -0.172121 -0.245291 -0.310289 -0.345930 -0.353815 -0.341594 -0.321229 -0.291171 -0.248139 -0.187800 -0.101515 0.018377 0.130149 0.186340 0.213528 0.233723 0.249285 0.261181 0.261714 0.232610 0.185244 0.125254 0.083975 0.047895 0.015269 0.001668 0.000411 0.000000 0.000000 
0.000000 0.000000 -0.001343 -0.014750 -0.090036 -0.202445 -0.296974 -0.375334 -0.428740 -0.437200 -0.425836 -0.406864 -0.391360 -0.376847 -0.357600 -0.312917 -0.209838 -0.060968 0.089896 0.191365 0.221773 0.234901 0.246513 0.257363 0.260993 0.237648 0.199404 0.148407 0.112868 0.084700 0.042448 0.008203 0.000917 0.000000 0.000000 
0.000000 -0.000397 -0.002965 -0.060623 -0.192363 -0.332092 -0.416506 -0.446642 -0.466783 -0.469849 -0.457225 -0.437511 -0.422803 -0.410932 -0.400189 -0.370579 -0.295328 -0.175072 -0.012835 0.142168 0.208100 0.222816 0.235127 0.246526 0.249193 0.225088 0.187453 0.143135 0.122833 0.108426 0.072457 0.026638 0.001685 0.000244 0.000000 
0.000000 -0.000963 -0.012648 -0.134836 -0.319933 -0.440816 -0.464731 -0.471938 -0.489423 -0.492880 -0.481615 -0.461670 -0.447492 -0.436882 -0.425518 -0.387256 -0.331168 -0.276187 -0.152036 0.048592 0.180300 0.209095 0.222843 0.234938 0.233695 0.207195 0.168893 0.125976 0.114895 0.113113 0.094739 0.048089 0.005648 0.000510 0.000000 
0.000000 -0.001652 -0.042302 -0.226590 -0.431388 -0.488104 -0.489886 -0.486889 -0.502494 -0.508646 -0.502110 -0.483708 -0.472123 -0.480024 -0.498130 -0.499137 -0.488185 -0.478358 -0.395597 -0.152318 0.096170 0.180389 0.208303 0.221966 0.213597 0.183543 0.144294 0.106130 0.104550 0.104812 0.100562 0.065170 0.015293 0.000747 0.000000 
0.000000 -0.002431 -0.081935 -0.318065 -0.493253 -0.511638 -0.508005 -0.500839 -0.508569 -0.520200 -0.521352 -0.528451 -0.572713 -0.656217 -0.740311 -0.769872 -0.777360 -0.776254 -0.725834 -0.484569 -0.152282 0.048683 0.142345 0.191410 0.186507 0.153859 0.114475 0.092507 0.093502 0.094466 0.093914 0.073035 0.024232 0.000922 0.000000 
-0.000045 -0.003163 -0.117769 -0.380496 -0.523164 -0.528915 -0.522413 -0.513437 -0.511264 -0.528237 -0.574218 -0.668382 -0.784805 -0.899117 -0.964149 -0.959519 -0.935494 -0.924133 -0.896703 -0.725691 -0.395116 -0.151653 -0.012650 0.090059 0.130412 0.116465 0.084270 0.080989 0.082377 0.083626 0.083631 0.071141 0.028177 0.000985 0.000015 
-0.000141 -0.003577 -0.136724 -0.408274 -0.538827 -0.541803 -0.534210 -0.525214 -0.521350 -0.563344 -0.694687 -0.841483 -0.970689 -1.033883 -1.032447 -0.989534 -0.960080 -0.949840 -0.924181 -0.776263 -0.477899 -0.275934 -0.174570 -0.060512 0.018741 0.059417 0.068178 0.069582 0.071088 0.072392 0.072384 0.062609 0.025791 0.000889 0.000040 
-0.000062 -0.003481 -0.127733 -0.401602 -0.546644 -0.551667 -0.545020 -0.536443 -0.545183 -0.655594 -0.805706 -0.967726 -1.066572 -1.078034 -1.056949 -1.011244 -0.974644 -0.960570 -0.935853 -0.777416 -0.487917 -0.330570 -0.294417 -0.209285 -0.101076 -0.010892 0.050352 0.057983 0.059770 0.060874 0.060151 0.050035 0.018213 0.000666 -0.000002 
0.000000 -0.002942 -0.096442 -0.356727 -0.540802 -0.557580 -0.553544 -0.547422 -0.610922 -0.745455 -0.895087 -1.031936 -1.085146 -1.091600 -1.086508 -1.054711 -1.011185 -0.989798 -0.959659 -0.769407 -0.498479 -0.386700 -0.370088 -0.312074 -0.187228 -0.071396 0.012123 0.045924 0.047963 0.048523 0.046365 0.034372 0.009725 0.000411 0.000000 
0.000000 -0.002197 -0.054292 -0.274454 -0.501997 -0.557860 -0.559161 -0.561861 -0.674593 -0.814600 -0.962835 -1.062670 -1.080150 -1.085474 -1.092155 -1.086669 -1.056964 -1.032155 -0.964377 -0.739850 -0.497855 -0.425062 -0.399724 -0.356996 -0.247127 -0.122411 -0.027805 0.031158 0.035275 0.035056 0.029953 0.017306 0.003302 0.000203 0.000000 
0.000000 -0.001402 -0.017882 -0.178119 -0.403571 -0.534476 -0.558460 -0.589612 -0.719993 -0.863171 -1.005689 -1.072837 -1.080780 -1.082460 -1.085232 -1.091647 -1.078332 -1.033282 -0.899200 -0.655799 -0.479413 -0.436483 -0.410445 -0.376229 -0.290379 -0.163095 -0.061677 0.008302 0.021166 0.019454 0.011100 0.004806 0.000414 0.000071 0.000000 
0.000000 -0.000633 -0.004702 -0.088183 -0.266466 -0.440652 -0.534373 -0.604363 -0.743159 -0.888328 -1.026824 -1.074782 -1.080249 -1.080651 -1.079380 -1.085219 -1.067309 -0.970654 -0.784816 -0.572472 -0.471091 -0.446904 -0.422319 -0.390744 -0.320406 -0.193391 -0.088923 -0.014586 0.004967 -0.000133 -0.001647 -0.000923 -0.000051 0.000009 0.000000 
0.000000 0.000000 -0.002379 -0.024187 -0.138243 -0.299735 -0.423889 -0.558652 -0.737964 -0.889514 -1.027448 -1.070587 -1.074855 -1.072846 -1.062059 -1.032421 -0.967858 -0.841962 -0.668124 -0.528139 -0.482687 -0.461099 -0.436983 -0.406360 -0.340619 -0.214666 -0.109821 -0.034912 -0.014048 -0.012590 -0.005758 -0.001233 -0.000119 0.000000 0.000000 
0.000000 0.000000 -0.001009 -0.004327 -0.044548 -0.149580 -0.278296 -0.417159 -0.618751 -0.806563 -0.968572 -1.028121 -1.027293 -1.005984 -0.962904 -0.895277 -0.805787 -0.694666 -0.574123 -0.521137 -0.501237 -0.481089 -0.456778 -0.425345 -0.353043 -0.228024 -0.123218 -0.046615 -0.022201 -0.011646 -0.003669 -0.000457 -0.000089 0.000000 0.000000 
0.000000 0.000000 -0.000012 -0.001965 -0.006189 -0.044052 -0.124551 -0.249365 -0.449003 -0.641673 -0.806361 -0.889452 -0.888112 -0.863153 -0.814373 -0.745663 -0.655991 -0.563134 -0.528302 -0.520116 -0.508154 -0.492003 -0.469140 -0.436442 -0.345342 -0.221075 -0.115312 -0.039872 -0.014939 -0.005331 -0.000894 -0.000290 -0.000008 0.000000 0.000000 
0.000000 0.000000 0.000000 -0.000482 -0.002561 -0.006331 -0.027443 -0.087951 -0.249472 -0.448875 -0.618600 -0.737891 -0.743077 -0.719834 -0.674354 -0.611039 -0.545097 -0.521094 -0.511234 -0.508581 -0.502101 -0.488938 -0.466340 -0.428288 -0.309919 -0.186876 -0.080911 -0.018280 -0.004857 -0.001236 -0.000482 -0.000093 0.000000 0.000000 0.000000 
0.000000 0.000000 0.000000 0.000000 -0.000708 -0.002818 -0.006224 -0.014035 -0.087954 -0.249251 -0.416948 -0.558330 -0.604231 -0.589166 -0.561877 -0.547054 -0.536234 -0.525078 -0.513203 -0.500386 -0.486656 -0.471342 -0.446273 -0.374785 -0.244887 -0.126395 -0.037205 -0.004195 -0.001596 -0.000657 -0.000166 0.000000 0.000000 0.000000 0.000000 
0.000000 0.000000 0.000000 0.000000 0.000000 -0.000830 -0.002903 -0.006226 -0.027432 -0.124488 -0.278454 -0.423236 -0.534087 -0.558062 -0.558551 -0.553083 -0.544526 -0.533940 -0.521915 -0.507478 -0.489249 -0.464190 -0.416045 -0.296313 -0.172058 -0.067112 -0.012082 -0.002016 -0.000817 -0.000218 0.000000 0.000000 0.000000 0.000000 0.000000 
0.000000 0.000000 0.000000 0.000000 0.000000 0.000000 -0.000830 -0.002820 -0.006326 -0.044050 -0.149520 -0.299676 -0.440662 -0.534048 -0.557485 -0.557006 -0.550804 -0.541356 -0.527999 -0.510965 -0.487583 -0.440255 -0.331902 -0.202266 -0.089933 -0.022918 -0.002503 -0.000945 -0.000238 0.000000 0.000000 0.000000 0.000000 0.000000 0.000000 
0.000000 0.000000 0.000000 0.000000 0.000000 0.000000 0.000000 -0.000707 -0.002559 -0.006179 -0.044433 -0.138408 -0.266012 -0.403229 -0.501421 -0.540389 -0.545906 -0.538110 -0.522370 -0.492748 -0.430757 -0.319545 -0.191941 -0.090073 -0.025528 -0.002852 -0.001000 -0.000227 0.000000 0.000000 0.000000 0.000000 0.000000 0.000000 0.000000 
0.000000 0.000000 0.000000 0.000000 0.000000 0.000000 0.000000 0.000000 -0.000482 -0.001964 -0.004332 -0.024193 -0.088058 -0.178040 -0.274147 -0.356555 -0.401209 -0.408213 -0.380110 -0.317814 -0.226286 -0.134707 -0.060494 -0.014743 -0.002202 -0.000869 -0.000179 0.000000 0.000000 0.000000 0.000000 0.000000 0.000000 0.000000 0.000000 
0.000000 0.000000 0.000000 0.000000 0.000000 0.000000 0.000000 0.000000 0.000000 -0.000012 -0.001006 -0.002382 -0.004695 -0.017783 -0.054230 -0.096429 -0.127870 -0.136481 -0.117884 -0.081906 -0.042255 -0.012574 -0.002959 -0.001344 -0.000507 0.000003 0.000000 0.000000 0.000000 0.000000 0.000000 0.000000 0.000000 0.000000 0.000000 
0.000000 0.000000 0.000000 0.000000 0.000000 0.000000 0.000000 0.000000 0.000000 0.000000 0.000000 0.000000 -0.000632 -0.001403 -0.002192 -0.002944 -0.003480 -0.003575 -0.003161 -0.002432 -0.001648 -0.000964 -0.000396 0.000000 0.000000 0.000000 0.000000 0.000000 0.000000 0.000000 0.000000 0.000000 0.000000 0.000000 0.000000 
0.000000 0.000000 0.000000 0.000000 0.000000 0.000000 0.000000 0.000000 0.000000 0.000000 0.000000 0.000000 0.000000 0.000000 0.000000 0.000000 -0.000062 -0.000141 -0.000045 0.000000 0.000000 0.000000 0.000000 0.000000 0.000000 0.000000 0.000000 0.000000 0.000000 0.000000 0.000000 0.000000 0.000000 0.000000 0.000000 
