0.000000 0.000000 0.000000 0.000000 0.000000 0.000000 0.000000 0.000000 0.000000 0.000000 0.000000 0.000000 0.000000 0.000000 0.000000 0.000000 0.000000 -0.000000 -0.000092 0.000000 0.000000 0.000000 0.000000 0.000000 0.000000 0.000000 0.000000 0.000000 0.000000 0.000000 0.000000 0.000000 0.000000 0.000000 0.000000 
0.000000 0.000000 0.000000 0.000000 0.000000 0.000000 0.000000 0.000000 0.000000 0.000000 0.000000 0.000000 0.000000 -0.000435 -0.000984 -0.001568 -0.002103 -0.002471 -0.002542 -0.002307 -0.001840 -0.001303 -0.000798 -0.000353 0.000000 0.000000 0.000000 0.000000 0.000000 0.000000 0.000000 0.000000 0.000000 0.000000 0.000000 
0.000000 0.000000 0.000000 0.000000 0.000000 0.000000 0.000000 0.000000 0.000000 0.000000 -0.000009 -0.000669 -0.001664 -0.003145 -0.009009 -0.023684 -0.038164 -0.046925 -0.048320 -0.042524 -0.032171 -0.019233 -0.007148 -0.002308 -0.001203 -0.000491 -0.000011 0.000000 0.000000 0.000000 0.000000 0.000000 0.000000 0.000000 0.000000 
0.000000 0.000000 0.000000 0.000000 0.000000 0.000000 0.000000 0.000000 0.000000 -0.000319 -0.001352 -0.002936 -0.011607 -0.033086 -0.052836 -0.057607 -0.044916 -0.024083 -0.010496 -0.008474 -0.017098 -0.026003 -0.028236 -0.020711 -0.008198 -0.001957 -0.000929 -0.000230 0.000000 0.000000 0.000000 0.000000 0.000000 0.000000 0.000000 
0.000000 0.000000 0.000000 0.000000 0.000000 0.000000 0.000000 0.000000 -0.000552 -0.001961 -0.004292 -0.019497 -0.045392 -0.053998 -0.027834 0.021556 0.065837 0.092187 0.105003 0.109589 0.101199 0.072625 0.029061 -0.007608 -0.019931 -0.011768 -0.002714 -0.001278 -0.000393 0.000000 0.000000 0.000000 0.000000 0.000000 0.000000 
0.000000 0.000000 0.000000 0.000000 0.000000 0.000000 0.000000 -0.000747 -0.002442 -0.004959 -0.020193 -0.046831 -0.047470 -0.011561 0.042580 0.078636 0.094884 0.104485 0.110711 0.117668 0.122532 0.123383 0.106116 0.062083 0.012216 -0.015342 -0.011261 -0.003024 -0.001545 -0.000494 0.000000 0.000000 0.000000 0.000000 0.000000 
0.000000 0.000000 0.000000 0.000000 0.000000 0.000000 -0.000857 -0.002837 -0.005572 -0.015429 -0.043038 -0.048568 -0.017436 0.034652 0.065237 0.076377 0.082663 0.088149 0.093731 0.099660 0.106240 0.113539 0.118856 0.107014 0.063703 0.013153 -0.014719 -0.008861 -0.003408 -0.001781 -0.000555 0.000000 0.000000 0.000000 0.000000 
0.000000 0.000000 0.000000 0.000000 0.000000 -0.000779 -0.002989 -0.006112 -0.012130 -0.047785 -0.086027 -0.086444 -0.048223 -0.005872 0.025600 0.055828 0.066039 0.069990 0.075066 0.081026 0.087984 0.090528 0.081350 0.073877 0.052223 0.011977 -0.021852 -0.024324 -0.007383 -0.003776 -0.001870 -0.000496 0.000000 0.000000 0.000000 
0.000000 0.000000 0.000000 0.000000 -0.000501 -0.002772 -0.006576 -0.029343 -0.083902 -0.158629 -0.194295 -0.178312 -0.135608 -0.117866 -0.098023 -0.062525 -0.007450 0.046762 0.059675 0.058156 0.027170 0.002088 -0.007177 -0.003952 -0.001741 -0.033453 -0.072346 -0.085739 -0.052966 -0.018829 -0.004097 -0.001734 -0.000313 0.000000 0.000000 
0.000000 0.000000 0.000000 -0.000044 -0.002032 -0.006448 -0.046254 -0.121638 -0.194769 -0.237330 -0.226580 -0.178915 -0.142177 -0.139427 -0.144211 -0.145000 -0.119912 -0.053126 0.010538 -0.016528 -0.041158 -0.039261 -0.023435 -0.004101 0.009826 -0.009065 -0.061946 -0.109248 -0.115730 -0.076693 -0.029810 -0.004036 -0.001254 -0.000041 0.000000 
0.000000 0.000000 0.000000 -0.000973 -0.004338 -0.044607 -0.137319 -0.206020 -0.226376 -0.206929 -0.151578 -0.079274 -0.049828 -0.053677 -0.078116 -0.115680 -0.151220 -0.162993 -0.142642 -0.073811 -0.033714 0.009306 0.046629 0.075584 0.093211 0.084873 0.021916 -0.050579 -0.103618 -0.115594 -0.083852 -0.028734 -0.002666 -0.000581 0.000000 
0.000000 0.000000 0.000000 -0.002257 -0.022774 -0.123426 -0.206552 -0.207207 -0.163230 -0.120916 -0.081100 -0.026632 -0.009040 -0.009421 -0.021468 -0.046579 -0.101658 -0.209376 -0.242836 -0.100570 0.034285 0.077784 0.096174 0.110510 0.124315 0.128300 0.085397 0.034118 -0.025709 -0.078828 -0.109537 -0.073873 -0.014701 -0.001337 0.000000 
0.000000 0.000000 -0.000559 -0.004221 -0.077414 -0.186677 -0.208327 -0.151722 -0.124737 -0.108822 -0.072422 -0.019180 -0.002501 -0.001966 -0.010995 -0.028963 -0.090800 -0.190922 -0.211948 -0.110952 0.042567 0.090504 0.101663 0.114398 0.127991 0.133574 0.091250 0.044506 0.012528 -0.009850 -0.071721 -0.097455 -0.046919 -0.002445 -0.000301 
0.000000 0.000000 -0.001202 -0.015001 -0.133920 -0.201657 -0.176089 -0.143729 -0.118613 -0.103291 -0.071835 -0.023557 -0.003557 -0.001317 -0.007956 -0.028937 -0.100505 -0.148731 -0.148786 -0.129389 0.009803 0.092868 0.104133 0.116777 0.130333 0.132288 0.088382 0.043186 0.015722 0.005873 -0.018354 -0.079740 -0.071926 -0.008969 -0.000628 
0.000000 0.000000 -0.001781 -0.042442 -0.164024 -0.188211 -0.177311 -0.147656 -0.116002 -0.102324 -0.080983 -0.038101 -0.009054 -0.004000 -0.006773 -0.029968 -0.082119 -0.097725 -0.108400 -0.140779 -0.023013 0.088256 0.105298 0.119960 0.134350 0.124109 0.075500 0.034362 0.012906 0.005708 -0.004860 -0.041814 -0.073391 -0.023775 -0.000864 
0.000000 0.000000 -0.002229 -0.067189 -0.165804 -0.187689 -0.188518 -0.153332 -0.120076 -0.103178 -0.090625 -0.058063 -0.018356 -0.010607 -0.012126 -0.041313 -0.102141 -0.126802 -0.167315 -0.208725 -0.112137 0.048263 0.071047 0.103327 0.133169 0.106380 0.056278 0.020927 0.007712 0.001602 -0.006408 -0.022562 -0.057748 -0.032570 -0.000950 
0.000000 -0.000047 -0.002459 -0.077003 -0.156836 -0.199008 -0.197749 -0.160602 -0.128550 -0.106170 -0.096719 -0.081362 -0.051476 -0.032990 -0.035540 -0.070850 -0.132019 -0.162937 -0.204424 -0.243914 -0.169034 0.004689 0.016591 0.044189 0.071441 0.062270 0.031374 0.006806 0.000293 -0.004323 -0.011067 -0.019955 -0.043966 -0.029949 -0.000855 
0.000067 -0.000082 -0.002365 -0.070871 -0.144138 -0.206626 -0.207268 -0.171151 -0.138624 -0.115674 -0.108823 -0.117494 -0.092735 -0.047627 -0.044419 -0.062079 -0.105865 -0.143911 -0.183342 -0.214431 -0.130862 0.038115 0.028105 0.014437 -0.031626 -0.041344 -0.011584 -0.004641 -0.008127 -0.012085 -0.017431 -0.023375 -0.034247 -0.018693 -0.000590 
0.000009 -0.000070 -0.002021 -0.055006 -0.127020 -0.201824 -0.216716 -0.183269 -0.150833 -0.130574 -0.147217 -0.140518 -0.101082 -0.066229 -0.046317 -0.041094 -0.072028 -0.116938 -0.150533 -0.170185 -0.058138 0.090995 0.045312 -0.016335 -0.094682 -0.133037 -0.090794 -0.022548 -0.017474 -0.020612 -0.024783 -0.027703 -0.025669 -0.006022 -0.000323 
0.000044 0.000000 -0.001578 -0.037910 -0.103642 -0.180573 -0.222296 -0.197289 -0.165601 -0.166161 -0.172545 -0.147368 -0.107819 -0.091147 -0.073692 -0.040231 -0.042310 -0.088318 -0.116145 -0.119002 0.011710 0.084575 -0.004643 -0.067193 -0.122321 -0.168021 -0.150845 -0.075506 -0.027455 -0.029694 -0.031895 -0.030043 -0.014377 0.001292 -0.000157 
0.000000 0.000000 -0.001175 -0.021915 -0.075221 -0.144124 -0.213553 -0.209102 -0.185639 -0.201841 -0.188860 -0.143318 -0.112834 -0.116026 -0.121171 -0.114270 -0.106574 -0.140567 -0.172208 -0.138860 -0.022473 -0.017350 -0.068024 -0.094812 -0.120599 -0.168151 -0.185506 -0.129099 -0.042578 -0.038138 -0.037279 -0.025251 -0.000640 0.002062 -0.000105 
0.000000 0.000000 -0.000803 -0.007903 -0.051124 -0.100353 -0.181022 -0.209754 -0.213807 -0.231165 -0.203211 -0.146765 -0.123989 -0.129242 -0.141142 -0.154158 -0.161559 -0.194332 -0.218228 -0.140263 -0.047856 -0.058379 -0.079169 -0.096630 -0.119025 -0.162681 -0.203050 -0.167610 -0.073221 -0.044105 -0.037307 -0.008880 0.005076 0.000203 -0.000094 
0.000000 0.000000 -0.000419 -0.002156 -0.030577 -0.069662 -0.127742 -0.184818 -0.226565 -0.250395 -0.217588 -0.156845 -0.138986 -0.143789 -0.154600 -0.169564 -0.175889 -0.166996 -0.134204 -0.076196 -0.048349 -0.069875 -0.082781 -0.099194 -0.121038 -0.160310 -0.212921 -0.190281 -0.096854 -0.044766 -0.020017 0.000711 0.002138 -0.000368 -0.000075 
0.000000 0.000000 0.000000 -0.001229 -0.010792 -0.046250 -0.082711 -0.133958 -0.204420 -0.250272 -0.226282 -0.168919 -0.153079 -0.157180 -0.165436 -0.172132 -0.160508 -0.118427 -0.064925 -0.035268 -0.049363 -0.073643 -0.087586 -0.104106 -0.125764 -0.163657 -0.218968 -0.199114 -0.097981 -0.026214 -0.007137 -0.001194 -0.001102 -0.000338 0.000000 
0.000000 0.000000 0.000000 -0.000621 -0.002042 -0.020253 -0.054409 -0.088819 -0.153821 -0.216278 -0.212768 -0.168441 -0.152916 -0.153512 -0.149992 -0.138320 -0.115307 -0.080833 -0.043088 -0.027498 -0.044550 -0.063909 -0.083121 -0.104170 -0.127279 -0.167553 -0.214421 -0.181578 -0.074420 -0.016251 -0.008047 -0.003793 -0.000841 -0.000211 0.000000 
0.000000 0.000000 0.000000 -0.000012 -0.001097 -0.003291 -0.022382 -0.053539 -0.102653 -0.170994 -0.181907 -0.148145 -0.126250 -0.125632 -0.116953 -0.101809 -0.079004 -0.053446 -0.035480 -0.041242 -0.051398 -0.065205 -0.080970 -0.102171 -0.124369 -0.171301 -0.204990 -0.158781 -0.054519 -0.015330 -0.007188 -0.001823 -0.000558 -0.000006 0.000000 
0.000000 0.000000 0.000000 0.000000 -0.000317 -0.001537 -0.003774 -0.016133 -0.048395 -0.114608 -0.143750 -0.123722 -0.092903 -0.092435 -0.084462 -0.069251 -0.049855 -0.036881 -0.040327 -0.047534 -0.060654 -0.075663 -0.092779 -0.113212 -0.134534 -0.187072 -0.195542 -0.123587 -0.030802 -0.008504 -0.002814 -0.001054 -0.000174 0.000000 0.000000 
0.000000 0.000000 0.000000 0.000000 0.000000 -0.000492 -0.001885 -0.004044 -0.008737 -0.048866 -0.091007 -0.088593 -0.060384 -0.050278 -0.047625 -0.041153 -0.042505 -0.046464 -0.051753 -0.058392 -0.066899 -0.079197 -0.098710 -0.119077 -0.152258 -0.187817 -0.157798 -0.067075 -0.008910 -0.003789 -0.001586 -0.000384 0.000000 0.000000 0.000000 
0.000000 0.000000 0.000000 0.000000 0.000000 0.000000 -0.000617 -0.002083 -0.004107 -0.016785 -0.053861 -0.069753 -0.054381 -0.036221 -0.042985 -0.051288 -0.056788 -0.061432 -0.067411 -0.074952 -0.084934 -0.096907 -0.110318 -0.129190 -0.166099 -0.162602 -0.096481 -0.023379 -0.004550 -0.002045 -0.000538 0.000000 0.000000 0.000000 0.000000 
0.000000 0.000000 0.000000 0.000000 0.000000 0.000000 0.000000 -0.000661 -0.002009 -0.003958 -0.023165 -0.054065 -0.064142 -0.054577 -0.049240 -0.059262 -0.071072 -0.079478 -0.086475 -0.095661 -0.105125 -0.114778 -0.129587 -0.155581 -0.155312 -0.104408 -0.035991 -0.005032 -0.002224 -0.000631 0.000000 0.000000 0.000000 0.000000 0.000000 
0.000000 0.000000 0.000000 0.000000 0.000000 0.000000 0.000000 0.000000 -0.000570 -0.001725 -0.003528 -0.020818 -0.046220 -0.059308 -0.060019 -0.061652 -0.071023 -0.084479 -0.096242 -0.105432 -0.114753 -0.128606 -0.142434 -0.132571 -0.089276 -0.033424 -0.004873 -0.002059 -0.000562 0.000000 0.000000 0.000000 0.000000 0.000000 0.000000 
0.000000 0.000000 0.000000 0.000000 0.000000 0.000000 0.000000 0.000000 0.000000 -0.000360 -0.001203 -0.002226 -0.010801 -0.030031 -0.046269 -0.058329 -0.069039 -0.080313 -0.091629 -0.102679 -0.109892 -0.108254 -0.089296 -0.053502 -0.016485 -0.003195 -0.001474 -0.000362 0.000000 0.000000 0.000000 0.000000 0.000000 0.000000 0.000000 
0.000000 0.000000 0.000000 0.000000 0.000000 0.000000 0.000000 0.000000 0.000000 0.000000 -0.000029 -0.000590 -0.001182 -0.001983 -0.006637 -0.017541 -0.027902 -0.036985 -0.044624 -0.046750 -0.041045 -0.026741 -0.009948 -0.003028 -0.001651 -0.000703 -0.000036 0.000000 0.000000 0.000000 0.000000 0.000000 0.000000 0.000000 0.000000 
0.000000 0.000000 0.000000 0.000000 0.000000 0.000000 0.000000 0.000000 0.000000 0.000000 0.000000 0.000000 0.000000 -0.000312 -0.000599 -0.000853 -0.001081 -0.001311 -0.001496 -0.001563 -0.001453 -0.001193 -0.000817 -0.000386 0.000000 0.000000 0.000000 0.000000 0.000000 0.000000 0.000000 0.000000 0.000000 0.000000 0.000000 
0.000000 0.000000 0.000000 0.000000 0.000000 0.000000 0.000000 0.000000 0.000000 0.000000 0.000000 0.000000 0.000000 0.000000 0.000000 0.000000 0.000000 -0.000000 -0.000015 0.000000 0.000000 0.000000 0.000000 0.000000 0.000000 0.000000 0.000000 0.000000 0.000000 0.000000 0.000000 0.000000 0.000000 0.000000 0.000000 
