0.000000 0.000000 0.000000 0.000000 0.000000 0.000000 0.000000 0.000000 0.000000 0.000000 0.000000 0.000000 0.000000 0.000000 0.000000 0.000000 0.000000 -0.000000 -0.000092 0.000000 0.000000 0.000000 0.000000 0.000000 0.000000 0.000000 0.000000 0.000000 0.000000 0.000000 0.000000 0.000000 0.000000 0.000000 0.000000 
0.000000 0.000000 0.000000 0.000000 0.000000 0.000000 0.000000 0.000000 0.000000 0.000000 0.000000 0.000000 0.000000 -0.000431 -0.000959 -0.001497 -0.001977 -0.002289 -0.002315 -0.002071 -0.001638 -0.001167 -0.000732 -0.000337 0.000000 0.000000 0.000000 0.000000 0.000000 0.000000 0.000000 0.000000 0.000000 0.000000 0.000000 
0.000000 0.000000 0.000000 0.000000 0.000000 0.000000 0.000000 0.000000 0.000000 0.000000 -0.000013 -0.000665 -0.001627 -0.003048 -0.009084 -0.023720 -0.036940 -0.043369 -0.042428 -0.035761 -0.026630 -0.016292 -0.006238 -0.001985 -0.001066 -0.000463 -0.000009 0.000000 0.000000 0.000000 0.000000 0.000000 0.000000 0.000000 0.000000 
0.000000 0.000000 0.000000 0.000000 0.000000 0.000000 0.000000 0.000000 0.000000 -0.000321 -0.001348 -0.002894 -0.011883 -0.033806 -0.051501 -0.051336 -0.033136 -0.008615 0.007219 0.010479 0.002232 -0.008368 -0.015654 -0.014800 -0.006853 -0.001696 -0.000854 -0.000226 0.000000 0.000000 0.000000 0.000000 0.000000 0.000000 0.000000 
0.000000 0.000000 0.000000 0.000000 0.000000 0.000000 0.000000 0.000000 -0.000559 -0.001960 -0.004284 -0.020205 -0.046149 -0.051993 -0.021724 0.029805 0.072282 0.095756 0.106925 0.111790 0.106492 0.084020 0.046649 0.009410 -0.010224 -0.009152 -0.002392 -0.001182 -0.000383 0.000000 0.000000 0.000000 0.000000 0.000000 0.000000 
0.000000 0.000000 0.000000 0.000000 0.000000 0.000000 0.000000 -0.000744 -0.002446 -0.004956 -0.020940 -0.048040 -0.047154 -0.008268 0.046910 0.079829 0.093305 0.101019 0.105842 0.111638 0.116210 0.118589 0.106997 0.072950 0.027728 -0.005518 -0.008836 -0.002784 -0.001484 -0.000494 0.000000 0.000000 0.000000 0.000000 0.000000 
0.000000 0.000000 0.000000 0.000000 0.000000 0.000000 -0.000842 -0.002831 -0.005576 -0.015823 -0.044580 -0.049970 -0.016382 0.038086 0.066357 0.075549 0.080367 0.084439 0.088642 0.093238 0.098550 0.105005 0.110854 0.103971 0.071608 0.025957 -0.007331 -0.007683 -0.003317 -0.001788 -0.000572 0.000000 0.000000 0.000000 0.000000 
0.000000 0.000000 0.000000 0.000000 0.000000 -0.000750 -0.002967 -0.006127 -0.012131 -0.048653 -0.088079 -0.087459 -0.045848 -0.004064 0.026003 0.055356 0.064543 0.067438 0.071323 0.075842 0.081125 0.082201 0.071790 0.064487 0.049087 0.018875 -0.013071 -0.021356 -0.007384 -0.003850 -0.001949 -0.000528 0.000000 0.000000 0.000000 
0.000000 0.000000 0.000000 0.000000 -0.000463 -0.002729 -0.006572 -0.028760 -0.083904 -0.162186 -0.199616 -0.180997 -0.135113 -0.118414 -0.099006 -0.063825 -0.009031 0.045085 0.057641 0.055524 0.023815 -0.003197 -0.014720 -0.013146 -0.010193 -0.032114 -0.065123 -0.082182 -0.055044 -0.020196 -0.004346 -0.001874 -0.000353 0.000000 0.000000 
0.000000 0.000000 0.000000 -0.000041 -0.001955 -0.006385 -0.045185 -0.122845 -0.200165 -0.245058 -0.233063 -0.180807 -0.141727 -0.139564 -0.144801 -0.146025 -0.120994 -0.054542 0.010145 -0.015249 -0.041176 -0.041347 -0.028032 -0.010931 0.001842 -0.010953 -0.055478 -0.103448 -0.117059 -0.081325 -0.032547 -0.004429 -0.001411 -0.000041 0.000000 
0.000000 0.000000 0.000000 -0.000891 -0.004282 -0.043190 -0.139607 -0.213925 -0.233981 -0.213885 -0.154950 -0.076848 -0.045450 -0.050005 -0.075506 -0.114244 -0.150155 -0.159110 -0.137732 -0.071042 -0.030678 0.010119 0.045088 0.071598 0.087541 0.082406 0.029049 -0.042335 -0.101878 -0.119006 -0.090095 -0.032051 -0.003024 -0.000695 0.000000 
0.000000 0.000000 0.000000 -0.002166 -0.021515 -0.124668 -0.217526 -0.215905 -0.167462 -0.123109 -0.080189 -0.021155 -0.002686 -0.004457 -0.017909 -0.043621 -0.095615 -0.196837 -0.230226 -0.093881 0.036033 0.077598 0.093542 0.105788 0.118049 0.124186 0.091916 0.044210 -0.020742 -0.079051 -0.114253 -0.081477 -0.017020 -0.001601 0.000000 
0.000000 0.000000 -0.000482 -0.004103 -0.075471 -0.197300 -0.221745 -0.155516 -0.123025 -0.108027 -0.071139 -0.014126 0.003984 0.003084 -0.007828 -0.027197 -0.082094 -0.174030 -0.193454 -0.100702 0.041642 0.089344 0.098732 0.109398 0.121393 0.128970 0.096850 0.053286 0.018346 -0.006463 -0.072339 -0.105685 -0.054007 -0.002980 -0.000398 
0.000000 0.000000 -0.001080 -0.013676 -0.136713 -0.221515 -0.184842 -0.140790 -0.113680 -0.102163 -0.072262 -0.020674 0.002556 0.003873 -0.004563 -0.025243 -0.088049 -0.137620 -0.135369 -0.111689 0.011662 0.089757 0.100817 0.111445 0.123361 0.128417 0.093781 0.050500 0.019836 0.009716 -0.014721 -0.083402 -0.082896 -0.011127 -0.000840 
0.000000 0.000000 -0.001645 -0.038879 -0.175562 -0.210070 -0.178260 -0.141482 -0.109954 -0.101349 -0.083575 -0.038713 -0.004548 0.001097 -0.003696 -0.024492 -0.072032 -0.102345 -0.111415 -0.124881 -0.014945 0.082814 0.101741 0.114255 0.126986 0.122241 0.081134 0.039891 0.015594 0.008832 -0.000327 -0.039484 -0.085535 -0.030188 -0.001204 
0.000000 0.000000 -0.002079 -0.063099 -0.186344 -0.205035 -0.184487 -0.146077 -0.114029 -0.101601 -0.094548 -0.062936 -0.019403 -0.011467 -0.018688 -0.042623 -0.107884 -0.149818 -0.187602 -0.209242 -0.106698 0.031212 0.063343 0.096582 0.126424 0.107206 0.061287 0.024278 0.009849 0.004296 -0.002626 -0.016812 -0.068060 -0.043292 -0.001424 
0.000000 -0.000009 -0.002287 -0.073491 -0.183790 -0.210882 -0.191785 -0.152971 -0.122801 -0.103456 -0.099683 -0.090775 -0.066497 -0.048920 -0.049524 -0.064564 -0.126921 -0.169481 -0.209592 -0.237266 -0.150521 -0.012976 0.001708 0.032828 0.067180 0.065079 0.034450 0.008411 0.002224 -0.001891 -0.007643 -0.013809 -0.051159 -0.043575 -0.001441 
0.000028 -0.000048 -0.002182 -0.067726 -0.173350 -0.216313 -0.200821 -0.163413 -0.133032 -0.112888 -0.109594 -0.130529 -0.116651 -0.070288 -0.054253 -0.043906 -0.092817 -0.143843 -0.183174 -0.204104 -0.103583 0.026297 0.011287 0.000021 -0.033147 -0.038201 -0.010047 -0.003379 -0.006279 -0.009702 -0.014109 -0.017438 -0.040149 -0.033479 -0.001222 
-0.000025 -0.000031 -0.001849 -0.051494 -0.153974 -0.213698 -0.210751 -0.175638 -0.145084 -0.127860 -0.150180 -0.149932 -0.116103 -0.082160 -0.060302 -0.034808 -0.066930 -0.123483 -0.155701 -0.163538 -0.039625 0.073330 0.030430 -0.027696 -0.098942 -0.130229 -0.087717 -0.020943 -0.015543 -0.018180 -0.021360 -0.021557 -0.032862 -0.019648 -0.000909 
0.000006 0.000000 -0.001428 -0.033820 -0.124182 -0.197919 -0.218264 -0.190034 -0.159554 -0.164584 -0.176468 -0.152241 -0.108867 -0.092006 -0.080255 -0.041542 -0.048052 -0.111334 -0.136432 -0.119519 0.017149 0.067525 -0.012347 -0.073937 -0.129066 -0.167195 -0.145836 -0.072155 -0.025317 -0.026999 -0.028113 -0.024294 -0.024689 -0.009431 -0.000632 
0.000000 0.000000 -0.001039 -0.018352 -0.086759 -0.165984 -0.214502 -0.202928 -0.179591 -0.200866 -0.191453 -0.143930 -0.108328 -0.110928 -0.118094 -0.108794 -0.096487 -0.145186 -0.175222 -0.122962 -0.014406 -0.022792 -0.071582 -0.100518 -0.127963 -0.170019 -0.179873 -0.123570 -0.039890 -0.035014 -0.032746 -0.022921 -0.012784 -0.004351 -0.000446 
0.000000 0.000000 -0.000681 -0.006579 -0.053917 -0.120211 -0.189775 -0.206816 -0.208875 -0.230037 -0.203638 -0.143882 -0.117876 -0.124052 -0.137749 -0.150464 -0.149103 -0.183221 -0.204811 -0.122562 -0.045998 -0.061489 -0.082485 -0.101962 -0.125997 -0.166553 -0.197651 -0.160296 -0.069107 -0.040262 -0.033675 -0.012542 -0.005894 -0.001955 -0.000306 
0.000000 0.000000 -0.000342 -0.002038 -0.028634 -0.080286 -0.141160 -0.188612 -0.224854 -0.249599 -0.216305 -0.151791 -0.132501 -0.138739 -0.151432 -0.167798 -0.167183 -0.150104 -0.115709 -0.065946 -0.049275 -0.071035 -0.085711 -0.104194 -0.127636 -0.164914 -0.207321 -0.181501 -0.091036 -0.041379 -0.020635 -0.007520 -0.004950 -0.000903 -0.000172 
0.000000 0.000000 0.000000 -0.001138 -0.009533 -0.047492 -0.093685 -0.142656 -0.208652 -0.252464 -0.225371 -0.163442 -0.146725 -0.152217 -0.161877 -0.169174 -0.154465 -0.105888 -0.052314 -0.028580 -0.047615 -0.073830 -0.090218 -0.108829 -0.132029 -0.167771 -0.212449 -0.189022 -0.093013 -0.026436 -0.011853 -0.008798 -0.003421 -0.000602 0.000000 
0.000000 0.000000 0.000000 -0.000538 -0.001986 -0.018836 -0.056697 -0.096724 -0.161426 -0.223234 -0.216140 -0.166015 -0.148538 -0.149840 -0.147382 -0.136884 -0.114242 -0.076949 -0.038177 -0.024728 -0.041514 -0.063096 -0.084662 -0.108156 -0.132949 -0.170020 -0.207288 -0.173334 -0.072679 -0.019663 -0.014290 -0.007109 -0.001199 -0.000325 0.000000 
0.000000 0.000000 0.000000 -0.000009 -0.001019 -0.003228 -0.021314 -0.054745 -0.108049 -0.178722 -0.188390 -0.150037 -0.125800 -0.125769 -0.117542 -0.102834 -0.080087 -0.054862 -0.035872 -0.039963 -0.051416 -0.067291 -0.085567 -0.109001 -0.132353 -0.173189 -0.198522 -0.152980 -0.055849 -0.019963 -0.009925 -0.002215 -0.000715 -0.000006 0.000000 
0.000000 0.000000 0.000000 0.000000 -0.000279 -0.001494 -0.003769 -0.015550 -0.048397 -0.118165 -0.149072 -0.126407 -0.092408 -0.092983 -0.085445 -0.070551 -0.051435 -0.038558 -0.042361 -0.050166 -0.064008 -0.080948 -0.100322 -0.122406 -0.142987 -0.185733 -0.188320 -0.120030 -0.032880 -0.009871 -0.003063 -0.001194 -0.000214 0.000000 0.000000 
0.000000 0.000000 0.000000 0.000000 0.000000 -0.000464 -0.001863 -0.004059 -0.008738 -0.049734 -0.093059 -0.089608 -0.058009 -0.048470 -0.047222 -0.041625 -0.044001 -0.049016 -0.055497 -0.063576 -0.073759 -0.087524 -0.108269 -0.128467 -0.155394 -0.180918 -0.149017 -0.064107 -0.008912 -0.003863 -0.001665 -0.000416 0.000000 0.000000 0.000000 
0.000000 0.000000 0.000000 0.000000 0.000000 0.000000 -0.000603 -0.002077 -0.004111 -0.017179 -0.055403 -0.071154 -0.053327 -0.032787 -0.041865 -0.052116 -0.059084 -0.065142 -0.072500 -0.081374 -0.092624 -0.105440 -0.118320 -0.132233 -0.158195 -0.149797 -0.089092 -0.022201 -0.004460 -0.002051 -0.000555 0.000000 0.000000 0.000000 0.000000 
0.000000 0.000000 0.000000 0.000000 0.000000 0.000000 0.000000 -0.000658 -0.002013 -0.003955 -0.023913 -0.055274 -0.063826 -0.051284 -0.044911 -0.058069 -0.072650 -0.082945 -0.091343 -0.101691 -0.111448 -0.119572 -0.128706 -0.144714 -0.139799 -0.094584 -0.033566 -0.004791 -0.002164 -0.000631 0.000000 0.000000 0.000000 0.000000 0.000000 
0.000000 0.000000 0.000000 0.000000 0.000000 0.000000 0.000000 0.000000 -0.000577 -0.001725 -0.003521 -0.021525 -0.046977 -0.057304 -0.053909 -0.053403 -0.064578 -0.080910 -0.094319 -0.103231 -0.109459 -0.117211 -0.124846 -0.115552 -0.079569 -0.030808 -0.004552 -0.001963 -0.000551 0.000000 0.000000 0.000000 0.000000 0.000000 0.000000 
0.000000 0.000000 0.000000 0.000000 0.000000 0.000000 0.000000 0.000000 0.000000 -0.000362 -0.001199 -0.002184 -0.011077 -0.030752 -0.044933 -0.052058 -0.057259 -0.064846 -0.073914 -0.083726 -0.090562 -0.090619 -0.076715 -0.047592 -0.015140 -0.002935 -0.001399 -0.000358 0.000000 0.000000 0.000000 0.000000 0.000000 0.000000 0.000000 
0.000000 0.000000 0.000000 0.000000 0.000000 0.000000 0.000000 0.000000 0.000000 0.000000 -0.000033 -0.000587 -0.001144 -0.001887 -0.006711 -0.017577 -0.026678 -0.033429 -0.038733 -0.039986 -0.035505 -0.023800 -0.009038 -0.002705 -0.001515 -0.000675 -0.000035 0.000000 0.000000 0.000000 0.000000 0.000000 0.000000 0.000000 0.000000 
0.000000 0.000000 0.000000 0.000000 0.000000 0.000000 0.000000 0.000000 0.000000 0.000000 0.000000 0.000000 0.000000 -0.000308 -0.000574 -0.000783 -0.000955 -0.001130 -0.001270 -0.001326 -0.001252 -0.001058 -0.000751 -0.000371 0.000000 0.000000 0.000000 0.000000 0.000000 0.000000 0.000000 0.000000 0.000000 0.000000 0.000000 
0.000000 0.000000 0.000000 0.000000 0.000000 0.000000 0.000000 0.000000 0.000000 0.000000 0.000000 0.000000 0.000000 0.000000 0.000000 0.000000 0.000000 -0.000000 -0.000015 0.000000 0.000000 0.000000 0.000000 0.000000 0.000000 0.000000 0.000000 0.000000 0.000000 0.000000 0.000000 0.000000 0.000000 0.000000 0.000000 
