0.000000 0.000000 0.000000 0.000000 0.000000 0.000000 0.000000 0.000000 0.000000 0.000000 0.000000 0.000000 0.000000 0.000000 0.000000 0.000000 -0.000023 -0.000051 -0.000023 0.000000 0.000000 0.000000 0.000000 0.000000 0.000000 0.000000 0.000000 0.000000 0.000000 0.000000 0.000000 0.000000 0.000000 0.000000 0.000000 
0.000000 0.000000 0.000000 0.000000 0.000000 0.000000 0.000000 0.000000 0.000000 0.000000 0.000000 0.000000 -0.000194 -0.000447 -0.000723 -0.001011 -0.001248 -0.001344 -0.001248 -0.001011 -0.000723 -0.000447 -0.000194 0.000000 0.000000 0.000000 0.000000 0.000000 0.000000 0.000000 0.000000 0.000000 0.000000 0.000000 0.000000 
0.000000 0.000000 0.000000 0.000000 0.000000 0.000000 0.000000 0.000000 0.000000 -0.000003 -0.000298 -0.000732 -0.001507 -0.006088 -0.019485 -0.036110 -0.049843 -0.055401 -0.049843 -0.036110 -0.019485 -0.006088 -0.001507 -0.000732 -0.000298 -0.000003 0.000000 0.000000 0.000000 0.000000 0.000000 0.000000 0.000000 0.000000 0.000000 
0.000000 0.000000 0.000000 0.000000 0.000000 0.000000 0.000000 0.000000 -0.000136 -0.000580 -0.001331 -0.007996 -0.030745 -0.065013 -0.104590 -0.141858 -0.165201 -0.172938 -0.165201 -0.141858 -0.104590 -0.065013 -0.030745 -0.007996 -0.001331 -0.000580 -0.000136 0.000000 0.000000 0.000000 0.000000 0.000000 0.000000 0.000000 0.000000 
0.000000 0.000000 0.000000 0.000000 0.000000 0.000000 0.000000 -0.000197 -0.000742 -0.001875 -0.014609 -0.047959 -0.096905 -0.154390 -0.200644 -0.223456 -0.231422 -0.233161 -0.231422 -0.223456 -0.200644 -0.154390 -0.096905 -0.047959 -0.014609 -0.001875 -0.000742 -0.000197 0.000000 0.000000 0.000000 0.000000 0.000000 0.000000 0.000000 
0.000000 0.000000 0.000000 0.000000 0.000000 0.000000 -0.000228 -0.000802 -0.001872 -0.014137 -0.050839 -0.107535 -0.166196 -0.210658 -0.226544 -0.231518 -0.233877 -0.234743 -0.233877 -0.231518 -0.226544 -0.210658 -0.166196 -0.107535 -0.050839 -0.014137 -0.001872 -0.000802 -0.000228 0.000000 0.000000 0.000000 0.000000 0.000000 0.000000 
0.000000 0.000000 0.000000 0.000000 0.000000 -0.000228 -0.000819 -0.001808 -0.008477 -0.041067 -0.097235 -0.155373 -0.205789 -0.221781 -0.227249 -0.230010 -0.231333 -0.231657 -0.231333 -0.230010 -0.227249 -0.221781 -0.205789 -0.155373 -0.097235 -0.041067 -0.008477 -0.001808 -0.000819 -0.000228 0.000000 0.000000 0.000000 0.000000 0.000000 
0.000000 0.000000 0.000000 0.000000 -0.000197 -0.000802 -0.001808 -0.004199 -0.027770 -0.083223 -0.145931 -0.205092 -0.230682 -0.231781 -0.227996 -0.227483 -0.227833 -0.227957 -0.227833 -0.227483 -0.227996 -0.231781 -0.230682 -0.205092 -0.145931 -0.083223 -0.027770 -0.004199 -0.001808 -0.000802 -0.000197 0.000000 0.000000 0.000000 0.000000 
0.000000 0.000000 0.000000 -0.000136 -0.000742 -0.001873 -0.008480 -0.027767 -0.080991 -0.151278 -0.216759 -0.269332 -0.277924 -0.275592 -0.265199 -0.248439 -0.230598 -0.226644 -0.230598 -0.248439 -0.265199 -0.275592 -0.277924 -0.269332 -0.216759 -0.151278 -0.080991 -0.027767 -0.008480 -0.001873 -0.000742 -0.000136 0.000000 0.000000 0.000000 
0.000000 0.000000 -0.000003 -0.000581 -0.001878 -0.014136 -0.041077 -0.083237 -0.151298 -0.221318 -0.286942 -0.325958 -0.331613 -0.328022 -0.315537 -0.296013 -0.269864 -0.252022 -0.269864 -0.296013 -0.315537 -0.328022 -0.331613 -0.325958 -0.286942 -0.221318 -0.151298 -0.083237 -0.041077 -0.014136 -0.001878 -0.000581 -0.000003 0.000000 0.000000 
0.000000 0.000000 -0.000299 -0.001330 -0.014639 -0.050842 -0.097161 -0.145953 -0.216754 -0.286977 -0.353429 -0.383470 -0.389004 -0.386130 -0.374688 -0.354468 -0.337819 -0.338144 -0.337819 -0.354468 -0.374688 -0.386130 -0.389004 -0.383470 -0.353429 -0.286977 -0.216754 -0.145953 -0.097161 -0.050842 -0.014639 -0.001330 -0.000299 0.000000 0.000000 
0.000000 0.000000 -0.000731 -0.007992 -0.047897 -0.107517 -0.155511 -0.205123 -0.269280 -0.325933 -0.383228 -0.406612 -0.414171 -0.418973 -0.420143 -0.420528 -0.438981 -0.451465 -0.438981 -0.420528 -0.420143 -0.418973 -0.414171 -0.406612 -0.383228 -0.325933 -0.269280 -0.205123 -0.155511 -0.107517 -0.047897 -0.007992 -0.000731 0.000000 0.000000 
0.000000 -0.000194 -0.001508 -0.030773 -0.097005 -0.166113 -0.205770 -0.230614 -0.277853 -0.331620 -0.388816 -0.414128 -0.422561 -0.428918 -0.435640 -0.471525 -0.540072 -0.572863 -0.540072 -0.471525 -0.435640 -0.428918 -0.422561 -0.414128 -0.388816 -0.331620 -0.277853 -0.230614 -0.205770 -0.166113 -0.097005 -0.030773 -0.001508 -0.000194 0.000000 
0.000000 -0.000446 -0.006117 -0.065015 -0.154416 -0.210681 -0.221783 -0.231818 -0.275550 -0.327988 -0.385997 -0.418950 -0.428968 -0.436682 -0.452466 -0.521528 -0.615184 -0.654735 -0.615184 -0.521528 -0.452466 -0.436682 -0.428968 -0.418950 -0.385997 -0.327988 -0.275550 -0.231818 -0.221783 -0.210681 -0.154416 -0.065015 -0.006117 -0.000446 0.000000 
0.000000 -0.000725 -0.019500 -0.104642 -0.200717 -0.226524 -0.227305 -0.227866 -0.265149 -0.315529 -0.374619 -0.420352 -0.435923 -0.452543 -0.497992 -0.619493 -0.726281 -0.755257 -0.726281 -0.619493 -0.497992 -0.452543 -0.435923 -0.420352 -0.374619 -0.315529 -0.265149 -0.227866 -0.227305 -0.226524 -0.200717 -0.104642 -0.019500 -0.000725 0.000000 
0.000000 -0.001010 -0.036105 -0.141846 -0.223444 -0.231557 -0.230021 -0.227458 -0.248223 -0.295798 -0.354290 -0.420263 -0.471401 -0.521458 -0.619395 -0.769640 -0.868510 -0.883026 -0.868510 -0.769640 -0.619395 -0.521458 -0.471401 -0.420263 -0.354290 -0.295798 -0.248223 -0.227458 -0.230021 -0.231557 -0.223444 -0.141846 -0.036105 -0.001010 0.000000 
-0.000023 -0.001248 -0.049778 -0.165230 -0.231506 -0.234021 -0.231322 -0.227727 -0.230456 -0.269565 -0.337647 -0.438833 -0.539611 -0.614844 -0.726033 -0.868467 -0.935673 -0.942352 -0.935673 -0.868467 -0.726033 -0.614844 -0.539611 -0.438833 -0.337647 -0.269565 -0.230456 -0.227727 -0.231322 -0.234021 -0.231506 -0.165230 -0.049778 -0.001248 -0.000023 
-0.000051 -0.001344 -0.055466 -0.172832 -0.233221 -0.234705 -0.231561 -0.227816 -0.226586 -0.251964 -0.337973 -0.450997 -0.572630 -0.654909 -0.755173 -0.882898 -0.942130 -0.949840 -0.942130 -0.882898 -0.755173 -0.654909 -0.572630 -0.450997 -0.337973 -0.251964 -0.226586 -0.227816 -0.231561 -0.234705 -0.233221 -0.172832 -0.055466 -0.001344 -0.000051 
-0.000023 -0.001248 -0.049778 -0.165230 -0.231506 -0.234021 -0.231322 -0.227727 -0.230456 -0.269565 -0.337647 -0.438833 -0.539611 -0.614844 -0.726033 -0.868467 -0.935673 -0.942352 -0.935673 -0.868467 -0.726033 -0.614844 -0.539611 -0.438833 -0.337647 -0.269565 -0.230456 -0.227727 -0.231322 -0.234021 -0.231506 -0.165230 -0.049778 -0.001248 -0.000023 
0.000000 -0.001010 -0.036105 -0.141846 -0.223444 -0.231557 -0.230021 -0.227458 -0.248223 -0.295798 -0.354290 -0.420263 -0.471401 -0.521458 -0.619395 -0.769640 -0.868510 -0.883026 -0.868510 -0.769640 -0.619395 -0.521458 -0.471401 -0.420263 -0.354290 -0.295798 -0.248223 -0.227458 -0.230021 -0.231557 -0.223444 -0.141846 -0.036105 -0.001010 0.000000 
0.000000 -0.000725 -0.019500 -0.104642 -0.200717 -0.226524 -0.227305 -0.227866 -0.265149 -0.315529 -0.374619 -0.420352 -0.435923 -0.452543 -0.497992 -0.619493 -0.726281 -0.755257 -0.726281 -0.619493 -0.497992 -0.452543 -0.435923 -0.420352 -0.374619 -0.315529 -0.265149 -0.227866 -0.227305 -0.226524 -0.200717 -0.104642 -0.019500 -0.000725 0.000000 
0.000000 -0.000446 -0.006117 -0.065015 -0.154416 -0.210681 -0.221783 -0.231818 -0.275550 -0.327988 -0.385997 -0.418950 -0.428968 -0.436682 -0.452466 -0.521528 -0.615184 -0.654735 -0.615184 -0.521528 -0.452466 -0.436682 -0.428968 -0.418950 -0.385997 -0.327988 -0.275550 -0.231818 -0.221783 -0.210681 -0.154416 -0.065015 -0.006117 -0.000446 0.000000 
0.000000 -0.000194 -0.001508 -0.030773 -0.097005 -0.166113 -0.205770 -0.230614 -0.277853 -0.331620 -0.388816 -0.414128 -0.422561 -0.428918 -0.435640 -0.471525 -0.540072 -0.572863 -0.540072 -0.471525 -0.435640 -0.428918 -0.422561 -0.414128 -0.388816 -0.331620 -0.277853 -0.230614 -0.205770 -0.166113 -0.097005 -0.030773 -0.001508 -0.000194 0.000000 
0.000000 0.000000 -0.000731 -0.007992 -0.047897 -0.107517 -0.155511 -0.205123 -0.269280 -0.325933 -0.383228 -0.406612 -0.414171 -0.418973 -0.420143 -0.420528 -0.438981 -0.451465 -0.438981 -0.420528 -0.420143 -0.418973 -0.414171 -0.406612 -0.383228 -0.325933 -0.269280 -0.205123 -0.155511 -0.107517 -0.047897 -0.007992 -0.000731 0.000000 0.000000 
0.000000 0.000000 -0.000299 -0.001330 -0.014639 -0.050842 -0.097161 -0.145953 -0.216754 -0.286977 -0.353429 -0.383470 -0.389004 -0.386130 -0.374688 -0.354468 -0.337819 -0.338144 -0.337819 -0.354468 -0.374688 -0.386130 -0.389004 -0.383470 -0.353429 -0.286977 -0.216754 -0.145953 -0.097161 -0.050842 -0.014639 -0.001330 -0.000299 0.000000 0.000000 
0.000000 0.000000 -0.000003 -0.000581 -0.001878 -0.014136 -0.041077 -0.083237 -0.151298 -0.221318 -0.286942 -0.325958 -0.331613 -0.328022 -0.315537 -0.296013 -0.269864 -0.252022 -0.269864 -0.296013 -0.315537 -0.328022 -0.331613 -0.325958 -0.286942 -0.221318 -0.151298 -0.083237 -0.041077 -0.014136 -0.001878 -0.000581 -0.000003 0.000000 0.000000 
0.000000 0.000000 0.000000 -0.000136 -0.000742 -0.001873 -0.008480 -0.027767 -0.080991 -0.151278 -0.216759 -0.269332 -0.277924 -0.275592 -0.265199 -0.248439 -0.230598 -0.226644 -0.230598 -0.248439 -0.265199 -0.275592 -0.277924 -0.269332 -0.216759 -0.151278 -0.080991 -0.027767 -0.008480 -0.001873 -0.000742 -0.000136 0.000000 0.000000 0.000000 
0.000000 0.000000 0.000000 0.000000 -0.000197 -0.000802 -0.001808 -0.004199 -0.027770 -0.083223 -0.145931 -0.205092 -0.230682 -0.231781 -0.227996 -0.227483 -0.227833 -0.227957 -0.227833 -0.227483 -0.227996 -0.231781 -0.230682 -0.205092 -0.145931 -0.083223 -0.027770 -0.004199 -0.001808 -0.000802 -0.000197 0.000000 0.000000 0.000000 0.000000 
0.000000 0.000000 0.000000 0.000000 0.000000 -0.000228 -0.000819 -0.001808 -0.008477 -0.041067 -0.097235 -0.155373 -0.205789 -0.221781 -0.227249 -0.230010 -0.231333 -0.231657 -0.231333 -0.230010 -0.227249 -0.221781 -0.205789 -0.155373 -0.097235 -0.041067 -0.008477 -0.001808 -0.000819 -0.000228 0.000000 0.000000 0.000000 0.000000 0.000000 
0.000000 0.000000 0.000000 0.000000 0.000000 0.000000 -0.000228 -0.000802 -0.001872 -0.014137 -0.050839 -0.107535 -0.166196 -0.210658 -0.226544 -0.231518 -0.233877 -0.234743 -0.233877 -0.231518 -0.226544 -0.210658 -0.166196 -0.107535 -0.050839 -0.014137 -0.001872 -0.000802 -0.000228 0.000000 0.000000 0.000000 0.000000 0.000000 0.000000 
0.000000 0.000000 0.000000 0.000000 0.000000 0.000000 0.000000 -0.000197 -0.000742 -0.001875 -0.014609 -0.047959 -0.096905 -0.154390 -0.200644 -0.223456 -0.231422 -0.233161 -0.231422 -0.223456 -0.200644 -0.154390 -0.096905 -0.047959 -0.014609 -0.001875 -0.000742 -0.000197 0.000000 0.000000 0.000000 0.000000 0.000000 0.000000 0.000000 
0.000000 0.000000 0.000000 0.000000 0.000000 0.000000 0.000000 0.000000 -0.000136 -0.000580 -0.001331 -0.007996 -0.030745 -0.065013 -0.104590 -0.141858 -0.165201 -0.172938 -0.165201 -0.141858 -0.104590 -0.065013 -0.030745 -0.007996 -0.001331 -0.000580 -0.000136 0.000000 0.000000 0.000000 0.000000 0.000000 0.000000 0.000000 0.000000 
0.000000 0.000000 0.000000 0.000000 0.000000 0.000000 0.000000 0.000000 0.000000 -0.000003 -0.000298 -0.000732 -0.001507 -0.006088 -0.019485 -0.036110 -0.049843 -0.055401 -0.049843 -0.036110 -0.019485 -0.006088 -0.001507 -0.000732 -0.000298 -0.000003 0.000000 0.000000 0.000000 0.000000 0.000000 0.000000 0.000000 0.000000 0.000000 
0.000000 0.000000 0.000000 0.000000 0.000000 0.000000 0.000000 0.000000 0.000000 0.000000 0.000000 0.000000 -0.000194 -0.000447 -0.000723 -0.001011 -0.001248 -0.001344 -0.001248 -0.001011 -0.000723 -0.000447 -0.000194 0.000000 0.000000 0.000000 0.000000 0.000000 0.000000 0.000000 0.000000 0.000000 0.000000 0.000000 0.000000 
0.000000 0.000000 0.000000 0.000000 0.000000 0.000000 0.000000 0.000000 0.000000 0.000000 0.000000 0.000000 0.000000 0.000000 0.000000 0.000000 -0.000023 -0.000051 -0.000023 0.000000 0.000000 0.000000 0.000000 0.000000 0.000000 0.000000 0.000000 0.000000 0.000000 0.000000 0.000000 0.000000 0.000000 0.000000 0.000000 
