0.000000 0.000000 0.000000 0.000000 0.000000 0.000000 0.000000 0.000000 0.000000 0.000000 0.000000 0.000000 0.000000 0.000000 0.000000 0.000000 0.000040 0.000156 0.000042 0.000000 0.000000 0.000000 0.000000 0.000000 0.000000 0.000000 0.000000 0.000000 0.000000 0.000000 0.000000 0.000000 0.000000 0.000000 0.000000 
0.000000 0.000000 0.000000 0.000000 0.000000 0.000000 0.000000 0.000000 0.000000 0.000000 0.000000 0.000000 0.000286 0.000808 0.001511 0.002338 0.003070 0.003401 0.003156 0.002507 0.001729 0.001020 0.000426 0.000000 0.000000 0.000000 0.000000 0.000000 0.000000 0.000000 0.000000 0.000000 0.000000 0.000000 0.000000 
0.000000 0.000000 0.000000 0.000000 0.000000 0.000000 0.000000 0.000000 0.000000 -0.000046 0.000117 0.000667 0.002089 0.011261 0.041342 0.081487 0.115194 0.128729 0.115252 0.081975 0.042637 0.012676 0.003022 0.001385 0.000529 -0.000008 0.000000 0.000000 0.000000 0.000000 0.000000 0.000000 0.000000 0.000000 0.000000 
0.000000 0.000000 0.000000 0.000000 0.000000 0.000000 0.000000 0.000000 -0.000156 -0.000165 0.000557 0.010923 0.055233 0.129613 0.216039 0.293586 0.341174 0.358956 0.347693 0.303547 0.224666 0.136303 0.061095 0.014721 0.002194 0.000879 0.000186 0.000000 0.000000 0.000000 0.000000 0.000000 0.000000 0.000000 0.000000 
0.000000 0.000000 0.000000 0.000000 0.000000 0.000000 0.000000 -0.000346 -0.000694 -0.000075 0.017629 0.079655 0.178433 0.290669 0.375436 0.415528 0.432567 0.441643 0.445802 0.440276 0.406325 0.316590 0.195797 0.092205 0.025686 0.002806 0.001006 0.000249 0.000000 0.000000 0.000000 0.000000 0.000000 0.000000 0.000000 
0.000000 0.000000 0.000000 0.000000 0.000000 0.000000 -0.000599 -0.001463 -0.001743 0.011684 0.072824 0.179455 0.294988 0.375570 0.403578 0.416677 0.426526 0.434430 0.440868 0.445291 0.445441 0.425730 0.336921 0.208688 0.092862 0.023143 0.002380 0.000924 0.000243 0.000000 0.000000 0.000000 0.000000 0.000000 0.000000 
0.000000 0.000000 0.000000 0.000000 0.000000 -0.000763 -0.002359 -0.003885 -0.000568 0.043378 0.141446 0.257165 0.350424 0.379024 0.392921 0.403111 0.411700 0.419838 0.427676 0.434515 0.439132 0.439219 0.418567 0.310028 0.179950 0.069298 0.011841 0.001766 0.000735 0.000203 0.000000 0.000000 0.000000 0.000000 0.000000 
0.000000 0.000000 0.000000 0.000000 -0.000802 -0.003062 -0.006061 -0.011136 -0.012981 0.030090 0.112471 0.208602 0.266091 0.315097 0.365827 0.385138 0.394961 0.404039 0.413126 0.421984 0.429278 0.433634 0.431525 0.383331 0.252440 0.126828 0.035709 0.003216 0.001212 0.000519 0.000132 0.000000 0.000000 0.000000 0.000000 
0.000000 0.000000 0.000000 -0.000608 -0.003304 -0.008135 -0.042121 -0.124214 -0.192350 -0.187020 -0.123451 -0.049076 -0.011525 0.048755 0.136871 0.250388 0.358280 0.388638 0.399680 0.409169 0.417786 0.424259 0.426097 0.416188 0.304664 0.172408 0.064213 0.007918 0.001457 0.000740 0.000332 0.000072 0.000000 0.000000 0.000000 
0.000000 0.000000 0.000023 -0.002796 -0.009214 -0.077031 -0.226909 -0.399967 -0.479416 -0.463101 -0.398301 -0.349333 -0.316355 -0.256438 -0.160234 -0.025576 0.144848 0.317560 0.384137 0.397218 0.409711 0.420681 0.426600 0.423531 0.347216 0.209257 0.090427 0.013997 -0.000375 0.000185 0.000408 0.000182 0.000009 0.000000 0.000000 
0.000000 0.000000 -0.001593 -0.006774 -0.080583 -0.281621 -0.526022 -0.694953 -0.747749 -0.715566 -0.645052 -0.609723 -0.584499 -0.538667 -0.458355 -0.327763 -0.142093 0.089841 0.311775 0.392489 0.412294 0.427432 0.436062 0.435278 0.382083 0.240655 0.114697 0.025496 -0.001279 -0.002163 -0.000531 0.000211 0.000067 0.000000 0.000000 
0.000000 0.000000 -0.003960 -0.043535 -0.262544 -0.570572 -0.801793 -0.934858 -0.929753 -0.823274 -0.706931 -0.661137 -0.647893 -0.641152 -0.627405 -0.572753 -0.440032 -0.193865 0.127596 0.360050 0.412925 0.425172 0.431819 0.430960 0.387279 0.248751 0.126643 0.037545 0.004094 -0.002725 -0.002701 -0.000305 0.000099 0.000000 0.000000 
0.000000 -0.001122 -0.008207 -0.166616 -0.507666 -0.827898 -0.985387 -1.001285 -0.929479 -0.813191 -0.692156 -0.640739 -0.627930 -0.625120 -0.628605 -0.637721 -0.611792 -0.455331 -0.129950 0.241197 0.395288 0.413186 0.421121 0.420773 0.371157 0.231569 0.111616 0.030254 0.007768 0.001074 -0.003285 -0.002106 0.000080 0.000025 0.000000 
0.000000 -0.002525 -0.032965 -0.338447 -0.752900 -0.975362 -1.001740 -0.986422 -0.917618 -0.803091 -0.677592 -0.611521 -0.597419 -0.595412 -0.604463 -0.624364 -0.632709 -0.594677 -0.377908 0.054011 0.351946 0.401658 0.410787 0.409620 0.340354 0.200051 0.085937 0.011793 -0.000586 0.000234 -0.002623 -0.002904 -0.000266 0.000038 0.000000 
0.000000 -0.003992 -0.102015 -0.513187 -0.909278 -0.991136 -0.980180 -0.959791 -0.905250 -0.800250 -0.674205 -0.585153 -0.564514 -0.566305 -0.594550 -0.651910 -0.703869 -0.736384 -0.653563 -0.238635 0.226784 0.369047 0.397190 0.390868 0.290737 0.154458 0.051752 -0.007916 -0.010004 -0.008241 -0.005339 -0.002506 -0.001001 0.000047 0.000000 
0.000000 -0.005327 -0.179922 -0.649134 -0.953549 -0.968866 -0.950631 -0.927789 -0.893511 -0.808493 -0.690100 -0.580270 -0.548301 -0.583260 -0.672765 -0.775368 -0.863026 -0.930504 -0.939937 -0.613366 -0.087063 0.190657 0.296601 0.322900 0.218634 0.096249 0.011016 -0.019851 -0.019102 -0.016959 -0.013083 -0.003672 -0.001137 0.000055 0.000000 
-0.000128 -0.006175 -0.232583 -0.711263 -0.941725 -0.939187 -0.918282 -0.894115 -0.874189 -0.821972 -0.724899 -0.617383 -0.582824 -0.652162 -0.764224 -0.863848 -0.931223 -0.990083 -1.023426 -0.817066 -0.340232 -0.050482 0.051591 0.102796 0.086270 0.029203 -0.026354 -0.029521 -0.027787 -0.025225 -0.021243 -0.007544 -0.000760 0.000052 0.000007 
-0.000258 -0.006092 -0.239940 -0.704906 -0.909074 -0.904774 -0.883779 -0.860381 -0.842386 -0.821987 -0.766394 -0.708866 -0.690127 -0.714752 -0.774297 -0.835544 -0.894131 -0.949761 -0.981370 -0.808131 -0.383372 -0.178663 -0.208171 -0.202908 -0.147647 -0.071992 -0.042721 -0.038828 -0.036025 -0.032817 -0.028431 -0.011735 -0.000504 0.000030 0.000014 
-0.000048 -0.005050 -0.196747 -0.639493 -0.864788 -0.866319 -0.848104 -0.826290 -0.806795 -0.786758 -0.796399 -0.826163 -0.834911 -0.797611 -0.783366 -0.806833 -0.856514 -0.903402 -0.931602 -0.740267 -0.390356 -0.304656 -0.429359 -0.463918 -0.367349 -0.209976 -0.067999 -0.047819 -0.043858 -0.039657 -0.034497 -0.014259 -0.000808 -0.000036 0.000005 
0.000000 -0.003558 -0.127972 -0.516090 -0.797599 -0.821175 -0.808743 -0.790586 -0.760172 -0.747434 -0.792599 -0.888784 -0.941339 -0.932829 -0.915098 -0.915076 -0.929838 -0.957852 -0.986781 -0.774891 -0.499670 -0.486736 -0.581559 -0.609117 -0.501188 -0.326541 -0.148058 -0.056771 -0.050719 -0.045631 -0.038049 -0.013860 -0.001623 -0.000115 0.000000 
0.000000 -0.002155 -0.060052 -0.346758 -0.676882 -0.765531 -0.762910 -0.748310 -0.710965 -0.712162 -0.779111 -0.881797 -0.945861 -0.991864 -1.030563 -1.066851 -1.096719 -1.126715 -1.077071 -0.823497 -0.593678 -0.586691 -0.626142 -0.648855 -0.579190 -0.415545 -0.229581 -0.071402 -0.056746 -0.050429 -0.036669 -0.011427 -0.002305 -0.000172 0.000000 
0.000000 -0.001084 -0.015598 -0.187775 -0.472862 -0.670127 -0.705329 -0.691029 -0.658278 -0.673663 -0.755992 -0.848477 -0.906780 -0.958001 -1.009068 -1.070031 -1.125537 -1.130977 -0.979238 -0.719274 -0.582532 -0.594786 -0.626988 -0.656172 -0.625066 -0.476973 -0.289857 -0.107222 -0.061308 -0.050454 -0.029010 -0.009773 -0.001687 -0.000176 0.000000 
0.000000 -0.000369 -0.002948 -0.073093 -0.255304 -0.469016 -0.608041 -0.620017 -0.597205 -0.623965 -0.715533 -0.799912 -0.855779 -0.904534 -0.947949 -0.997404 -1.017165 -0.937335 -0.764300 -0.603074 -0.565661 -0.594500 -0.627492 -0.658512 -0.648602 -0.511704 -0.326602 -0.135874 -0.061105 -0.041405 -0.021046 -0.008037 -0.000857 -0.000115 0.000000 
0.000000 0.000000 -0.001014 -0.014062 -0.100753 -0.247788 -0.388693 -0.478596 -0.514871 -0.554984 -0.652217 -0.734829 -0.789007 -0.833252 -0.860044 -0.852164 -0.801915 -0.699412 -0.592300 -0.542910 -0.562627 -0.595713 -0.629485 -0.661148 -0.656920 -0.524486 -0.339441 -0.137979 -0.049554 -0.032362 -0.015434 -0.004142 -0.000620 0.000000 0.000000 
0.000000 0.000000 -0.000251 -0.001292 -0.021387 -0.087559 -0.184084 -0.254394 -0.300695 -0.381232 -0.506298 -0.604383 -0.650704 -0.668887 -0.657497 -0.618771 -0.570551 -0.528125 -0.498727 -0.515805 -0.552465 -0.590361 -0.627241 -0.659246 -0.644694 -0.505404 -0.314282 -0.115128 -0.040216 -0.022382 -0.008650 -0.001430 -0.000345 0.000000 0.000000 
0.000000 0.000000 0.000019 -0.000241 -0.001036 -0.014292 -0.050138 -0.089964 -0.111188 -0.168037 -0.274208 -0.379487 -0.428135 -0.452335 -0.456104 -0.445717 -0.430810 -0.431478 -0.466253 -0.506873 -0.544322 -0.582306 -0.617733 -0.648313 -0.608812 -0.463428 -0.269562 -0.083199 -0.026502 -0.011331 -0.002480 -0.000863 -0.000029 0.000000 0.000000 
0.000000 0.000000 0.000000 0.000035 0.000022 0.000005 -0.003061 -0.009442 -0.003160 -0.028751 -0.109739 -0.224039 -0.281410 -0.318837 -0.343584 -0.360808 -0.379589 -0.409922 -0.447015 -0.494395 -0.538308 -0.578714 -0.614401 -0.639828 -0.557398 -0.397330 -0.192641 -0.040921 -0.010994 -0.003393 -0.001371 -0.000269 0.000000 0.000000 0.000000 
0.000000 0.000000 0.000000 0.000000 0.000112 0.000396 0.000954 0.002301 0.018413 0.023313 -0.026336 -0.131056 -0.216811 -0.267303 -0.309390 -0.347292 -0.382269 -0.416290 -0.450215 -0.484703 -0.521645 -0.563138 -0.599005 -0.588038 -0.467372 -0.286990 -0.096551 -0.011167 -0.004444 -0.001869 -0.000462 0.000000 0.000000 0.000000 0.000000 
0.000000 0.000000 0.000000 0.000000 0.000000 0.000207 0.000710 0.001510 0.007350 0.019770 -0.002124 -0.081188 -0.195297 -0.263324 -0.311613 -0.353232 -0.390952 -0.426456 -0.461185 -0.495429 -0.529125 -0.560388 -0.573299 -0.494254 -0.344983 -0.157134 -0.031740 -0.005516 -0.002361 -0.000639 0.000000 0.000000 0.000000 0.000000 0.000000 
0.000000 0.000000 0.000000 0.000000 0.000000 0.000000 0.000247 0.000802 0.001650 0.008687 0.007749 -0.035769 -0.131951 -0.242709 -0.309908 -0.356962 -0.398033 -0.435777 -0.471047 -0.504916 -0.536032 -0.548445 -0.491626 -0.358974 -0.186468 -0.054117 -0.006489 -0.002662 -0.000724 0.000000 0.000000 0.000000 0.000000 0.000000 0.000000 
0.000000 0.000000 0.000000 0.000000 0.000000 0.000000 0.000000 0.000227 0.000697 0.001366 0.004859 -0.005613 -0.055481 -0.152527 -0.263439 -0.342502 -0.395610 -0.437081 -0.472682 -0.498680 -0.495997 -0.432692 -0.307548 -0.167963 -0.054137 -0.006798 -0.002627 -0.000685 0.000000 0.000000 0.000000 0.000000 0.000000 0.000000 0.000000 
0.000000 0.000000 0.000000 0.000000 0.000000 0.000000 0.000000 0.000000 0.000148 0.000456 0.000696 0.001000 -0.009665 -0.048151 -0.118788 -0.207882 -0.283195 -0.333653 -0.354963 -0.341290 -0.285215 -0.199029 -0.103100 -0.028528 -0.004801 -0.002097 -0.000496 0.000000 0.000000 0.000000 0.000000 0.000000 0.000000 0.000000 0.000000 
0.000000 0.000000 0.000000 0.000000 0.000000 0.000000 0.000000 0.000000 0.000000 0.000003 0.000210 0.000275 0.000003 -0.002583 -0.016369 -0.044819 -0.080893 -0.110215 -0.116801 -0.096798 -0.058243 -0.019809 -0.005249 -0.002680 -0.001127 0.000006 0.000000 0.000000 0.000000 0.000000 0.000000 0.000000 0.000000 0.000000 0.000000 
0.000000 0.000000 0.000000 0.000000 0.000000 0.000000 0.000000 0.000000 0.000000 0.000000 0.000000 0.000000 0.000033 -0.000101 -0.000466 -0.001103 -0.001939 -0.002713 -0.003065 -0.002876 -0.002299 -0.001546 -0.000719 0.000000 0.000000 0.000000 0.000000 0.000000 0.000000 0.000000 0.000000 0.000000 0.000000 0.000000 0.000000 
0.000000 0.000000 0.000000 0.000000 0.000000 0.000000 0.000000 0.000000 0.000000 0.000000 0.000000 0.000000 0.000000 0.000000 0.000000 0.000000 -0.000013 -0.000115 -0.000093 0.000000 0.000000 0.000000 0.000000 0.000000 0.000000 0.000000 0.000000 0.000000 0.000000 0.000000 0.000000 0.000000 0.000000 0.000000 0.000000 
