-0.000000 -0.000000 -0.000000 -0.000000 -0.000000 -0.000000 -0.000000 -0.000000 -0.000000 -0.000000 -0.000000 -0.000000 -0.000000 -0.000000 -0.000000 -0.000000 -0.000000 -0.000000 -0.000000 -0.000000 -0.000000 -0.000000 -0.000000 -0.000000 -0.000000 -0.000000 -0.000000 -0.000000 -0.000000 -0.000000 -0.000000 -0.000000 -0.000000 -0.000000 -0.000000 
-0.000000 -0.000000 -0.000000 -0.000000 -0.000000 -0.000000 -0.000000 -0.000000 -0.000000 -0.000000 -0.000000 -0.000000 0.000024 -0.000054 -0.000275 -0.000662 -0.001185 -0.001698 -0.002002 -0.001983 -0.001669 -0.001168 -0.000562 -0.000000 -0.000000 -0.000000 -0.000000 -0.000000 -0.000000 -0.000000 -0.000000 -0.000000 -0.000000 -0.000000 -0.000000 
-0.000000 -0.000000 -0.000000 -0.000000 -0.000000 -0.000000 -0.000000 -0.000000 -0.000000 -0.000000 0.000145 0.000197 0.000045 -0.001242 -0.008468 -0.024288 -0.045254 -0.063809 -0.069362 -0.059805 -0.037918 -0.013716 -0.004341 -0.002432 -0.001083 -0.000000 -0.000000 -0.000000 -0.000000 -0.000000 -0.000000 -0.000000 -0.000000 -0.000000 -0.000000 
-0.000000 -0.000000 -0.000000 -0.000000 -0.000000 -0.000000 -0.000000 -0.000000 0.000115 0.000356 0.000534 0.000960 -0.004036 -0.025396 -0.067662 -0.125542 -0.177566 -0.214062 -0.231338 -0.226327 -0.193251 -0.138331 -0.074288 -0.021894 -0.004733 -0.002302 -0.000577 -0.000000 -0.000000 -0.000000 -0.000000 -0.000000 -0.000000 -0.000000 -0.000000 
-0.000000 -0.000000 -0.000000 -0.000000 -0.000000 -0.000000 -0.000000 0.000187 0.000564 0.001006 0.003767 -0.000364 -0.027563 -0.087059 -0.163284 -0.223503 -0.264874 -0.296198 -0.323056 -0.343118 -0.343409 -0.302869 -0.219684 -0.124847 -0.043425 -0.006977 -0.003219 -0.000889 -0.000000 -0.000000 -0.000000 -0.000000 -0.000000 -0.000000 -0.000000 
-0.000000 -0.000000 -0.000000 -0.000000 -0.000000 -0.000000 0.000220 0.000685 0.001308 0.006249 0.008452 -0.014133 -0.072758 -0.150399 -0.202399 -0.236635 -0.265206 -0.291171 -0.316885 -0.343118 -0.369455 -0.383531 -0.349410 -0.264353 -0.144125 -0.046226 -0.007989 -0.003780 -0.001138 -0.000000 -0.000000 -0.000000 -0.000000 -0.000000 -0.000000 
-0.000000 -0.000000 -0.000000 -0.000000 -0.000000 0.000200 0.000693 0.001358 0.005306 0.015595 0.006750 -0.039567 -0.116317 -0.169810 -0.204763 -0.232668 -0.257173 -0.280656 -0.305314 -0.331290 -0.359555 -0.388394 -0.405057 -0.359897 -0.263527 -0.129777 -0.031593 -0.008517 -0.004134 -0.001178 -0.000000 -0.000000 -0.000000 -0.000000 -0.000000 
-0.000000 -0.000000 -0.000000 -0.000000 0.000130 0.000578 0.001243 0.002497 0.015208 0.025069 0.000110 -0.064741 -0.130917 -0.171344 -0.202356 -0.227054 -0.249314 -0.271645 -0.295529 -0.322403 -0.359154 -0.425066 -0.483406 -0.490132 -0.411397 -0.271607 -0.103444 -0.018856 -0.009036 -0.004177 -0.001002 -0.000000 -0.000000 -0.000000 -0.000000 
-0.000000 -0.000000 -0.000000 0.000085 0.000422 0.000987 0.002591 0.007818 0.025779 0.024708 -0.015971 -0.090611 -0.140350 -0.175081 -0.201552 -0.223797 -0.245274 -0.268134 -0.308907 -0.420283 -0.538088 -0.634382 -0.701817 -0.740526 -0.684478 -0.549833 -0.332444 -0.130775 -0.040967 -0.009561 -0.003872 -0.000682 -0.000000 -0.000000 -0.000000 
-0.000000 -0.000000 -0.000000 0.000256 0.000662 0.001768 0.000952 0.003896 0.019034 0.005717 -0.047037 -0.119114 -0.162973 -0.193614 -0.215360 -0.232858 -0.251784 -0.320603 -0.482281 -0.636886 -0.761192 -0.855731 -0.918783 -0.960608 -0.936733 -0.820997 -0.627955 -0.380046 -0.196868 -0.067662 -0.009182 -0.002963 -0.000000 -0.000000 -0.000000 
-0.000000 -0.000000 0.000113 0.000354 0.000224 -0.004802 -0.016631 -0.016845 -0.007005 -0.028035 -0.088316 -0.156456 -0.198159 -0.227090 -0.246359 -0.260714 -0.325927 -0.513498 -0.706733 -0.857978 -0.969366 -1.047114 -1.100338 -1.137864 -1.133011 -1.028151 -0.856732 -0.624324 -0.434832 -0.233758 -0.067388 -0.006591 -0.001492 -0.000000 -0.000000 
-0.000000 -0.000000 0.000168 -0.000249 -0.008078 -0.027476 -0.047959 -0.050694 -0.040655 -0.056629 -0.114231 -0.178796 -0.221163 -0.254056 -0.279928 -0.327940 -0.514054 -0.759425 -0.937127 -1.033866 -1.080974 -1.103578 -1.126425 -1.157351 -1.169599 -1.101808 -0.992221 -0.803361 -0.643375 -0.463661 -0.214298 -0.034143 -0.003611 -0.000000 -0.000000 
-0.000000 0.000033 0.000087 -0.006249 -0.030081 -0.062584 -0.083451 -0.074668 -0.053558 -0.065390 -0.120759 -0.186227 -0.230060 -0.265195 -0.298893 -0.440186 -0.750944 -0.992661 -1.079000 -1.070353 -1.057242 -1.064285 -1.084089 -1.114285 -1.124377 -1.056114 -0.956493 -0.834087 -0.775475 -0.661064 -0.404997 -0.131141 -0.006995 -0.000900 -0.000000 
-0.000000 0.000013 -0.000993 -0.021815 -0.065287 -0.096585 -0.099394 -0.087769 -0.062977 -0.069473 -0.118722 -0.187895 -0.234657 -0.272339 -0.333443 -0.591787 -0.951002 -1.120431 -1.109457 -1.053732 -1.020408 -1.023509 -1.043240 -1.072748 -1.068735 -0.995021 -0.892000 -0.774256 -0.770341 -0.768652 -0.598627 -0.268589 -0.024686 -0.002017 -0.000000 
-0.000000 -0.000083 -0.006162 -0.046798 -0.100911 -0.112684 -0.106875 -0.099097 -0.073674 -0.071700 -0.110947 -0.182573 -0.235423 -0.272358 -0.370694 -0.712618 -1.020443 -1.077368 -1.050767 -1.005727 -0.971402 -0.982077 -1.008874 -1.034039 -1.003887 -0.915558 -0.807175 -0.708064 -0.733908 -0.768587 -0.719904 -0.400011 -0.075048 -0.003127 -0.000000 
-0.000000 -0.000255 -0.015498 -0.074991 -0.123234 -0.120975 -0.112663 -0.105051 -0.087046 -0.076380 -0.100765 -0.163301 -0.212240 -0.222467 -0.342405 -0.696039 -0.931399 -0.915055 -0.896794 -0.862277 -0.838606 -0.880855 -0.950644 -0.982480 -0.926245 -0.825567 -0.711234 -0.663405 -0.697890 -0.738184 -0.753899 -0.509110 -0.132415 -0.004109 -0.000000 
-0.000000 -0.000476 -0.025754 -0.097279 -0.136052 -0.128040 -0.118249 -0.109741 -0.100949 -0.085436 -0.087430 -0.108482 -0.130854 -0.123160 -0.280794 -0.648807 -0.845492 -0.829226 -0.805583 -0.757899 -0.707484 -0.732298 -0.818617 -0.856403 -0.812638 -0.715089 -0.618047 -0.630261 -0.666072 -0.707535 -0.741205 -0.555285 -0.169583 -0.004681 -0.000000 
-0.000000 -0.000663 -0.033026 -0.110797 -0.145374 -0.135243 -0.124526 -0.115265 -0.107714 -0.094418 -0.060817 -0.030649 -0.023538 -0.045846 -0.261988 -0.653815 -0.843825 -0.837638 -0.818744 -0.771092 -0.684889 -0.644534 -0.656616 -0.654180 -0.626577 -0.584167 -0.578475 -0.603890 -0.639181 -0.680298 -0.714730 -0.551789 -0.174451 -0.004553 -0.000000 
-0.000000 -0.000751 -0.033308 -0.114165 -0.154048 -0.143439 -0.132081 -0.122285 -0.113170 -0.084953 -0.033086 0.030436 0.057556 0.011896 -0.211654 -0.614349 -0.840290 -0.846667 -0.837342 -0.783227 -0.666973 -0.563930 -0.479496 -0.427076 -0.427464 -0.482305 -0.553122 -0.583105 -0.617033 -0.654972 -0.682176 -0.501117 -0.145481 -0.003858 -0.000000 
-0.000000 -0.000696 -0.026646 -0.106678 -0.160043 -0.152997 -0.141149 -0.131075 -0.113562 -0.071073 -0.008121 0.060774 0.086367 0.062384 -0.090322 -0.456210 -0.743008 -0.778836 -0.768152 -0.677280 -0.526804 -0.400936 -0.305848 -0.264657 -0.320551 -0.416758 -0.510866 -0.566116 -0.597415 -0.629934 -0.632739 -0.406877 -0.096690 -0.002783 -0.000000 
-0.000000 -0.000544 -0.015123 -0.084947 -0.155535 -0.163622 -0.152075 -0.141249 -0.113420 -0.061757 0.007795 0.067456 0.082064 0.078207 0.016492 -0.251769 -0.538419 -0.627587 -0.597970 -0.484804 -0.347762 -0.273904 -0.232322 -0.218221 -0.269658 -0.365768 -0.466526 -0.548048 -0.576678 -0.599049 -0.538527 -0.275385 -0.045790 -0.001731 -0.000000 
-0.000000 -0.000354 -0.004809 -0.057343 -0.130807 -0.167864 -0.164517 -0.151798 -0.116844 -0.059597 0.012399 0.058930 0.067719 0.066001 0.043300 -0.102291 -0.347861 -0.492419 -0.472164 -0.369133 -0.285937 -0.249751 -0.223921 -0.206062 -0.235546 -0.325211 -0.426631 -0.517654 -0.548380 -0.532745 -0.381097 -0.153686 -0.012200 -0.000901 -0.000000 
-0.000000 -0.000157 -0.001257 -0.027503 -0.088634 -0.146548 -0.170674 -0.163721 -0.125578 -0.065744 0.006364 0.044334 0.051764 0.050312 0.041370 -0.022063 -0.184809 -0.330588 -0.363040 -0.304962 -0.257636 -0.231735 -0.208549 -0.190472 -0.206951 -0.290997 -0.388502 -0.476309 -0.482990 -0.380786 -0.211956 -0.061205 -0.002576 -0.000314 -0.000000 
-0.000000 -0.000000 -0.000619 -0.006675 -0.046130 -0.102582 -0.143389 -0.160323 -0.136853 -0.078408 -0.007111 0.028420 0.035867 0.035397 0.032188 0.024304 -0.029255 -0.107869 -0.161336 -0.187788 -0.203044 -0.194336 -0.176226 -0.159681 -0.171816 -0.249955 -0.335544 -0.374114 -0.320500 -0.211295 -0.088609 -0.011960 -0.000968 -0.000000 -0.000000 
-0.000000 -0.000000 -0.000244 -0.001092 -0.013666 -0.050455 -0.095815 -0.122887 -0.112067 -0.069724 -0.008179 0.027391 0.037222 0.045068 0.056966 0.077472 0.094130 0.077337 0.043645 -0.007864 -0.051639 -0.073637 -0.075583 -0.064529 -0.073359 -0.129451 -0.181957 -0.209723 -0.162928 -0.080456 -0.020094 -0.001288 -0.000269 -0.000000 -0.000000 
-0.000000 -0.000000 -0.000000 -0.000445 -0.001474 -0.013464 -0.041413 -0.071536 -0.070044 -0.033699 0.025119 0.069782 0.082733 0.094611 0.111907 0.136632 0.169110 0.192540 0.170443 0.135384 0.107893 0.093105 0.092532 0.101783 0.076713 0.013229 -0.048416 -0.081449 -0.050297 -0.014939 -0.001131 -0.000293 -0.000000 -0.000000 -0.000000 
-0.000000 -0.000000 -0.000000 -0.000093 -0.000534 -0.001331 -0.007116 -0.021366 -0.021781 0.008348 0.063320 0.122298 0.140518 0.155180 0.173210 0.195554 0.216881 0.225256 0.230155 0.224232 0.216338 0.214020 0.218686 0.225137 0.174313 0.101291 0.027914 -0.010689 -0.004132 -0.000216 -0.000076 0.000010 -0.000000 -0.000000 -0.000000 
-0.000000 -0.000000 -0.000000 -0.000000 -0.000121 -0.000475 -0.000882 -0.001320 0.005205 0.037400 0.092945 0.159544 0.196805 0.212292 0.224150 0.229020 0.233040 0.238665 0.246559 0.256945 0.268970 0.280141 0.290073 0.273901 0.202607 0.114752 0.034607 0.002637 0.000880 0.000304 0.000074 -0.000000 -0.000000 -0.000000 -0.000000 
-0.000000 -0.000000 -0.000000 -0.000000 -0.000000 -0.000107 -0.000308 -0.000355 0.002422 0.025437 0.077002 0.144540 0.207896 0.229730 0.238098 0.243423 0.248480 0.254724 0.263244 0.273722 0.286025 0.298202 0.298929 0.243571 0.158591 0.068532 0.012425 0.001826 0.000711 0.000183 -0.000000 -0.000000 -0.000000 -0.000000 -0.000000 
-0.000000 -0.000000 -0.000000 -0.000000 -0.000000 -0.000000 -0.000068 -0.000078 0.000243 0.007915 0.039596 0.097917 0.168449 0.226331 0.248231 0.257909 0.265381 0.272827 0.281635 0.291619 0.301624 0.300708 0.254898 0.174903 0.086309 0.023393 0.002612 0.000994 0.000242 -0.000000 -0.000000 -0.000000 -0.000000 -0.000000 -0.000000 
-0.000000 -0.000000 -0.000000 -0.000000 -0.000000 -0.000000 -0.000000 -0.000009 0.000118 0.000708 0.010302 0.043003 0.098509 0.168824 0.228981 0.261399 0.277524 0.287983 0.296342 0.299737 0.285874 0.236234 0.158565 0.081553 0.024439 0.002872 0.001091 0.000246 -0.000000 -0.000000 -0.000000 -0.000000 -0.000000 -0.000000 -0.000000 
-0.000000 -0.000000 -0.000000 -0.000000 -0.000000 -0.000000 -0.000000 -0.000000 0.000011 0.000211 0.000759 0.006259 0.029997 0.072247 0.125863 0.179088 0.215274 0.233187 0.232679 0.211368 0.165605 0.107755 0.051802 0.013091 0.002224 0.000920 0.000190 -0.000000 -0.000000 -0.000000 -0.000000 -0.000000 -0.000000 -0.000000 -0.000000 
-0.000000 -0.000000 -0.000000 -0.000000 -0.000000 -0.000000 -0.000000 -0.000000 -0.000000 -0.000000 0.000169 0.000557 0.001391 0.006137 0.022383 0.045505 0.067044 0.079179 0.074676 0.056694 0.031528 0.009978 0.002744 0.001350 0.000530 -0.000000 -0.000000 -0.000000 -0.000000 -0.000000 -0.000000 -0.000000 -0.000000 -0.000000 -0.000000 
-0.000000 -0.000000 -0.000000 -0.000000 -0.000000 -0.000000 -0.000000 -0.000000 -0.000000 -0.000000 -0.000000 -0.000000 0.000179 0.000494 0.000925 0.001438 0.001934 0.002232 0.002209 0.001882 0.001390 0.000862 0.000370 -0.000000 -0.000000 -0.000000 -0.000000 -0.000000 -0.000000 -0.000000 -0.000000 -0.000000 -0.000000 -0.000000 -0.000000 
-0.000000 -0.000000 -0.000000 -0.000000 -0.000000 -0.000000 -0.000000 -0.000000 -0.000000 -0.000000 -0.000000 -0.000000 -0.000000 -0.000000 -0.000000 -0.000000 -0.000000 -0.000000 -0.000000 -0.000000 -0.000000 -0.000000 -0.000000 -0.000000 -0.000000 -0.000000 -0.000000 -0.000000 -0.000000 -0.000000 -0.000000 -0.000000 -0.000000 -0.000000 -0.000000 
