0.000000 0.000000 0.000000 0.000000 0.000000 0.000000 0.000000 0.000000 0.000000 0.000000 0.000000 0.000000 0.000000 0.000000 0.000000 0.000000 0.000000 0.000000 0.000000 0.000000 0.000000 0.000000 0.000000 0.000000 0.000000 0.000000 0.000000 0.000000 0.000000 0.000000 0.000000 0.000000 0.000000 0.000000 0.000000 
0.000000 0.000000 0.000000 0.000000 0.000000 0.000000 0.000000 0.000000 0.000000 0.000000 0.000000 0.000000 0.000466 0.000923 0.001263 0.001510 0.001734 0.002048 0.002470 0.002649 0.002434 0.001807 0.000922 0.000000 0.000000 0.000000 0.000000 0.000000 0.000000 0.000000 0.000000 0.000000 0.000000 0.000000 0.000000 
0.000000 0.000000 0.000000 0.000000 0.000000 0.000000 0.000000 0.000000 0.000000 0.000000 0.000661 0.001561 0.002653 0.007225 0.009992 0.003737 -0.000617 0.005403 0.022582 0.036315 0.033710 0.017255 0.006274 0.003556 0.001503 0.000000 0.000000 0.000000 0.000000 0.000000 0.000000 0.000000 0.000000 0.000000 0.000000 
0.000000 0.000000 0.000000 0.000000 0.000000 0.000000 0.000000 0.000000 0.000152 0.000977 0.002419 0.012823 0.025453 0.007275 -0.015926 0.009699 0.053283 0.101055 0.131215 0.148569 0.138421 0.134817 0.091166 0.030039 0.006234 0.002665 0.000532 0.000000 0.000000 0.000000 0.000000 0.000000 0.000000 0.000000 0.000000 
0.000000 0.000000 0.000000 0.000000 0.000000 0.000000 0.000000 0.000132 0.001197 0.003429 0.024541 0.031259 -0.018332 -0.044642 -0.003248 0.064222 0.120144 0.167728 0.210630 0.250493 0.268482 0.259763 0.223617 0.163633 0.064516 0.008315 0.003048 0.000572 0.000000 0.000000 0.000000 0.000000 0.000000 0.000000 0.000000 
0.000000 0.000000 0.000000 0.000000 0.000000 0.000000 0.000114 0.000976 0.003137 0.025473 0.036654 -0.028331 -0.091125 -0.042314 0.029719 0.082764 0.124776 0.162128 0.195277 0.230741 0.272182 0.308133 0.313876 0.297415 0.200585 0.068347 0.007311 0.002350 0.000380 0.000000 0.000000 0.000000 0.000000 0.000000 0.000000 
0.000000 0.000000 0.000000 0.000000 0.000000 -0.000055 0.000289 0.001666 0.015312 0.045426 -0.016518 -0.122025 -0.091487 -0.010491 0.050583 0.095374 0.130636 0.159723 0.186961 0.215579 0.248032 0.286546 0.324769 0.332963 0.323792 0.192415 0.038500 0.003911 0.000850 0.000051 0.000000 0.000000 0.000000 0.000000 0.000000 
0.000000 0.000000 0.000000 0.000000 -0.000212 -0.000722 -0.000388 0.001631 0.032936 0.022116 -0.096561 -0.135253 -0.044866 0.024637 0.067536 0.102631 0.132984 0.157224 0.179673 0.200769 0.222205 0.229100 0.249694 0.270271 0.298409 0.271283 0.101430 0.003780 -0.000244 -0.000904 -0.000277 0.000000 0.000000 0.000000 0.000000 
0.000000 0.000000 0.000000 -0.000408 -0.001639 -0.002747 -0.008230 0.008534 0.086690 0.056633 -0.041856 0.009796 0.098260 0.147771 0.166584 0.155343 0.141311 0.151679 0.159424 0.113038 0.069074 0.059357 0.077015 0.115560 0.133573 0.160820 0.054758 -0.068971 -0.030732 -0.004680 -0.002085 -0.000318 0.000000 0.000000 0.000000 
0.000000 0.000000 0.000000 -0.002019 -0.004411 -0.016491 0.020825 0.147380 0.264459 0.196193 0.116957 0.205866 0.290601 0.334957 0.344913 0.297649 0.238407 0.143799 0.018506 -0.031558 -0.043867 -0.030010 -0.001791 0.040045 0.062076 0.092211 0.009368 -0.204128 -0.184053 -0.070349 -0.007381 -0.002273 0.000000 0.000000 0.000000 
0.000000 0.000000 -0.001506 -0.004589 -0.020567 0.032610 0.207026 0.355174 0.397364 0.243484 0.137199 0.223862 0.311091 0.395092 0.453883 0.470462 0.374482 0.135388 -0.043295 -0.086200 -0.070507 -0.047691 -0.019330 0.022247 0.054546 0.091279 0.030761 -0.231666 -0.329537 -0.236007 -0.079311 -0.006432 -0.001510 0.000000 0.000000 
0.000000 0.000000 -0.003537 -0.018969 0.017858 0.227544 0.379917 0.401591 0.331872 0.140986 0.042158 0.131856 0.212042 0.281811 0.356393 0.432734 0.386926 0.236081 0.072699 -0.066195 -0.090023 -0.073928 -0.045538 -0.002145 0.038062 0.080803 0.040178 -0.208452 -0.349898 -0.368939 -0.236287 -0.044826 -0.004189 0.000000 0.000000 
0.000000 -0.001196 -0.006463 -0.021846 0.168413 0.397001 0.376902 0.337992 0.287778 0.108099 0.001154 0.088770 0.169099 0.235502 0.287803 0.261110 0.225528 0.318418 0.249035 0.003973 -0.111733 -0.092274 -0.058459 -0.010962 0.031601 0.075285 0.025042 -0.222464 -0.336292 -0.383881 -0.363662 -0.164588 -0.009003 -0.001211 0.000000 
0.000000 -0.002598 -0.016861 0.045089 0.346281 0.417599 0.339929 0.289724 0.264188 0.103607 -0.022978 0.047949 0.131343 0.199124 0.228875 0.153199 0.132861 0.240713 0.322749 0.146810 -0.093356 -0.098066 -0.058721 -0.006749 0.038032 0.076674 -0.007944 -0.270058 -0.345978 -0.366655 -0.417033 -0.289094 -0.034616 -0.002868 0.000000 
0.000000 -0.003876 -0.028955 0.151968 0.445174 0.397800 0.309842 0.251360 0.249239 0.136780 -0.015276 0.007227 0.097756 0.171943 0.183224 0.128025 0.127762 0.169739 0.298367 0.276953 -0.046683 -0.105165 -0.051642 0.004820 0.052925 0.070600 -0.076132 -0.326169 -0.356012 -0.373089 -0.413943 -0.361811 -0.100538 -0.004573 0.000000 
0.000000 -0.004916 -0.021329 0.243667 0.477817 0.379844 0.293809 0.234379 0.225150 0.184038 0.041292 -0.012717 0.125421 0.304281 0.407213 0.466862 0.499264 0.538874 0.603355 0.630683 0.214062 -0.049286 -0.046879 0.008997 0.065265 0.025501 -0.189892 -0.345158 -0.364049 -0.382191 -0.414030 -0.384889 -0.152477 -0.005896 0.000000 
0.000000 -0.005576 -0.011116 0.304002 0.482352 0.374325 0.288617 0.230854 0.194033 0.207643 0.158704 0.175476 0.392943 0.663663 0.800105 0.827720 0.767046 0.800475 0.897043 1.045069 0.679531 0.257203 0.121670 0.056094 0.032905 -0.093852 -0.315165 -0.354650 -0.372841 -0.391047 -0.422708 -0.386797 -0.165119 -0.006392 0.000000 
0.000000 -0.005695 -0.010328 0.327341 0.491702 0.382973 0.297393 0.237681 0.195149 0.211094 0.407545 0.576292 0.692302 0.822459 0.868035 0.830787 0.723769 0.769705 0.877252 1.051061 0.819988 0.513958 0.386685 0.201336 -0.047645 -0.283923 -0.351751 -0.365294 -0.381434 -0.399996 -0.434132 -0.378610 -0.139910 -0.005770 0.000000 
0.000000 -0.005178 -0.012702 0.308626 0.513258 0.405302 0.316663 0.256264 0.221564 0.367366 0.623618 0.832035 0.895515 0.879672 0.858242 0.834331 0.689134 0.749384 0.873993 1.045189 0.786541 0.546463 0.477143 0.203111 -0.136690 -0.333288 -0.370073 -0.376444 -0.391500 -0.410397 -0.444695 -0.339381 -0.083655 -0.004286 0.000000 
0.000000 -0.004200 -0.022052 0.243672 0.530522 0.443579 0.352008 0.288106 0.336590 0.564922 0.777825 0.890213 0.932626 0.921170 0.928960 0.909848 0.714499 0.761725 0.895256 0.968778 0.616934 0.379302 0.267938 0.093801 -0.112756 -0.282597 -0.376406 -0.387372 -0.401046 -0.420851 -0.436518 -0.244420 -0.025679 -0.002556 0.000000 
0.000000 -0.003020 -0.026445 0.144795 0.493713 0.496048 0.403007 0.341144 0.494260 0.730065 0.883174 0.927067 0.910915 0.897031 0.919429 0.948056 0.786774 0.712462 0.809390 0.679762 0.278812 0.151574 0.112610 0.071264 -0.061685 -0.228901 -0.358391 -0.396308 -0.409777 -0.430474 -0.359968 -0.101090 0.005062 -0.001161 0.000000 
0.000000 -0.001854 -0.014025 0.041053 0.363753 0.529754 0.472248 0.443835 0.646273 0.864348 0.964276 0.968341 0.938928 0.916410 0.916028 0.988874 0.920956 0.754040 0.668693 0.378690 0.127501 0.092661 0.078835 0.056920 -0.035852 -0.188252 -0.331945 -0.398542 -0.413867 -0.392753 -0.175856 0.004964 0.003501 -0.000310 0.000000 
0.000000 -0.000755 -0.004696 -0.017242 0.169343 0.455473 0.530206 0.566615 0.782590 0.980298 1.044808 1.026955 0.995155 0.973446 0.970435 1.041394 1.138101 0.964766 0.560753 0.212322 0.091498 0.077546 0.065111 0.046138 -0.022152 -0.160265 -0.307043 -0.387059 -0.369021 -0.184867 -0.001748 0.034899 -0.000195 0.000053 0.000000 
0.000000 0.000000 -0.002239 -0.014194 0.022837 0.242893 0.461452 0.634526 0.901451 1.090332 1.140569 1.114107 1.082708 1.065581 1.072586 1.107628 1.155287 0.963794 0.574250 0.259782 0.131216 0.091728 0.073330 0.053589 -0.006341 -0.135849 -0.268575 -0.259445 -0.120874 0.020184 0.059087 0.013005 0.000306 0.000000 0.000000 
0.000000 0.000000 -0.000786 -0.002848 -0.013057 0.044838 0.235512 0.497766 0.876711 1.154839 1.242676 1.226247 1.196426 1.164302 1.107397 1.003763 0.866404 0.762525 0.630737 0.497437 0.377128 0.281212 0.219772 0.186644 0.139732 0.055745 -0.009010 0.007314 0.068499 0.076535 0.030840 0.001102 0.000378 0.000000 0.000000 
0.000000 0.000000 0.000000 -0.000902 -0.002328 -0.005947 0.039248 0.226633 0.619999 0.963924 1.108887 1.111413 1.074305 1.003745 0.900810 0.761653 0.634791 0.562613 0.588151 0.602685 0.577465 0.535274 0.496360 0.465358 0.401450 0.285612 0.172317 0.121588 0.084667 0.033340 0.002130 0.000809 0.000000 0.000000 0.000000 
0.000000 0.000000 0.000000 -0.000036 -0.000367 -0.000304 0.001008 0.048243 0.323136 0.666492 0.851274 0.875876 0.840055 0.779163 0.701418 0.615664 0.545241 0.515127 0.508244 0.549800 0.584800 0.594973 0.586746 0.563013 0.464236 0.306893 0.157582 0.065501 0.020083 0.002273 0.001044 0.000282 0.000000 0.000000 0.000000 
0.000000 0.000000 0.000000 0.000000 0.000147 0.000651 0.002675 0.010244 0.155774 0.447934 0.671628 0.739106 0.710924 0.669616 0.621905 0.586204 0.558369 0.536430 0.520073 0.508349 0.504306 0.517434 0.519364 0.477918 0.336513 0.166385 0.051219 0.005902 0.002158 0.001049 0.000399 0.000000 0.000000 0.000000 0.000000 
0.000000 0.000000 0.000000 0.000000 0.000000 0.000423 0.002007 0.005915 0.050938 0.277836 0.547582 0.694821 0.707091 0.674253 0.644808 0.615863 0.589245 0.566581 0.549274 0.535956 0.523468 0.508510 0.485014 0.373665 0.209693 0.079569 0.013379 0.002395 0.000973 0.000300 0.000000 0.000000 0.000000 0.000000 0.000000 
0.000000 0.000000 0.000000 0.000000 0.000000 0.000000 0.000659 0.003149 0.009300 0.099004 0.342252 0.587896 0.705187 0.701957 0.671999 0.648650 0.623695 0.602608 0.584621 0.568571 0.549569 0.525821 0.427570 0.262937 0.115960 0.027021 0.002852 0.000942 0.000205 0.000000 0.000000 0.000000 0.000000 0.000000 0.000000 
0.000000 0.000000 0.000000 0.000000 0.000000 0.000000 0.000000 0.000655 0.003833 0.010920 0.103426 0.329020 0.554647 0.685527 0.702344 0.676124 0.651890 0.632630 0.612525 0.589951 0.548853 0.440139 0.277396 0.125720 0.031171 0.003355 0.001079 0.000111 0.000000 0.000000 0.000000 0.000000 0.000000 0.000000 0.000000 
0.000000 0.000000 0.000000 0.000000 0.000000 0.000000 0.000000 0.000000 0.000675 0.003453 0.008692 0.054704 0.215778 0.414981 0.564594 0.641907 0.651469 0.635138 0.592158 0.512939 0.370273 0.219856 0.088889 0.018666 0.003065 0.001072 0.000175 0.000000 0.000000 0.000000 0.000000 0.000000 0.000000 0.000000 0.000000 
0.000000 0.000000 0.000000 0.000000 0.000000 0.000000 0.000000 0.000000 0.000000 0.000000 0.002141 0.005546 0.011372 0.043072 0.134911 0.234076 0.288120 0.288336 0.237403 0.156432 0.072351 0.019910 0.005186 0.002264 0.000761 0.000000 0.000000 0.000000 0.000000 0.000000 0.000000 0.000000 0.000000 0.000000 0.000000 
0.000000 0.000000 0.000000 0.000000 0.000000 0.000000 0.000000 0.000000 0.000000 0.000000 0.000000 0.000000 0.001630 0.003757 0.005990 0.008020 0.009183 0.009002 0.007698 0.005669 0.003624 0.001954 0.000743 0.000000 0.000000 0.000000 0.000000 0.000000 0.000000 0.000000 0.000000 0.000000 0.000000 0.000000 0.000000 
0.000000 0.000000 0.000000 0.000000 0.000000 0.000000 0.000000 0.000000 0.000000 0.000000 0.000000 0.000000 0.000000 0.000000 0.000000 0.000000 0.000000 0.000000 0.000000 0.000000 0.000000 0.000000 0.000000 0.000000 0.000000 0.000000 0.000000 0.000000 0.000000 0.000000 0.000000 0.000000 0.000000 0.000000 0.000000 
