-0.000000 -0.000000 -0.000000 -0.000000 -0.000000 -0.000000 -0.000000 -0.000000 -0.000000 -0.000000 -0.000000 -0.000000 -0.000000 -0.000000 -0.000000 -0.000000 -0.000000 -0.000000 -0.000000 -0.000000 -0.000000 -0.000000 -0.000000 -0.000000 -0.000000 -0.000000 -0.000000 -0.000000 -0.000000 -0.000000 -0.000000 -0.000000 -0.000000 -0.000000 -0.000000 
-0.000000 -0.000000 -0.000000 -0.000000 -0.000000 -0.000000 -0.000000 -0.000000 -0.000000 -0.000000 -0.000000 -0.000000 -0.000166 -0.000390 -0.000641 -0.000895 -0.001098 -0.001176 -0.001098 -0.000895 -0.000641 -0.000390 -0.000166 -0.000000 -0.000000 -0.000000 -0.000000 -0.000000 -0.000000 -0.000000 -0.000000 -0.000000 -0.000000 -0.000000 -0.000000 
-0.000000 -0.000000 -0.000000 -0.000000 -0.000000 -0.000000 -0.000000 -0.000000 -0.000000 -0.000000 -0.000268 -0.000668 -0.001359 -0.005183 -0.016944 -0.031475 -0.043330 -0.048371 -0.043330 -0.031475 -0.016944 -0.005183 -0.001359 -0.000668 -0.000268 -0.000000 -0.000000 -0.000000 -0.000000 -0.000000 -0.000000 -0.000000 -0.000000 -0.000000 -0.000000 
-0.000000 -0.000000 -0.000000 -0.000000 -0.000000 -0.000000 -0.000000 -0.000000 -0.000118 -0.000532 -0.001226 -0.006984 -0.027978 -0.060353 -0.097602 -0.132246 -0.153674 -0.160818 -0.153674 -0.132246 -0.097602 -0.060353 -0.027978 -0.006984 -0.001226 -0.000532 -0.000118 -0.000000 -0.000000 -0.000000 -0.000000 -0.000000 -0.000000 -0.000000 -0.000000 
-0.000000 -0.000000 -0.000000 -0.000000 -0.000000 -0.000000 -0.000000 -0.000173 -0.000689 -0.001684 -0.013239 -0.044600 -0.090792 -0.145050 -0.188499 -0.209437 -0.216017 -0.217154 -0.216017 -0.209437 -0.188499 -0.145050 -0.090792 -0.044600 -0.013239 -0.001684 -0.000689 -0.000173 -0.000000 -0.000000 -0.000000 -0.000000 -0.000000 -0.000000 -0.000000 
-0.000000 -0.000000 -0.000000 -0.000000 -0.000000 -0.000000 -0.000206 -0.000744 -0.001744 -0.012881 -0.047447 -0.101220 -0.155928 -0.196702 -0.208232 -0.209074 -0.208734 -0.208473 -0.208734 -0.209074 -0.208232 -0.196702 -0.155928 -0.101220 -0.047447 -0.012881 -0.001744 -0.000744 -0.000206 -0.000000 -0.000000 -0.000000 -0.000000 -0.000000 -0.000000 
-0.000000 -0.000000 -0.000000 -0.000000 -0.000000 -0.000206 -0.000759 -0.001687 -0.007671 -0.038445 -0.091546 -0.145937 -0.190948 -0.201616 -0.201271 -0.199506 -0.198048 -0.197373 -0.198048 -0.199506 -0.201271 -0.201616 -0.190948 -0.145937 -0.091546 -0.038445 -0.007671 -0.001687 -0.000759 -0.000206 -0.000000 -0.000000 -0.000000 -0.000000 -0.000000 
-0.000000 -0.000000 -0.000000 -0.000000 -0.000173 -0.000744 -0.001685 -0.003777 -0.025288 -0.077928 -0.136285 -0.188843 -0.209442 -0.204508 -0.195526 -0.191138 -0.188783 -0.187965 -0.188783 -0.191138 -0.195526 -0.204508 -0.209442 -0.188843 -0.136285 -0.077928 -0.025288 -0.003777 -0.001685 -0.000744 -0.000173 -0.000000 -0.000000 -0.000000 -0.000000 
-0.000000 -0.000000 -0.000000 -0.000118 -0.000688 -0.001743 -0.007631 -0.025410 -0.075301 -0.142834 -0.202563 -0.248567 -0.250821 -0.242275 -0.226356 -0.205642 -0.186423 -0.182237 -0.186423 -0.205642 -0.226356 -0.242275 -0.250821 -0.248567 -0.202563 -0.142834 -0.075301 -0.025410 -0.007631 -0.001743 -0.000688 -0.000118 -0.000000 -0.000000 -0.000000 
-0.000000 -0.000000 -0.000000 -0.000533 -0.001689 -0.012873 -0.038479 -0.077905 -0.142944 -0.208801 -0.267332 -0.299377 -0.298092 -0.288851 -0.271556 -0.248210 -0.220119 -0.201571 -0.220119 -0.248210 -0.271556 -0.288851 -0.298092 -0.299377 -0.267332 -0.208801 -0.142944 -0.077905 -0.038479 -0.012873 -0.001689 -0.000533 -0.000000 -0.000000 -0.000000 
-0.000000 -0.000000 -0.000266 -0.001229 -0.013230 -0.047418 -0.091471 -0.136193 -0.202680 -0.267194 -0.325894 -0.349168 -0.347716 -0.339181 -0.323380 -0.300463 -0.281894 -0.280788 -0.281894 -0.300463 -0.323380 -0.339181 -0.347716 -0.349168 -0.325894 -0.267194 -0.202680 -0.136193 -0.091471 -0.047418 -0.013230 -0.001229 -0.000266 -0.000000 -0.000000 
-0.000000 -0.000000 -0.000670 -0.006841 -0.044725 -0.101318 -0.145828 -0.188751 -0.248621 -0.299374 -0.349537 -0.366799 -0.366774 -0.365502 -0.362499 -0.359305 -0.375481 -0.387918 -0.375481 -0.359305 -0.362499 -0.365502 -0.366774 -0.366799 -0.349537 -0.299374 -0.248621 -0.188751 -0.145828 -0.101318 -0.044725 -0.006841 -0.000670 -0.000000 -0.000000 
-0.000000 -0.000166 -0.001362 -0.027863 -0.090719 -0.156219 -0.190906 -0.209622 -0.250937 -0.298036 -0.348031 -0.366820 -0.367684 -0.368123 -0.370967 -0.402389 -0.468467 -0.500705 -0.468467 -0.402389 -0.370967 -0.368123 -0.367684 -0.366820 -0.348031 -0.298036 -0.250937 -0.209622 -0.190906 -0.156219 -0.090719 -0.027863 -0.001362 -0.000166 -0.000000 
-0.000000 -0.000391 -0.005188 -0.060605 -0.145032 -0.196623 -0.201622 -0.204359 -0.242455 -0.288732 -0.339279 -0.365543 -0.368072 -0.369849 -0.380900 -0.444725 -0.535872 -0.575826 -0.535872 -0.444725 -0.380900 -0.369849 -0.368072 -0.365543 -0.339279 -0.288732 -0.242455 -0.204359 -0.201622 -0.196623 -0.145032 -0.060605 -0.005188 -0.000391 -0.000000 
-0.000000 -0.000640 -0.016843 -0.097118 -0.188346 -0.208248 -0.201222 -0.195650 -0.226435 -0.271113 -0.323448 -0.362272 -0.370709 -0.380701 -0.418360 -0.531575 -0.634226 -0.663022 -0.634226 -0.531575 -0.418360 -0.380701 -0.370709 -0.362272 -0.323448 -0.271113 -0.226435 -0.195650 -0.201222 -0.208248 -0.188346 -0.097118 -0.016843 -0.000640 -0.000000 
-0.000000 -0.000896 -0.031619 -0.132375 -0.209419 -0.209036 -0.199499 -0.191151 -0.206156 -0.248572 -0.300842 -0.359398 -0.402754 -0.444944 -0.531668 -0.673069 -0.767912 -0.779639 -0.767912 -0.673069 -0.531668 -0.444944 -0.402754 -0.359398 -0.300842 -0.248572 -0.206156 -0.191151 -0.199499 -0.209036 -0.209419 -0.132375 -0.031619 -0.000896 -0.000000 
-0.000000 -0.001101 -0.043352 -0.153603 -0.215944 -0.208603 -0.198053 -0.188866 -0.186630 -0.220466 -0.282017 -0.375278 -0.468581 -0.536310 -0.634289 -0.767907 -0.832151 -0.834487 -0.832151 -0.767907 -0.634289 -0.536310 -0.468581 -0.375278 -0.282017 -0.220466 -0.186630 -0.188866 -0.198053 -0.208603 -0.215944 -0.153603 -0.043352 -0.001101 -0.000000 
-0.000000 -0.001172 -0.048086 -0.160878 -0.217086 -0.208490 -0.197457 -0.188085 -0.182278 -0.201696 -0.281167 -0.387882 -0.501049 -0.575762 -0.662943 -0.779737 -0.834708 -0.837559 -0.834708 -0.779737 -0.662943 -0.575762 -0.501049 -0.387882 -0.281167 -0.201696 -0.182278 -0.188085 -0.197457 -0.208490 -0.217086 -0.160878 -0.048086 -0.001172 -0.000000 
-0.000000 -0.001101 -0.043352 -0.153603 -0.215944 -0.208603 -0.198053 -0.188866 -0.186630 -0.220466 -0.282017 -0.375278 -0.468581 -0.536310 -0.634289 -0.767907 -0.832151 -0.834487 -0.832151 -0.767907 -0.634289 -0.536310 -0.468581 -0.375278 -0.282017 -0.220466 -0.186630 -0.188866 -0.198053 -0.208603 -0.215944 -0.153603 -0.043352 -0.001101 -0.000000 
-0.000000 -0.000896 -0.031619 -0.132375 -0.209419 -0.209036 -0.199499 -0.191151 -0.206156 -0.248572 -0.300842 -0.359398 -0.402754 -0.444944 -0.531668 -0.673069 -0.767912 -0.779639 -0.767912 -0.673069 -0.531668 -0.444944 -0.402754 -0.359398 -0.300842 -0.248572 -0.206156 -0.191151 -0.199499 -0.209036 -0.209419 -0.132375 -0.031619 -0.000896 -0.000000 
-0.000000 -0.000640 -0.016843 -0.097118 -0.188346 -0.208248 -0.201222 -0.195650 -0.226435 -0.271113 -0.323448 -0.362272 -0.370709 -0.380701 -0.418360 -0.531575 -0.634226 -0.663022 -0.634226 -0.531575 -0.418360 -0.380701 -0.370709 -0.362272 -0.323448 -0.271113 -0.226435 -0.195650 -0.201222 -0.208248 -0.188346 -0.097118 -0.016843 -0.000640 -0.000000 
-0.000000 -0.000391 -0.005188 -0.060605 -0.145032 -0.196623 -0.201622 -0.204359 -0.242455 -0.288732 -0.339279 -0.365543 -0.368072 -0.369849 -0.380900 -0.444725 -0.535872 -0.575826 -0.535872 -0.444725 -0.380900 -0.369849 -0.368072 -0.365543 -0.339279 -0.288732 -0.242455 -0.204359 -0.201622 -0.196623 -0.145032 -0.060605 -0.005188 -0.000391 -0.000000 
-0.000000 -0.000166 -0.001362 -0.027863 -0.090719 -0.156219 -0.190906 -0.209622 -0.250937 -0.298036 -0.348031 -0.366820 -0.367684 -0.368123 -0.370967 -0.402389 -0.468467 -0.500705 -0.468467 -0.402389 -0.370967 -0.368123 -0.367684 -0.366820 -0.348031 -0.298036 -0.250937 -0.209622 -0.190906 -0.156219 -0.090719 -0.027863 -0.001362 -0.000166 -0.000000 
-0.000000 -0.000000 -0.000670 -0.006841 -0.044725 -0.101318 -0.145828 -0.188751 -0.248621 -0.299374 -0.349537 -0.366799 -0.366774 -0.365502 -0.362499 -0.359305 -0.375481 -0.387918 -0.375481 -0.359305 -0.362499 -0.365502 -0.366774 -0.366799 -0.349537 -0.299374 -0.248621 -0.188751 -0.145828 -0.101318 -0.044725 -0.006841 -0.000670 -0.000000 -0.000000 
-0.000000 -0.000000 -0.000266 -0.001229 -0.013230 -0.047418 -0.091471 -0.136193 -0.202680 -0.267194 -0.325894 -0.349168 -0.347716 -0.339181 -0.323380 -0.300463 -0.281894 -0.280788 -0.281894 -0.300463 -0.323380 -0.339181 -0.347716 -0.349168 -0.325894 -0.267194 -0.202680 -0.136193 -0.091471 -0.047418 -0.013230 -0.001229 -0.000266 -0.000000 -0.000000 
-0.000000 -0.000000 -0.000000 -0.000533 -0.001689 -0.012873 -0.038479 -0.077905 -0.142944 -0.208801 -0.267332 -0.299377 -0.298092 -0.288851 -0.271556 -0.248210 -0.220119 -0.201571 -0.220119 -0.248210 -0.271556 -0.288851 -0.298092 -0.299377 -0.267332 -0.208801 -0.142944 -0.077905 -0.038479 -0.012873 -0.001689 -0.000533 -0.000000 -0.000000 -0.000000 
-0.000000 -0.000000 -0.000000 -0.000118 -0.000688 -0.001743 -0.007631 -0.025410 -0.075301 -0.142834 -0.202563 -0.248567 -0.250821 -0.242275 -0.226356 -0.205642 -0.186423 -0.182237 -0.186423 -0.205642 -0.226356 -0.242275 -0.250821 -0.248567 -0.202563 -0.142834 -0.075301 -0.025410 -0.007631 -0.001743 -0.000688 -0.000118 -0.000000 -0.000000 -0.000000 
-0.000000 -0.000000 -0.000000 -0.000000 -0.000173 -0.000744 -0.001685 -0.003777 -0.025288 -0.077928 -0.136285 -0.188843 -0.209442 -0.204508 -0.195526 -0.191138 -0.188783 -0.187965 -0.188783 -0.191138 -0.195526 -0.204508 -0.209442 -0.188843 -0.136285 -0.077928 -0.025288 -0.003777 -0.001685 -0.000744 -0.000173 -0.000000 -0.000000 -0.000000 -0.000000 
-0.000000 -0.000000 -0.000000 -0.000000 -0.000000 -0.000206 -0.000759 -0.001687 -0.007671 -0.038445 -0.091546 -0.145937 -0.190948 -0.201616 -0.201271 -0.199506 -0.198048 -0.197373 -0.198048 -0.199506 -0.201271 -0.201616 -0.190948 -0.145937 -0.091546 -0.038445 -0.007671 -0.001687 -0.000759 -0.000206 -0.000000 -0.000000 -0.000000 -0.000000 -0.000000 
-0.000000 -0.000000 -0.000000 -0.000000 -0.000000 -0.000000 -0.000206 -0.000744 -0.001744 -0.012881 -0.047447 -0.101220 -0.155928 -0.196702 -0.208232 -0.209074 -0.208734 -0.208473 -0.208734 -0.209074 -0.208232 -0.196702 -0.155928 -0.101220 -0.047447 -0.012881 -0.001744 -0.000744 -0.000206 -0.000000 -0.000000 -0.000000 -0.000000 -0.000000 -0.000000 
-0.000000 -0.000000 -0.000000 -0.000000 -0.000000 -0.000000 -0.000000 -0.000173 -0.000689 -0.001684 -0.013239 -0.044600 -0.090792 -0.145050 -0.188499 -0.209437 -0.216017 -0.217154 -0.216017 -0.209437 -0.188499 -0.145050 -0.090792 -0.044600 -0.013239 -0.001684 -0.000689 -0.000173 -0.000000 -0.000000 -0.000000 -0.000000 -0.000000 -0.000000 -0.000000 
-0.000000 -0.000000 -0.000000 -0.000000 -0.000000 -0.000000 -0.000000 -0.000000 -0.000118 -0.000532 -0.001226 -0.006984 -0.027978 -0.060353 -0.097602 -0.132246 -0.153674 -0.160818 -0.153674 -0.132246 -0.097602 -0.060353 -0.027978 -0.006984 -0.001226 -0.000532 -0.000118 -0.000000 -0.000000 -0.000000 -0.000000 -0.000000 -0.000000 -0.000000 -0.000000 
-0.000000 -0.000000 -0.000000 -0.000000 -0.000000 -0.000000 -0.000000 -0.000000 -0.000000 -0.000000 -0.000268 -0.000668 -0.001359 -0.005183 -0.016944 -0.031475 -0.043330 -0.048371 -0.043330 -0.031475 -0.016944 -0.005183 -0.001359 -0.000668 -0.000268 -0.000000 -0.000000 -0.000000 -0.000000 -0.000000 -0.000000 -0.000000 -0.000000 -0.000000 -0.000000 
-0.000000 -0.000000 -0.000000 -0.000000 -0.000000 -0.000000 -0.000000 -0.000000 -0.000000 -0.000000 -0.000000 -0.000000 -0.000166 -0.000390 -0.000641 -0.000895 -0.001098 -0.001176 -0.001098 -0.000895 -0.000641 -0.000390 -0.000166 -0.000000 -0.000000 -0.000000 -0.000000 -0.000000 -0.000000 -0.000000 -0.000000 -0.000000 -0.000000 -0.000000 -0.000000 
-0.000000 -0.000000 -0.000000 -0.000000 -0.000000 -0.000000 -0.000000 -0.000000 -0.000000 -0.000000 -0.000000 -0.000000 -0.000000 -0.000000 -0.000000 -0.000000 -0.000000 -0.000000 -0.000000 -0.000000 -0.000000 -0.000000 -0.000000 -0.000000 -0.000000 -0.000000 -0.000000 -0.000000 -0.000000 -0.000000 -0.000000 -0.000000 -0.000000 -0.000000 -0.000000 
